Name: ammobox
Transform: [-0.00220926, 0.0387037, 0.00233622]
Rotation: [0, 0, 0, 1]
Scale: [1, 1, 1]
LOD: 0
Animation data
[]
[]
[]
SubObjects: [ ]
Shading Data:
Diffuse_Color: [0.4, 0.4, 0.4, 1]
Ambient: [0, 0, 0, 0]
Emmision_Color: [0, 0, 0, 0]
Specular_Color: [0, 0, 0, 1]
Shininess: 0
Texture: ammo
Number of Vertices: 72
[0: [-0.366556, -0.0268209, 0.768682, 1], 
 1: [0.366556, -0.0268209, 0.768682, 1], 
 2: [-0.366556, 0.472056, 0.768682, 1], 
 3: [0.366556, 0.472056, 0.768682, 1], 
 4: [-0.366556, 0.472056, -0.768682, 1], 
 5: [0.366556, 0.472056, -0.768682, 1], 
 6: [-0.366556, -0.0268209, -0.768682, 1], 
 7: [0.366556, -0.0268209, -0.768682, 1], 
 8: [-0.366556, -0.0268209, 0.768682, 1], 
 9: [-0.366556, -0.0268209, 0.768682, 1], 
 10: [0.366556, -0.0268209, 0.768682, 1], 
 11: [0.366556, -0.0268209, 0.768682, 1], 
 12: [-0.366556, 0.472056, 0.768682, 1], 
 13: [-0.366556, 0.472056, 0.768682, 1], 
 14: [0.366556, 0.472056, 0.768682, 1], 
 15: [0.366556, 0.472056, 0.768682, 1], 
 16: [-0.366556, 0.472056, -0.768682, 1], 
 17: [-0.366556, 0.472056, -0.768682, 1], 
 18: [0.366556, 0.472056, -0.768682, 1], 
 19: [0.366556, 0.472056, -0.768682, 1], 
 20: [-0.366556, -0.0268209, -0.768682, 1], 
 21: [-0.366556, -0.0268209, -0.768682, 1], 
 22: [0.366556, -0.0268209, -0.768682, 1], 
 23: [0.366556, -0.0268209, -0.768682, 1], 
 24: [-0.417082, -0.0612028, 0.475109, 1], 
 25: [0.417082, -0.0612028, 0.475109, 1], 
 26: [-0.417082, 0.506438, 0.475109, 1], 
 27: [0.417082, 0.506438, 0.475109, 1], 
 28: [-0.417082, 0.506438, 0.267653, 1], 
 29: [0.417082, 0.506438, 0.267653, 1], 
 30: [-0.417082, -0.0612028, 0.267653, 1], 
 31: [0.417082, -0.0612028, 0.267653, 1], 
 32: [-0.417082, -0.0612028, 0.475109, 1], 
 33: [-0.417082, -0.0612028, 0.475109, 1], 
 34: [0.417082, -0.0612028, 0.475109, 1], 
 35: [0.417082, -0.0612028, 0.475109, 1], 
 36: [-0.417082, 0.506438, 0.475109, 1], 
 37: [-0.417082, 0.506438, 0.475109, 1], 
 38: [0.417082, 0.506438, 0.475109, 1], 
 39: [0.417082, 0.506438, 0.475109, 1], 
 40: [-0.417082, 0.506438, 0.267653, 1], 
 41: [-0.417082, 0.506438, 0.267653, 1], 
 42: [0.417082, 0.506438, 0.267653, 1], 
 43: [0.417082, 0.506438, 0.267653, 1], 
 44: [-0.417082, -0.0612028, 0.267653, 1], 
 45: [-0.417082, -0.0612028, 0.267653, 1], 
 46: [0.417082, -0.0612028, 0.267653, 1], 
 47: [0.417082, -0.0612028, 0.267653, 1], 
 48: [-0.417082, -0.0612028, -0.299768, 1], 
 49: [0.417082, -0.0612028, -0.299768, 1], 
 50: [-0.417082, 0.506438, -0.299768, 1], 
 51: [0.417082, 0.506438, -0.299768, 1], 
 52: [-0.417082, 0.506438, -0.507224, 1], 
 53: [0.417082, 0.506438, -0.507224, 1], 
 54: [-0.417082, -0.0612028, -0.507224, 1], 
 55: [0.417082, -0.0612028, -0.507224, 1], 
 56: [-0.417082, -0.0612028, -0.299768, 1], 
 57: [-0.417082, -0.0612028, -0.299768, 1], 
 58: [0.417082, -0.0612028, -0.299768, 1], 
 59: [0.417082, -0.0612028, -0.299768, 1], 
 60: [-0.417082, 0.506438, -0.299768, 1], 
 61: [-0.417082, 0.506438, -0.299768, 1], 
 62: [0.417082, 0.506438, -0.299768, 1], 
 63: [0.417082, 0.506438, -0.299768, 1], 
 64: [-0.417082, 0.506438, -0.507224, 1], 
 65: [-0.417082, 0.506438, -0.507224, 1], 
 66: [0.417082, 0.506438, -0.507224, 1], 
 67: [0.417082, 0.506438, -0.507224, 1], 
 68: [-0.417082, -0.0612028, -0.507224, 1], 
 69: [-0.417082, -0.0612028, -0.507224, 1], 
 70: [0.417082, -0.0612028, -0.507224, 1], 
 71: [0.417082, -0.0612028, -0.507224, 1]]
Number of polygons: 36
Polygon Connection List
[0: [9, 11, 13], 
1: [11, 15, 13], 
2: [12, 3, 17], 
3: [3, 19, 17], 
4: [16, 5, 21], 
5: [5, 23, 21], 
6: [20, 7, 8], 
7: [7, 1, 8], 
8: [10, 22, 14], 
9: [22, 18, 14], 
10: [6, 0, 4], 
11: [0, 2, 4], 
12: [33, 35, 37], 
13: [35, 39, 37], 
14: [36, 27, 41], 
15: [27, 43, 41], 
16: [40, 29, 45], 
17: [29, 47, 45], 
18: [44, 31, 32], 
19: [31, 25, 32], 
20: [34, 46, 38], 
21: [46, 42, 38], 
22: [30, 24, 28], 
23: [24, 26, 28], 
24: [57, 59, 61], 
25: [59, 63, 61], 
26: [60, 51, 65], 
27: [51, 67, 65], 
28: [64, 53, 69], 
29: [53, 71, 69], 
30: [68, 55, 56], 
31: [55, 49, 56], 
32: [58, 70, 62], 
33: [70, 66, 62], 
34: [54, 48, 52], 
35: [48, 50, 52]]
Per Vertex Normals
[0: [-1, -2.98232e-008, 0], 
 1: [0, -1, 1.44213e-009], 
 2: [-1, -4.96654e-008, 0], 
 3: [0, 1, 5.456e-009], 
 4: [-1, 2.98232e-008, 0], 
 5: [-7.87002e-008, 0, -1], 
 6: [-1, 4.96654e-008, 0], 
 7: [0, -1, -6.2509e-010], 
 8: [0, -1, 6.2509e-010], 
 9: [-7.7968e-008, 0, 1], 
 10: [1, 4.96654e-008, 0], 
 11: [-7.7968e-008, 0, 1], 
 12: [0, 1, 1.25874e-008], 
 13: [-7.7968e-008, 0, 1], 
 14: [1, 2.98232e-008, 0], 
 15: [-7.7968e-008, 0, 1], 
 16: [-7.87002e-008, 0, -1], 
 17: [0, 1, -5.456e-009], 
 18: [1, -4.96654e-008, 0], 
 19: [0, 1, -1.25874e-008], 
 20: [0, -1, -1.44213e-009], 
 21: [-7.87002e-008, 0, -1], 
 22: [1, -2.98232e-008, 0], 
 23: [-7.87002e-008, 0, -1], 
 24: [-1, 2.08231e-008, 0], 
 25: [0, -1, 1.71875e-008], 
 26: [-1, -3.75957e-008, 0], 
 27: [0, 1, 1.02218e-007], 
 28: [-1, -2.08231e-008, 0], 
 29: [-2.8417e-008, 0, -1], 
 30: [-1, 3.75958e-008, 0], 
 31: [0, -1, 1.18532e-008], 
 32: [0, -1, -1.18532e-008], 
 33: [-4.46853e-008, 0, 1], 
 34: [1, 3.75958e-008, 0], 
 35: [-4.46853e-008, 0, 1], 
 36: [0, 1, -1.48219e-007], 
 37: [-4.46853e-008, 0, 1], 
 38: [1, -2.08231e-008, 0], 
 39: [-4.46853e-008, 0, 1], 
 40: [-2.8417e-008, 0, -1], 
 41: [0, 1, -1.02218e-007], 
 42: [1, -3.75958e-008, 0], 
 43: [0, 1, 1.48219e-007], 
 44: [0, -1, -1.71875e-008], 
 45: [-2.8417e-008, 0, -1], 
 46: [1, 2.08231e-008, 0], 
 47: [-2.8417e-008, 0, -1], 
 48: [-1, 2.08231e-008, 0], 
 49: [0, -1, 1.71875e-008], 
 50: [-1, -3.75958e-008, 0], 
 51: [0, 1, 1.02218e-007], 
 52: [-1, -2.08231e-008, 0], 
 53: [-4.25755e-008, 0, -1], 
 54: [-1, 3.75958e-008, 0], 
 55: [0, -1, 1.18532e-008], 
 56: [0, -1, -1.18532e-008], 
 57: [-3.05268e-008, 0, 1], 
 58: [1, 3.75958e-008, 0], 
 59: [-3.05268e-008, 0, 1], 
 60: [0, 1, -1.48219e-007], 
 61: [-3.05268e-008, 0, 1], 
 62: [1, -2.08231e-008, 0], 
 63: [-3.05268e-008, 0, 1], 
 64: [-4.25755e-008, 0, -1], 
 65: [0, 1, -1.02218e-007], 
 66: [1, -3.75958e-008, 0], 
 67: [0, 1, 1.48219e-007], 
 68: [0, -1, -1.71875e-008], 
 69: [-4.25755e-008, 0, -1], 
 70: [1, 2.08231e-008, 0], 
 71: [-4.25755e-008, 0, -1]]
Texture Coordinates
[0: [0, 0],
1: [1, 4],
2: [0, 1],
3: [1, 1],
4: [-1, 1],
5: [1, 2],
6: [-1, 0],
7: [1, 3],
8: [0, 4],
9: [0, 0],
10: [1, 0],
11: [1, 0],
12: [0, 1],
13: [0, 1],
14: [1, 1],
15: [1, 1],
16: [0, 2],
17: [0, 2],
18: [2, 1],
19: [1, 2],
20: [0, 3],
21: [0, 3],
22: [2, 0],
23: [1, 3],
24: [0, 0],
25: [1, 4],
26: [0, 1],
27: [1, 1],
28: [-1, 1],
29: [1, 2],
30: [-1, 0],
31: [1, 3],
32: [0, 4],
33: [0, 0],
34: [1, 0],
35: [1, 0],
36: [0, 1],
37: [0, 1],
38: [1, 1],
39: [1, 1],
40: [0, 2],
41: [0, 2],
42: [2, 1],
43: [1, 2],
44: [0, 3],
45: [0, 3],
46: [2, 0],
47: [1, 3],
48: [0, 0],
49: [1, 4],
50: [0, 1],
51: [1, 1],
52: [-1, 1],
53: [1, 2],
54: [-1, 0],
55: [1, 3],
56: [0, 4],
57: [0, 0],
58: [1, 0],
59: [1, 0],
60: [0, 1],
61: [0, 1],
62: [1, 1],
63: [1, 1],
64: [0, 2],
65: [0, 2],
66: [2, 1],
67: [1, 2],
68: [0, 3],
69: [0, 3],
70: [2, 0],
71: [1, 3]]
