Name: base
Transform: [0, 0, 0]
Rotation: [0, 0, 0, 1]
Scale: [1, 1, 1]
LOD: 0
Animation data
[]
[]
[]
SubObjects: [ ]
Shading Data:
Diffuse_Color: [1, 1, 1, 1]
Ambient: [0, 0, 0, 0]
Emmision_Color: [0, 0, 0, 0]
Specular_Color: [1, 1, 1, 1]
Shininess: 80
Texture: base
Number of Vertices: 438
[0: [-8.24597, 19.4276, -9.22831, 1], 
 1: [-8.24597, 19.4276, -9.71999, 1], 
 2: [-8.24597, 18.4276, -9.71999, 1], 
 3: [-8.24597, 18.4276, -9.22831, 1], 
 4: [-6.09004, 18.4276, -9.22831, 1], 
 5: [-6.09004, 18.4276, -9.71999, 1], 
 6: [-6.09004, 19.4276, -9.71999, 1], 
 7: [-6.09004, 19.4276, -9.22831, 1], 
 8: [9.94959, 18.4276, 8.5405, 1], 
 9: [9.94959, 18.4276, 7.5405, 1], 
 10: [9.94959, 19.4276, 7.5405, 1], 
 11: [9.94959, 19.4276, 8.5405, 1], 
 12: [9.22832, 18.4276, 7.5405, 1], 
 13: [9.22832, 18.4276, 8.5405, 1], 
 14: [9.22832, 19.4276, 7.5405, 1], 
 15: [9.22832, 19.4276, 8.5405, 1], 
 16: [-8.24597, 21.4484, 9.22832, 1], 
 17: [-8.24597, 20.5212, 9.63507, 1], 
 18: [-8.24597, 21.5212, 9.63507, 1], 
 19: [-8.24597, 21.5212, 9.22832, 1], 
 20: [-8.24597, 20.5212, 9.22832, 1], 
 21: [-6.09004, 21.5212, 9.22832, 1], 
 22: [-6.09004, 21.5212, 9.63507, 1], 
 23: [-6.09004, 20.594, 9.22832, 1], 
 24: [-6.09004, 20.5212, 9.63507, 1], 
 25: [-6.09004, 20.5212, 9.22832, 1], 
 26: [-6.24694, 20.5212, 9.22832, 1], 
 27: [-8.08907, 21.5212, 9.22832, 1], 
 28: [5.42425, 3.77668, 8.13656, 1], 
 29: [5.42425, -2.58966e-006, 8.96122, 1], 
 30: [8.96123, -2.43567e-006, 8.96122, 1], 
 31: [5.51268, 15.7932, 5.51268, 1], 
 32: [-5.51268, 15.7932, 5.51268, 1], 
 33: [-8.96123, -1.35515e-006, 8.96122, 1], 
 34: [-5.42425, -1.9845e-006, 8.96122, 1], 
 35: [-5.42425, 3.77668, 8.13656, 1], 
 36: [-9.22832, 22.7221, 9.22832, 1], 
 37: [9.22832, 22.7221, 9.22832, 1], 
 38: [9.22832, 22.7221, -9.22831, 1], 
 39: [-9.22832, 22.7221, -9.22831, 1], 
 40: [-5.51268, 15.7932, -5.51268, 1], 
 41: [5.51268, 15.7932, -5.51268, 1], 
 42: [8.96123, -1.43492e-006, -8.96122, 1], 
 43: [-8.96123, 8.86088e-007, -8.96123, 1], 
 44: [8.96122, -1.38875e-006, 8.96123, 1], 
 45: [8.96122, -5.77381e-007, -8.96123, 1], 
 46: [5.51268, 15.7932, -5.51268, 1], 
 47: [5.51268, 15.7932, 5.51268, 1], 
 48: [-8.96122, -7.3387e-007, -8.96123, 1], 
 49: [-8.96123, -9.72479e-008, 8.96123, 1], 
 50: [-5.51268, 15.7932, 5.51268, 1], 
 51: [-5.51268, 15.7932, -5.51268, 1], 
 52: [-5.51268, 15.7932, 5.51268, 1], 
 53: [5.51268, 15.7932, 5.51268, 1], 
 54: [6.79897, 17.4788, 6.79897, 1], 
 55: [-6.79897, 17.4788, 6.79897, 1], 
 56: [5.51268, 15.7932, 5.51268, 1], 
 57: [5.51268, 15.7932, -5.51268, 1], 
 58: [6.79897, 17.4788, -6.79897, 1], 
 59: [6.79897, 17.4788, 6.79897, 1], 
 60: [5.51268, 15.7932, -5.51268, 1], 
 61: [-5.51268, 15.7932, -5.51268, 1], 
 62: [-6.79897, 17.4788, -6.79897, 1], 
 63: [6.79897, 17.4788, -6.79897, 1], 
 64: [-5.51268, 15.7932, -5.51268, 1], 
 65: [-5.51268, 15.7932, 5.51268, 1], 
 66: [-6.79897, 17.4788, 6.79897, 1], 
 67: [-6.79897, 17.4788, -6.79897, 1], 
 68: [-6.79897, 17.4788, 6.79897, 1], 
 69: [6.79897, 17.4788, 6.79897, 1], 
 70: [9.22832, 17.4788, 9.22831, 1], 
 71: [-9.22832, 17.4788, 9.22831, 1], 
 72: [6.79897, 17.4788, 6.79897, 1], 
 73: [6.79897, 17.4788, -6.79897, 1], 
 74: [9.22832, 17.4788, -9.22831, 1], 
 75: [9.22832, 17.4788, 9.22832, 1], 
 76: [6.79897, 17.4788, -6.79897, 1], 
 77: [-6.79897, 17.4788, -6.79897, 1], 
 78: [-9.22832, 17.4788, -9.22831, 1], 
 79: [9.22832, 17.4788, -9.22831, 1], 
 80: [-6.79897, 17.4788, -6.79897, 1], 
 81: [-6.79897, 17.4788, 6.79897, 1], 
 82: [-9.22832, 17.4788, 9.22832, 1], 
 83: [-9.22832, 17.4788, -9.22831, 1], 
 84: [-9.22832, 17.4788, 9.22832, 1], 
 85: [9.22832, 17.4788, 9.22832, 1], 
 86: [9.22832, 22.7221, 9.22832, 1], 
 87: [-9.22832, 22.7221, 9.22832, 1], 
 88: [-6.09004, 19.4276, 9.22832, 1], 
 89: [-6.09004, 18.4276, 9.22832, 1], 
 90: [-8.24597, 18.4276, 9.22832, 1], 
 91: [-8.24597, 19.4276, 9.22832, 1], 
 92: [9.22832, 17.4788, 9.22832, 1], 
 93: [9.22832, 17.4788, -9.22831, 1], 
 94: [9.22832, 22.7221, -9.22831, 1], 
 95: [9.22831, 22.7221, 9.22832, 1], 
 96: [9.22832, 17.4788, -9.22831, 1], 
 97: [-9.22832, 17.4788, -9.22831, 1], 
 98: [-9.22832, 22.7221, -9.22831, 1], 
 99: [9.22832, 22.7221, -9.22831, 1], 
 100: [8.26564, 19.4276, -9.22831, 1], 
 101: [6.10971, 19.4276, -9.22831, 1], 
 102: [6.10971, 18.4276, -9.22831, 1], 
 103: [8.26564, 18.4276, -9.22831, 1], 
 104: [-9.22831, 17.4788, -9.22831, 1], 
 105: [-9.22832, 17.4788, 9.22832, 1], 
 106: [-9.22832, 22.7221, 9.22832, 1], 
 107: [-9.22831, 22.7221, -9.22831, 1], 
 108: [5.42425, 6.57927e-008, 7.70007, 1], 
 109: [5.42425, 3.77668, 7.70007, 1], 
 110: [-5.42425, 3.77668, 7.70007, 1], 
 111: [-5.42425, 1.12554e-007, 7.70007, 1], 
 112: [5.42425, 2.19209e-008, 8.96123, 1], 
 113: [5.42425, 3.77668, 8.13656, 1], 
 114: [5.42425, 3.77668, 7.70008, 1], 
 115: [5.42425, -2.53466e-008, 7.70008, 1], 
 116: [-5.42425, 3.77668, 8.13656, 1], 
 117: [-5.42425, 3.77668, 7.70008, 1], 
 118: [5.42425, 3.77668, 7.70008, 1], 
 119: [5.42425, 3.77668, 8.13656, 1], 
 120: [-5.42425, -1.09187e-008, 7.70008, 1], 
 121: [-5.42425, 3.77668, 7.70008, 1], 
 122: [-5.42425, 3.77668, 8.13656, 1], 
 123: [-5.42425, 1.41986e-007, 8.96123, 1], 
 124: [-8.24597, 18.4276, 9.63507, 1], 
 125: [-6.09004, 18.4276, 9.63507, 1], 
 126: [-6.09004, 19.4276, 9.63507, 1], 
 127: [-8.24597, 19.4276, 9.63507, 1], 
 128: [8.26564, 19.4276, -9.71999, 1], 
 129: [6.10971, 19.4276, -9.71999, 1], 
 130: [8.26564, 18.4276, -9.71999, 1], 
 131: [6.10971, 18.4276, -9.71999, 1], 
 132: [5.75077, 25.2803, -1.68761, 1], 
 133: [8.76975, 25.2803, -1.68761, 1], 
 134: [8.76975, 25.2803, -8.62624, 1], 
 135: [5.75077, 25.2803, -8.62624, 1], 
 136: [8.76975, 25.6787, -1.68761, 1], 
 137: [8.76975, 25.2803, -1.68761, 1], 
 138: [5.75077, 25.2803, -1.68761, 1], 
 139: [5.75077, 25.6787, -1.68761, 1], 
 140: [5.75077, 25.6787, -1.68761, 1], 
 141: [5.75077, 25.2803, -1.68761, 1], 
 142: [5.75077, 25.2803, -8.62624, 1], 
 143: [5.75077, 25.6787, -8.62624, 1], 
 144: [5.75077, 25.6787, -8.62624, 1], 
 145: [5.75077, 25.2803, -8.62624, 1], 
 146: [8.76975, 25.2803, -8.62624, 1], 
 147: [8.76975, 25.6787, -8.62624, 1], 
 148: [8.76975, 25.6787, -8.62624, 1], 
 149: [8.76975, 25.2803, -8.62624, 1], 
 150: [8.76975, 25.2803, -1.68761, 1], 
 151: [8.76975, 25.6787, -1.68761, 1], 
 152: [9.17887, 22.6255, -9.2004, 1], 
 153: [5.34165, 22.6255, -9.2004, 1], 
 154: [5.26291, 25.6787, -9.19388, 1], 
 155: [9.25761, 25.6787, -9.19388, 1], 
 156: [9.25761, 25.6787, -9.19388, 1], 
 157: [5.26291, 25.6787, -9.19388, 1], 
 158: [5.26291, 25.6787, -1.11996, 1], 
 159: [9.25761, 25.6787, -1.11996, 1], 
 160: [5.75077, 25.6787, -1.68761, 1], 
 161: [5.75077, 25.6787, -8.62624, 1], 
 162: [8.76975, 25.6787, -8.62624, 1], 
 163: [8.76975, 25.6787, -1.68761, 1], 
 164: [9.25761, 25.6787, -1.11996, 1], 
 165: [5.26291, 25.6787, -1.11996, 1], 
 166: [5.34165, 22.6255, -1.11344, 1], 
 167: [9.17887, 22.6255, -1.11344, 1], 
 168: [5.33161, 24.3695, -4.71965, 1], 
 169: [5.34165, 22.6255, -4.71965, 1], 
 170: [5.34165, 22.6255, -1.11344, 1], 
 171: [5.26291, 25.6787, -1.11996, 1], 
 172: [5.26291, 25.6787, -9.19388, 1], 
 173: [5.34165, 22.6255, -9.2004, 1], 
 174: [5.34165, 22.6255, -6.01825, 1], 
 175: [5.33161, 24.3695, -6.01825, 1], 
 176: [9.17887, 22.6255, -1.11344, 1], 
 177: [9.17887, 22.6255, -9.2004, 1], 
 178: [9.25761, 25.6787, -9.19388, 1], 
 179: [9.25761, 25.6787, -1.11996, 1], 
 180: [5.33161, 24.3695, -6.01825, 1], 
 181: [5.42701, 24.3695, -6.01825, 1], 
 182: [5.42701, 24.3695, -4.71965, 1], 
 183: [5.33161, 24.3695, -4.71965, 1], 
 184: [5.34165, 22.6255, -6.01825, 1], 
 185: [5.9173, 22.6255, -6.01825, 1], 
 186: [5.42701, 24.3695, -6.01825, 1], 
 187: [5.33161, 24.3695, -6.01825, 1], 
 188: [5.9173, 22.6255, -4.71965, 1], 
 189: [5.42701, 24.3695, -4.71965, 1], 
 190: [5.42701, 24.3695, -6.01825, 1], 
 191: [5.9173, 22.6255, -6.01825, 1], 
 192: [5.33161, 24.3695, -4.71965, 1], 
 193: [5.42701, 24.3695, -4.71965, 1], 
 194: [5.9173, 22.6255, -4.71965, 1], 
 195: [5.34165, 22.6255, -4.71965, 1], 
 196: [-6.74244, 25.8858, -0.865472, 1], 
 197: [-6.74244, 25.8858, -1.26737, 1], 
 198: [-0.347724, 25.8858, -1.26737, 1], 
 199: [-0.347724, 25.8858, -0.865472, 1], 
 200: [-0.347724, 22.6487, -0.865471, 1], 
 201: [-0.347724, 25.8858, -0.865471, 1], 
 202: [-0.347724, 25.8858, -1.26737, 1], 
 203: [-0.347724, 22.6487, -1.26737, 1], 
 204: [-0.347724, 22.6487, -1.26737, 1], 
 205: [-0.347724, 25.8858, -1.26737, 1], 
 206: [-6.74245, 25.8858, -1.26737, 1], 
 207: [-6.74244, 22.6487, -1.26737, 1], 
 208: [-6.74244, 22.6487, -1.26737, 1], 
 209: [-6.74244, 25.8858, -1.26737, 1], 
 210: [-6.74244, 25.8858, -0.865472, 1], 
 211: [-6.74245, 22.6487, -0.865472, 1], 
 212: [-9.207, 26.5711, -9.23609, 1], 
 213: [-9.207, 26.5711, -0.865472, 1], 
 214: [-3.58367, 28.2666, -0.865471, 1], 
 215: [-3.58367, 28.2666, -9.23609, 1], 
 216: [2.023, 26.5711, -9.23609, 1], 
 217: [-9.207, 26.5711, -9.23609, 1], 
 218: [-3.58367, 28.2666, -9.23609, 1], 
 219: [-3.60032, 28.2666, -9.23609, 1], 
 220: [2.023, 26.5711, -0.865472, 1], 
 221: [2.023, 26.5711, -9.23609, 1], 
 222: [-3.60032, 28.2666, -9.23609, 1], 
 223: [-3.60032, 28.2666, -0.865471, 1], 
 224: [-9.207, 26.5711, -0.865472, 1], 
 225: [2.023, 26.5711, -0.865471, 1], 
 226: [-3.60032, 28.2666, -0.865471, 1], 
 227: [-3.58367, 28.2666, -0.865471, 1], 
 228: [-9.207, 22.6487, -9.23609, 1], 
 229: [-9.207, 22.6487, -0.865471, 1], 
 230: [-9.207, 26.5711, -0.865471, 1], 
 231: [-9.207, 26.5711, -9.23609, 1], 
 232: [2.023, 22.6487, -0.865471, 1], 
 233: [2.023, 22.6487, -9.23609, 1], 
 234: [2.023, 26.5711, -9.23609, 1], 
 235: [2.023, 26.5711, -0.865471, 1], 
 236: [-9.207, 26.5711, -9.23609, 1], 
 237: [2.023, 26.5711, -9.23609, 1], 
 238: [2.023, 22.6487, -9.23609, 1], 
 239: [-9.207, 22.6487, -9.23609, 1], 
 240: [-3.58367, 28.2666, -0.865472, 1], 
 241: [-3.60032, 28.2666, -0.865471, 1], 
 242: [-3.60032, 28.2666, -9.23609, 1], 
 243: [-3.58367, 28.2666, -9.23609, 1], 
 244: [-0.347724, 25.8858, -0.865472, 1], 
 245: [-0.347724, 22.6487, -0.865472, 1], 
 246: [2.023, 22.6487, -0.865472, 1], 
 247: [2.023, 26.5711, -0.865472, 1], 
 248: [-9.207, 26.5711, -0.865472, 1], 
 249: [-9.207, 22.6487, -0.865472, 1], 
 250: [-6.74245, 22.6487, -0.865472, 1], 
 251: [-6.74245, 25.8858, -0.865472, 1], 
 252: [7.45697, 25.6859, -3.23326, 1], 
 253: [7.27573, 25.6859, -3.23326, 1], 
 254: [7.18511, 25.6859, -3.0763, 1], 
 255: [7.27573, 25.6859, -2.91934, 1], 
 256: [7.45697, 25.6859, -2.91934, 1], 
 257: [7.54759, 25.6859, -3.0763, 1], 
 258: [7.45697, 26.7545, -3.23326, 1], 
 259: [7.27573, 26.7545, -3.23326, 1], 
 260: [7.18511, 26.7545, -3.0763, 1], 
 261: [7.27573, 26.7545, -2.91934, 1], 
 262: [7.45697, 26.7545, -2.91934, 1], 
 263: [7.54759, 26.7545, -3.0763, 1], 
 264: [7.36635, 26.7545, -3.0763, 1], 
 265: [8.07346, 25.2458, -3.78341, 1], 
 266: [7.36635, 25.2458, -4.0763, 1], 
 267: [6.65924, 25.2458, -3.78341, 1], 
 268: [6.36635, 25.2458, -3.0763, 1], 
 269: [6.65924, 25.2458, -2.36919, 1], 
 270: [7.36635, 25.2458, -2.0763, 1], 
 271: [8.07346, 25.2458, -2.36919, 1], 
 272: [8.36635, 25.2458, -3.0763, 1], 
 273: [8.07346, 25.9408, -3.78341, 1], 
 274: [7.36635, 25.9408, -4.0763, 1], 
 275: [6.65924, 25.9408, -3.78341, 1], 
 276: [6.36635, 25.9408, -3.0763, 1], 
 277: [6.65924, 25.9408, -2.36919, 1], 
 278: [7.36635, 25.9408, -2.0763, 1], 
 279: [8.07346, 25.9408, -2.36919, 1], 
 280: [8.36635, 25.9408, -3.0763, 1], 
 281: [7.36635, 25.9408, -3.0763, 1], 
 282: [7.25753, 26.6763, -3.96032, 1], 
 283: [7.73472, 26.8398, -2.3008, 1], 
 284: [6.94508, 27.4005, -3.3152, 1], 
 285: [7.22727, 26.6603, -4.01327, 1], 
 286: [6.89302, 27.4351, -3.32316, 1], 
 287: [6.96028, 27.1188, -3.79611, 1], 
 288: [7.27253, 26.6439, -3.55785, 1], 
 289: [7.13407, 26.8817, -3.44523, 1], 
 290: [7.0992, 27.0457, -3.19998, 1], 
 291: [7.00795, 27.1048, -3.75731, 1], 
 292: [7.38885, 26.8146, -4.376, 1], 
 293: [7.03897, 27.4155, -4.0914, 1], 
 294: [6.95083, 27.83, -3.47162, 1], 
 295: [7.73774, 26.8352, -2.23799, 1], 
 296: [7.05058, 27.4891, -2.7752, 1], 
 297: [7.18091, 27.0737, -2.91582, 1], 
 298: [7.37306, 27.2602, -2.36059, 1], 
 299: [7.34813, 26.955, -2.70082, 1], 
 300: [7.53725, 26.7346, -2.63724, 1], 
 301: [7.09237, 27.451, -2.80298, 1], 
 302: [7.15731, 27.9007, -2.75353, 1], 
 303: [7.39381, 27.2371, -2.41541, 1], 
 304: [7.5799, 27.6009, -2.21021, 1], 
 305: [8.05782, 27.0439, -2.04954, 1], 
 306: [7.47104, 26.7461, -3.18699, 1], 
 307: [7.44869, 26.7979, -3.14086, 1], 
 308: [7.45319, 26.7768, -3.17248, 1], 
 309: [7.32521, 26.6752, -3.49801, 1], 
 310: [7.20826, 26.876, -3.40288, 1], 
 311: [7.17879, 27.0145, -3.1957, 1], 
 312: [7.79647, 26.9898, -3.28924, 1], 
 313: [7.78285, 27.0132, -3.27816, 1], 
 314: [7.77942, 27.0293, -3.25403, 1], 
 315: [7.50516, 26.7578, -3.06832, 1], 
 316: [7.45922, 26.8015, -3.10423, 1], 
 317: [7.24782, 27.0382, -2.95566, 1], 
 318: [7.48078, 26.7862, -3.07651, 1], 
 319: [7.38908, 26.938, -2.77405, 1], 
 320: [7.54883, 26.7518, -2.72034, 1], 
 321: [7.78746, 27.032, -3.22606, 1], 
 322: [7.80392, 27.0204, -3.20491, 1], 
 323: [7.82253, 26.9987, -3.19865, 1], 
 324: [8.04717, 26.1155, -2.94592, 1], 
 325: [8.07199, 26.0605, -2.92811, 1], 
 326: [8.00473, 26.3767, -2.45516, 1], 
 327: [7.6757, 26.4969, -2.74986, 1], 
 328: [7.71058, 26.3328, -2.99512, 1], 
 329: [7.9843, 26.4112, -2.50381, 1], 
 330: [8.4077, 26.4431, -2.33414, 1], 
 331: [8.49584, 26.0286, -2.95392, 1], 
 332: [7.91443, 26.0065, -3.47607, 1], 
 333: [7.62887, 26.3048, -3.27927, 1], 
 334: [7.39126, 26.679, -3.09262, 1], 
 335: [7.59196, 26.2353, -3.89067, 1], 
 336: [7.46164, 26.4235, -3.49427, 1], 
 337: [7.89988, 26.0651, -3.45815, 1], 
 338: [8.28935, 25.9578, -3.672, 1], 
 339: [7.59844, 26.279, -3.84571, 1], 
 340: [7.86677, 26.2577, -4.21533, 1], 
 341: [7.52751, 26.706, -3.11445, 1], 
 342: [7.52301, 26.7272, -3.08284, 1], 
 343: [7.66579, 26.551, -2.81547, 1], 
 344: [7.69525, 26.4124, -3.02265, 1], 
 345: [7.83615, 26.9753, -3.20973, 1], 
 346: [7.83958, 26.9591, -3.23387, 1], 
 347: [7.51697, 26.7024, -3.15108, 1], 
 348: [7.62623, 26.3888, -3.26268, 1], 
 349: [7.49542, 26.7177, -3.1788, 1], 
 350: [7.48497, 26.489, -3.4443, 1], 
 351: [7.83154, 26.9564, -3.26183, 1], 
 352: [8.22429, 27.3068, -3.39403, 1], 
 353: [7.81509, 26.9681, -3.28299, 1], 
 354: [9.22832, 19.4276, 7.5405, 1], 
 355: [9.94959, 19.4276, 7.5405, 1], 
 356: [9.22832, 18.4276, 7.5405, 1], 
 357: [9.94959, 18.4276, 7.5405, 1], 
 358: [9.22832, 18.4276, 8.5405, 1], 
 359: [9.94959, 18.4276, 8.5405, 1], 
 360: [9.22832, 19.4276, 8.5405, 1], 
 361: [9.94959, 19.4276, 8.5405, 1], 
 362: [-6.09004, 20.5212, 9.63507, 1], 
 363: [-6.09004, 21.5212, 9.63507, 1], 
 364: [-8.24597, 21.5212, 9.63507, 1], 
 365: [-8.24597, 20.5212, 9.63507, 1], 
 366: [-6.09004, 18.4276, 9.22831, 1], 
 367: [-8.24597, 18.4276, 9.22832, 1], 
 368: [-8.24597, 19.4276, 9.22832, 1], 
 369: [-8.24597, 21.5212, 9.22832, 1], 
 370: [-8.08907, 21.5212, 9.22832, 1], 
 371: [-6.09004, 21.5212, 9.22832, 1], 
 372: [-6.09004, 20.594, 9.22832, 1], 
 373: [-6.09004, 20.5212, 9.22832, 1], 
 374: [-6.09004, 19.4276, 9.22831, 1], 
 375: [-6.24694, 20.5212, 9.22832, 1], 
 376: [-8.24597, 20.5212, 9.22832, 1], 
 377: [-8.24597, 21.4484, 9.22832, 1], 
 378: [-8.24597, 18.4275, 9.63507, 1], 
 379: [-6.09004, 18.4276, 9.63507, 1], 
 380: [-8.24597, 19.4275, 9.63507, 1], 
 381: [-6.09004, 19.4276, 9.63507, 1], 
 382: [-8.24597, 19.4275, -9.22831, 1], 
 383: [-8.24597, 19.4276, -9.71999, 1], 
 384: [-8.24597, 18.4276, -9.22831, 1], 
 385: [-8.24597, 18.4276, -9.71999, 1], 
 386: [-6.09004, 18.4276, -9.22831, 1], 
 387: [-6.09004, 18.4276, -9.71999, 1], 
 388: [-6.09004, 19.4276, -9.22831, 1], 
 389: [-6.09004, 19.4276, -9.71999, 1], 
 390: [9.94959, 18.4276, 8.5405, 1], 
 391: [9.94959, 18.4276, 7.5405, 1], 
 392: [9.94959, 19.4276, 7.5405, 1], 
 393: [9.94959, 19.4276, 8.5405, 1], 
 394: [-8.24597, 21.5212, 9.63507, 1], 
 395: [-8.24597, 21.5212, 9.22832, 1], 
 396: [-8.24597, 20.5212, 9.22832, 1], 
 397: [-8.24597, 20.5212, 9.63507, 1], 
 398: [-6.09004, 21.5212, 9.22832, 1], 
 399: [-6.09004, 21.5212, 9.63507, 1], 
 400: [-6.09004, 20.5212, 9.63507, 1], 
 401: [-6.09004, 20.5212, 9.22832, 1], 
 402: [9.22832, 18.4276, 7.5405, 1], 
 403: [9.22832, 18.4276, 8.5405, 1], 
 404: [9.22832, 19.4276, 8.5405, 1], 
 405: [9.22832, 19.4276, 7.5405, 1], 
 406: [-6.09004, 19.4275, 9.22832, 1], 
 407: [-6.09004, 19.4276, 9.63507, 1], 
 408: [-6.09004, 18.4276, 9.63507, 1], 
 409: [-6.09004, 18.4276, 9.22832, 1], 
 410: [-8.24597, 18.4276, 9.22832, 1], 
 411: [-8.24597, 18.4276, 9.63507, 1], 
 412: [-8.24597, 19.4276, 9.63507, 1], 
 413: [-8.24597, 19.4276, 9.22832, 1], 
 414: [8.26564, 18.4276, -9.22831, 1], 
 415: [8.26564, 18.4276, -9.71999, 1], 
 416: [8.26564, 19.4276, -9.22831, 1], 
 417: [8.26564, 19.4276, -9.71999, 1], 
 418: [6.10971, 19.4276, -9.22831, 1], 
 419: [6.10971, 19.4275, -9.71999, 1], 
 420: [6.10971, 18.4276, -9.22831, 1], 
 421: [6.10971, 18.4275, -9.71999, 1], 
 422: [-8.24597, 19.4276, -9.71999, 1], 
 423: [-6.09004, 19.4276, -9.71999, 1], 
 424: [-6.09004, 18.4275, -9.71999, 1], 
 425: [-8.24597, 18.4275, -9.71999, 1], 
 426: [6.10971, 18.4275, -9.22831, 1], 
 427: [8.26564, 18.4276, -9.22831, 1], 
 428: [8.26564, 19.4276, -9.22831, 1], 
 429: [6.10971, 19.4276, -9.22831, 1], 
 430: [-6.09004, 19.4276, -9.22831, 1], 
 431: [-8.24597, 19.4276, -9.22831, 1], 
 432: [-8.24597, 18.4276, -9.22831, 1], 
 433: [-6.09004, 18.4276, -9.22831, 1], 
 434: [6.10971, 19.4275, -9.71999, 1], 
 435: [8.26564, 19.4275, -9.71999, 1], 
 436: [8.26564, 18.4276, -9.71999, 1], 
 437: [6.10971, 18.4276, -9.71999, 1]]
Number of polygons: 384
Polygon Connection List
[0: [382, 383, 384], 
1: [383, 385, 384], 
2: [386, 387, 388], 
3: [387, 389, 388], 
4: [3, 2, 4], 
5: [2, 5, 4], 
6: [422, 423, 425], 
7: [423, 424, 425], 
8: [7, 6, 0], 
9: [6, 1, 0], 
10: [390, 391, 393], 
11: [391, 392, 393], 
12: [12, 9, 13], 
13: [9, 8, 13], 
14: [354, 355, 356], 
15: [355, 357, 356], 
16: [15, 11, 14], 
17: [11, 10, 14], 
18: [358, 359, 360], 
19: [359, 361, 360], 
20: [395, 16, 394], 
21: [16, 397, 394], 
22: [396, 397, 16], 
23: [398, 399, 23], 
24: [401, 23, 400], 
25: [23, 399, 400], 
26: [25, 24, 26], 
27: [24, 17, 26], 
28: [26, 17, 20], 
29: [27, 22, 21], 
30: [19, 18, 27], 
31: [18, 22, 27], 
32: [362, 363, 364], 
33: [365, 362, 364], 
34: [30, 31, 29], 
35: [29, 31, 28], 
36: [33, 34, 32], 
37: [34, 35, 32], 
38: [31, 32, 28], 
39: [28, 32, 35], 
40: [36, 37, 39], 
41: [37, 38, 39], 
42: [42, 43, 41], 
43: [40, 41, 43], 
44: [44, 45, 47], 
45: [45, 46, 47], 
46: [48, 49, 51], 
47: [49, 50, 51], 
48: [54, 55, 53], 
49: [52, 53, 55], 
50: [58, 59, 57], 
51: [56, 57, 59], 
52: [62, 63, 61], 
53: [60, 61, 63], 
54: [66, 67, 65], 
55: [64, 65, 67], 
56: [70, 71, 69], 
57: [68, 69, 71], 
58: [74, 75, 73], 
59: [72, 73, 75], 
60: [78, 79, 77], 
61: [76, 77, 79], 
62: [82, 83, 81], 
63: [80, 81, 83], 
64: [84, 85, 367], 
65: [367, 85, 366], 
66: [84, 367, 87], 
67: [367, 368, 87], 
68: [87, 369, 86], 
69: [369, 370, 86], 
70: [370, 371, 86], 
71: [86, 371, 85], 
72: [371, 372, 85], 
73: [372, 373, 85], 
74: [366, 85, 374], 
75: [85, 373, 374], 
76: [374, 373, 368], 
77: [373, 375, 368], 
78: [375, 376, 368], 
79: [368, 376, 87], 
80: [87, 376, 369], 
81: [376, 377, 369], 
82: [92, 403, 95], 
83: [403, 404, 95], 
84: [92, 93, 403], 
85: [403, 93, 402], 
86: [95, 404, 94], 
87: [404, 405, 94], 
88: [93, 94, 402], 
89: [405, 402, 94], 
90: [96, 427, 99], 
91: [427, 428, 99], 
92: [96, 97, 427], 
93: [427, 97, 426], 
94: [99, 428, 98], 
95: [428, 429, 98], 
96: [97, 98, 432], 
97: [432, 98, 431], 
98: [426, 97, 429], 
99: [431, 98, 430], 
100: [98, 429, 430], 
101: [430, 429, 433], 
102: [429, 97, 433], 
103: [97, 432, 433], 
104: [104, 105, 107], 
105: [105, 106, 107], 
106: [108, 109, 111], 
107: [109, 110, 111], 
108: [112, 113, 115], 
109: [113, 114, 115], 
110: [116, 117, 119], 
111: [117, 118, 119], 
112: [123, 120, 122], 
113: [120, 121, 122], 
114: [378, 379, 380], 
115: [379, 381, 380], 
116: [91, 127, 88], 
117: [127, 126, 88], 
118: [89, 125, 90], 
119: [125, 124, 90], 
120: [406, 407, 409], 
121: [407, 408, 409], 
122: [410, 411, 413], 
123: [411, 412, 413], 
124: [100, 128, 101], 
125: [128, 129, 101], 
126: [434, 435, 437], 
127: [435, 436, 437], 
128: [102, 131, 103], 
129: [131, 130, 103], 
130: [414, 415, 416], 
131: [415, 417, 416], 
132: [418, 419, 420], 
133: [419, 421, 420], 
134: [132, 133, 135], 
135: [133, 134, 135], 
136: [136, 137, 139], 
137: [137, 138, 139], 
138: [140, 141, 143], 
139: [141, 142, 143], 
140: [144, 145, 147], 
141: [145, 146, 147], 
142: [148, 149, 151], 
143: [149, 150, 151], 
144: [152, 153, 155], 
145: [153, 154, 155], 
146: [156, 162, 159], 
147: [162, 163, 159], 
148: [156, 157, 162], 
149: [162, 157, 161], 
150: [157, 158, 161], 
151: [161, 158, 160], 
152: [158, 159, 160], 
153: [163, 160, 159], 
154: [166, 167, 165], 
155: [164, 165, 167], 
156: [170, 171, 169], 
157: [169, 171, 168], 
158: [171, 172, 168], 
159: [168, 172, 175], 
160: [173, 174, 172], 
161: [172, 174, 175], 
162: [176, 177, 179], 
163: [177, 178, 179], 
164: [180, 181, 183], 
165: [181, 182, 183], 
166: [186, 187, 185], 
167: [184, 185, 187], 
168: [188, 189, 191], 
169: [189, 190, 191], 
170: [193, 194, 192], 
171: [192, 194, 195], 
172: [196, 197, 199], 
173: [197, 198, 199], 
174: [200, 201, 203], 
175: [201, 202, 203], 
176: [204, 205, 207], 
177: [205, 206, 207], 
178: [208, 209, 211], 
179: [209, 210, 211], 
180: [212, 213, 215], 
181: [213, 214, 215], 
182: [216, 217, 219], 
183: [217, 218, 219], 
184: [220, 221, 223], 
185: [221, 222, 223], 
186: [224, 225, 227], 
187: [225, 226, 227], 
188: [228, 229, 231], 
189: [229, 230, 231], 
190: [232, 233, 235], 
191: [233, 234, 235], 
192: [236, 237, 239], 
193: [237, 238, 239], 
194: [240, 241, 243], 
195: [241, 242, 243], 
196: [245, 246, 244], 
197: [246, 247, 244], 
198: [247, 248, 244], 
199: [244, 248, 251], 
200: [248, 249, 251], 
201: [249, 250, 251], 
202: [252, 253, 258], 
203: [253, 259, 258], 
204: [253, 254, 259], 
205: [254, 260, 259], 
206: [254, 255, 260], 
207: [255, 261, 260], 
208: [255, 256, 261], 
209: [256, 262, 261], 
210: [256, 257, 262], 
211: [257, 263, 262], 
212: [257, 252, 263], 
213: [252, 258, 263], 
214: [258, 259, 264], 
215: [259, 260, 264], 
216: [260, 261, 264], 
217: [261, 262, 264], 
218: [262, 263, 264], 
219: [263, 258, 264], 
220: [265, 266, 273], 
221: [266, 274, 273], 
222: [266, 267, 274], 
223: [267, 275, 274], 
224: [267, 268, 275], 
225: [268, 276, 275], 
226: [268, 269, 276], 
227: [269, 277, 276], 
228: [269, 270, 277], 
229: [270, 278, 277], 
230: [270, 271, 278], 
231: [271, 279, 278], 
232: [271, 272, 279], 
233: [272, 280, 279], 
234: [272, 265, 280], 
235: [265, 273, 280], 
236: [273, 274, 281], 
237: [274, 275, 281], 
238: [275, 276, 281], 
239: [276, 277, 281], 
240: [277, 278, 281], 
241: [278, 279, 281], 
242: [279, 280, 281], 
243: [280, 273, 281], 
244: [352, 312, 353], 
245: [352, 323, 322], 
246: [303, 283, 304], 
247: [291, 284, 293], 
248: [287, 286, 289], 
249: [288, 285, 287], 
250: [334, 288, 289], 
251: [290, 334, 289], 
252: [292, 282, 291], 
253: [285, 292, 293], 
254: [287, 293, 294], 
255: [299, 298, 295], 
256: [290, 286, 296], 
257: [334, 290, 297], 
258: [297, 296, 298], 
259: [334, 297, 299], 
260: [300, 334, 299], 
261: [284, 301, 294], 
262: [286, 294, 302], 
263: [301, 303, 302], 
264: [296, 302, 304], 
265: [298, 304, 305], 
266: [352, 314, 313], 
267: [308, 307, 310], 
268: [309, 306, 308], 
269: [282, 309, 310], 
270: [291, 310, 311], 
271: [312, 352, 313], 
272: [306, 312, 313], 
273: [308, 313, 314], 
274: [319, 318, 315], 
275: [311, 307, 316], 
276: [284, 311, 317], 
277: [317, 316, 318], 
278: [301, 317, 319], 
279: [303, 319, 320], 
280: [352, 321, 314], 
281: [307, 314, 321], 
282: [352, 322, 321], 
283: [316, 321, 322], 
284: [318, 322, 323], 
285: [340, 339, 282], 
286: [329, 324, 330], 
287: [327, 326, 325], 
288: [300, 295, 326], 
289: [334, 300, 327], 
290: [334, 327, 328], 
291: [305, 283, 329], 
292: [295, 305, 330], 
293: [326, 330, 331], 
294: [336, 335, 285], 
295: [328, 325, 332], 
296: [334, 328, 333], 
297: [333, 332, 335], 
298: [334, 333, 336], 
299: [288, 334, 336], 
300: [331, 324, 337], 
301: [325, 331, 338], 
302: [338, 337, 339], 
303: [332, 338, 340], 
304: [335, 340, 292], 
305: [352, 346, 345], 
306: [343, 342, 341], 
307: [320, 315, 342], 
308: [283, 320, 343], 
309: [329, 343, 344], 
310: [352, 345, 323], 
311: [315, 323, 345], 
312: [342, 345, 346], 
313: [350, 349, 306], 
314: [344, 341, 347], 
315: [324, 344, 348], 
316: [348, 347, 349], 
317: [337, 348, 350], 
318: [339, 350, 309], 
319: [352, 351, 346], 
320: [341, 346, 351], 
321: [352, 353, 351], 
322: [347, 351, 353], 
323: [349, 353, 312], 
324: [283, 305, 304], 
325: [284, 294, 293], 
326: [286, 290, 289], 
327: [287, 289, 288], 
328: [291, 293, 292], 
329: [293, 287, 285], 
330: [294, 286, 287], 
331: [295, 300, 299], 
332: [296, 297, 290], 
333: [298, 299, 297], 
334: [301, 302, 294], 
335: [302, 296, 286], 
336: [303, 304, 302], 
337: [304, 298, 296], 
338: [305, 295, 298], 
339: [307, 311, 310], 
340: [308, 310, 309], 
341: [310, 291, 282], 
342: [311, 284, 291], 
343: [313, 308, 306], 
344: [314, 307, 308], 
345: [315, 320, 319], 
346: [316, 317, 311], 
347: [317, 301, 284], 
348: [318, 319, 317], 
349: [319, 303, 301], 
350: [320, 283, 303], 
351: [321, 316, 307], 
352: [322, 318, 316], 
353: [323, 315, 318], 
354: [282, 292, 340], 
355: [324, 331, 330], 
356: [325, 328, 327], 
357: [326, 327, 300], 
358: [329, 330, 305], 
359: [330, 326, 295], 
360: [331, 325, 326], 
361: [285, 288, 336], 
362: [332, 333, 328], 
363: [335, 336, 333], 
364: [337, 338, 331], 
365: [338, 332, 325], 
366: [339, 340, 338], 
367: [340, 335, 332], 
368: [292, 285, 335], 
369: [341, 344, 343], 
370: [342, 343, 320], 
371: [343, 329, 283], 
372: [344, 324, 329], 
373: [345, 342, 315], 
374: [346, 341, 342], 
375: [306, 309, 350], 
376: [347, 348, 344], 
377: [348, 337, 324], 
378: [349, 350, 348], 
379: [350, 339, 337], 
380: [309, 282, 339], 
381: [351, 347, 341], 
382: [353, 349, 347], 
383: [312, 306, 349]]
Per Vertex Normals
[0: [0, 1, 9.15438e-007], 
 1: [0, 1, 9.15438e-007], 
 2: [0, -1, 1.7836e-006], 
 3: [0, -1, 1.7836e-006], 
 4: [0, -1, 1.7836e-006], 
 5: [0, -1, 1.7836e-006], 
 6: [0, 1, 9.15438e-007], 
 7: [0, 1, 9.15438e-007], 
 8: [0, -1, -1.17824e-006], 
 9: [0, -1, 2.40837e-007], 
 10: [0, 1, -1.17824e-006], 
 11: [0, 1, 2.40837e-007], 
 12: [0, -1, 1.17824e-006], 
 13: [0, -1, -2.40837e-007], 
 14: [0, 1, -2.40837e-007], 
 15: [0, 1, 1.17824e-006], 
 16: [-1, -2.69901e-006, 7.24768e-008], 
 17: [0, -1, 3.96365e-006], 
 18: [0, 1, 2.51865e-006], 
 19: [0, 1, 2.94186e-006], 
 20: [0, -1, 4.40291e-006], 
 21: [0, 1, -3.32948e-006], 
 22: [0, 1, -2.59868e-006], 
 23: [1, 4.5136e-006, -6.15981e-007], 
 24: [0, -1, 3.467e-007], 
 25: [0, -1, -1.67514e-006], 
 26: [0, -1, 1.74311e-007], 
 27: [0, 1, 2.23531e-006], 
 28: [6.82847e-005, 0.213328, 0.976981], 
 29: [5.58446e-007, 0.21333, 0.97698], 
 30: [2.01593e-007, 0.21333, 0.97698], 
 31: [1.41574e-007, 0.21333, 0.97698], 
 32: [-5.26968e-008, 0.21333, 0.97698], 
 33: [9.45206e-008, 0.21333, 0.97698], 
 34: [-6.88316e-008, 0.21333, 0.97698], 
 35: [-3.11614e-005, 0.213329, 0.97698], 
 36: [0, 1, -2.96331e-008], 
 37: [0, 1, 4.13169e-015], 
 38: [0, 1, 2.96331e-008], 
 39: [0, 1, -2.11265e-015], 
 40: [-7.86661e-008, 0.21333, -0.97698], 
 41: [9.03296e-008, 0.21333, -0.97698], 
 42: [2.41376e-007, 0.21333, -0.97698], 
 43: [1.19046e-007, 0.21333, -0.97698], 
 44: [0.97698, 0.213329, 5.51487e-008], 
 45: [0.97698, 0.213329, -2.7234e-008], 
 46: [0.97698, 0.21333, -1.60382e-007], 
 47: [0.97698, 0.213329, -4.6573e-008], 
 48: [-0.97698, 0.21333, -6.07472e-008], 
 49: [-0.97698, 0.21333, 3.53665e-008], 
 50: [-0.97698, 0.21333, 1.90707e-007], 
 51: [-0.97698, 0.21333, 5.79288e-008], 
 52: [-3.00135e-008, -0.60665, 0.794969], 
 53: [1.9955e-008, -0.60665, 0.794969], 
 54: [2.43353e-008, -0.60665, 0.794969], 
 55: [-2.09749e-008, -0.60665, 0.794969], 
 56: [0.794969, -0.60665, -4.94312e-008], 
 57: [0.794969, -0.60665, 3.28652e-008], 
 58: [0.794969, -0.60665, 4.00793e-008], 
 59: [0.794969, -0.60665, -3.4545e-008], 
 60: [-8.46578e-009, -0.606649, -0.794969], 
 61: [3.12589e-008, -0.60665, -0.794969], 
 62: [3.47412e-008, -0.60665, -0.794969], 
 63: [-1.28018e-009, -0.60665, -0.794969], 
 64: [-0.794969, -0.60665, -6.24391e-008], 
 65: [-0.794969, -0.60665, 4.15138e-008], 
 66: [-0.794969, -0.60665, 5.06263e-008], 
 67: [-0.794969, -0.60665, -4.36356e-008], 
 68: [0, -1, -2.19305e-007], 
 69: [0, -1, -5.13291e-007], 
 70: [0, -1, -5.3334e-007], 
 71: [0, -1, -2.79454e-007], 
 72: [0, -1, 3.1042e-008], 
 73: [0, -1, -1.94282e-008], 
 74: [0, -1, -2.28702e-008], 
 75: [0, -1, 2.0716e-008], 
 76: [0, -1, 2.61998e-007], 
 77: [0, -1, 4.86571e-007], 
 78: [0, -1, 5.01887e-007], 
 79: [0, -1, 3.07944e-007], 
 80: [0, -1, 1.16501e-008], 
 81: [0, -1, -7.29145e-009], 
 82: [0, -1, -8.58324e-009], 
 83: [0, -1, 7.77474e-009], 
 84: [-3.80937e-008, 2.61579e-008, 1], 
 85: [-7.24892e-008, 1.59657e-007, 1], 
 86: [-5.82547e-008, 1.71618e-007, 1], 
 87: [5.81752e-008, 1.2198e-007, 1], 
 88: [0, 1, 1.38527e-007], 
 89: [0, -1, 3.12399e-006], 
 90: [0, -1, 3.12399e-006], 
 91: [0, 1, 1.38527e-007], 
 92: [1, 2.20763e-007, 1.31227e-007], 
 93: [1, 3.30239e-007, 4.66596e-008], 
 94: [1, 2.95475e-007, 3.63582e-008], 
 95: [1, 5.57973e-007, 2.89948e-007], 
 96: [-7.51806e-008, 0, -1], 
 97: [-4.56856e-007, -4.43607e-007, -1], 
 98: [-4.93836e-008, 4.90886e-008, -1], 
 99: [7.94243e-008, 0, -1], 
 100: [0, 1, -2.16826e-006], 
 101: [0, 1, -2.16826e-006], 
 102: [0, -1, -3.22981e-006], 
 103: [0, -1, -3.22981e-006], 
 104: [-1, 2.27722e-007, -1.55013e-007], 
 105: [-1, -1.47467e-007, -2.82711e-007], 
 106: [-1, -2.27722e-007, -3.10027e-007], 
 107: [-1, 1.47467e-007, -1.82329e-007], 
 108: [-1.7236e-008, 2.52516e-007, 1], 
 109: [-6.13552e-009, 2.25589e-007, 1], 
 110: [3.48125e-008, 1.26258e-007, 1], 
 111: [2.37119e-008, 1.53186e-007, 1], 
 112: [-1, -1.7398e-008, 0], 
 113: [-1, -1.49216e-008, 0], 
 114: [-1, -1.43601e-008, 0], 
 115: [-1, -1.71754e-008, 0], 
 116: [0, -1, -2.16739e-007], 
 117: [0, -1, -2.16739e-007], 
 118: [0, -1, -2.16739e-007], 
 119: [0, -1, -2.16739e-007], 
 120: [1, 1.04656e-008, 8.00235e-008], 
 121: [1, -1.43602e-008, 1.09244e-006], 
 122: [1, -9.40921e-009, 8.90539e-007], 
 123: [1, 1.24279e-008, 0], 
 124: [0, -1, 3.12399e-006], 
 125: [0, -1, 3.12399e-006], 
 126: [0, 1, 1.38527e-007], 
 127: [0, 1, 1.38527e-007], 
 128: [0, 1, -2.16826e-006], 
 129: [0, 1, -2.16826e-006], 
 130: [0, -1, -3.22981e-006], 
 131: [0, -1, -3.22981e-006], 
 132: [0, 1, 2.84697e-007], 
 133: [0, 1, 2.46319e-007], 
 134: [0, 1, 1.37803e-007], 
 135: [0, 1, 1.76181e-007], 
 136: [-5.08133e-009, 0, -1], 
 137: [-4.23244e-009, 0, -1], 
 138: [5.08133e-009, 0, -1], 
 139: [4.23244e-009, 0, -1], 
 140: [1, -8.01221e-007, 0], 
 141: [1, -8.01221e-007, 0], 
 142: [1, -8.01221e-007, 0], 
 143: [1, -8.01221e-007, 0], 
 144: [1.39423e-007, 0, 1], 
 145: [1.16131e-007, 0, 1], 
 146: [-1.39423e-007, 0, 1], 
 147: [-1.16131e-007, 0, 1], 
 148: [-1, 1.13382e-007, 0], 
 149: [-1, 1.13382e-007, 0], 
 150: [-1, 1.13382e-007, 0], 
 151: [-1, 1.13382e-007, 0], 
 152: [1.62719e-007, 0.00213491, -0.999998], 
 153: [1.58965e-007, 0.00213491, -0.999998], 
 154: [1.56304e-007, 0.00213491, -0.999998], 
 155: [1.59969e-007, 0.00213491, -0.999998], 
 156: [0, 1, -2.62754e-007], 
 157: [0, 1, 7.6656e-007], 
 158: [0, 1, 5.51302e-007], 
 159: [0, 1, -1.60617e-006], 
 160: [0, 1, 3.08022e-007], 
 161: [0, 1, 8.68013e-007], 
 162: [0, 1, -1.77277e-007], 
 163: [0, 1, -1.83414e-006], 
 164: [5.11453e-009, 0.00213491, 0.999998], 
 165: [-8.50018e-010, 0.00213491, 0.999998], 
 166: [-5.32442e-009, 0.00213491, 0.999998], 
 167: [7.84638e-010, 0.00213491, 0.999998], 
 168: [-0.999418, -0.0334067, -0.00692249], 
 169: [-0.999848, -0.0147263, -0.00937956], 
 170: [-0.999668, -0.0257796, -1.40776e-007], 
 171: [-0.999623, -0.0271809, -0.00382913], 
 172: [-0.999607, -0.0276409, 0.00458606], 
 173: [-0.999668, -0.02578, -1.28296e-010], 
 174: [-0.999831, -0.0155205, 0.00986807], 
 175: [-0.999424, -0.0329891, 0.00801926], 
 176: [0.999668, -0.0257796, 3.83174e-009], 
 177: [0.999668, -0.0257798, 3.83651e-009], 
 178: [0.999668, -0.0257799, 3.83793e-009], 
 179: [0.999668, -0.0257797, 3.83316e-009], 
 180: [0, -1, -6.37166e-007], 
 181: [0, -1, -6.24589e-007], 
 182: [0, -1, -3.67769e-007], 
 183: [0, -1, -3.80346e-007], 
 184: [-1.74994e-006, -2.78186e-007, 1], 
 185: [-1.46837e-006, -2.67472e-007, 1], 
 186: [5.56088e-006, 0, 1], 
 187: [4.07427e-006, -5.65672e-008, 1], 
 188: [-0.962681, -0.270639, 7.53098e-008], 
 189: [-0.962681, -0.270639, -1.56748e-008], 
 190: [-0.962681, -0.270639, -7.53098e-008], 
 191: [-0.962681, -0.270639, 1.56748e-008], 
 192: [2.1666e-006, 5.65673e-008, -1], 
 193: [2.40639e-006, 0, -1], 
 194: [1.27257e-006, 2.67472e-007, -1], 
 195: [1.22715e-006, 2.78186e-007, -1], 
 196: [0, -1, -3.67065e-006], 
 197: [0, -1, -3.67065e-006], 
 198: [0, -1, -3.67065e-006], 
 199: [0, -1, -3.67065e-006], 
 200: [-1, -7.88104e-008, 5.93226e-007], 
 201: [-1, -1.09497e-008, 4.665e-008], 
 202: [-1, -5.15781e-009, 0], 
 203: [-1, -7.30186e-008, 5.46576e-007], 
 204: [-3.54624e-008, 0, 1], 
 205: [-2.99582e-008, -1.63841e-015, 1], 
 206: [-1.70118e-008, -5.49208e-015, 1], 
 207: [-2.2516e-008, -3.85367e-015, 1], 
 208: [1, -4.60892e-008, 1.18645e-006], 
 209: [1, -4.60892e-008, 9.32992e-008], 
 210: [1, -4.60892e-008, -6.99083e-013], 
 211: [1, -4.60891e-008, 1.09315e-006], 
 212: [-0.288675, 0.957427, -4.71186e-007], 
 213: [-0.288674, 0.957427, 4.199e-007], 
 214: [-0.288674, 0.957428, 9.88442e-007], 
 215: [-0.288674, 0.957427, 9.73554e-008], 
 216: [-2.29718e-007, -2.82487e-007, -1], 
 217: [-1.70652e-007, -2.8005e-007, -1], 
 218: [2.06803e-005, 1.12635e-006, 1], 
 219: [0.000198974, 8.4834e-006, 1], 
 220: [0.288675, 0.957427, 1.41485e-007], 
 221: [0.288676, 0.957427, 1.41485e-007], 
 222: [0.288676, 0.957427, 1.41485e-007], 
 223: [0.288676, 0.957427, 1.41485e-007], 
 224: [-2.16768e-008, -1.74991e-008, 1], 
 225: [-5.73355e-008, -1.54392e-007, 1], 
 226: [-1.23245e-005, -4.73794e-005, -1], 
 227: [-0.00012013, -0.000461245, -1], 
 228: [-1, 1.73766e-007, 0], 
 229: [-1, -7.68138e-008, 0], 
 230: [-1, -1.73766e-007, 0], 
 231: [-1, 7.68138e-008, 0], 
 232: [1, -3.72078e-008, 0], 
 233: [1, 1.64478e-008, 0], 
 234: [1, 3.72078e-008, 0], 
 235: [1, -1.64478e-008, 0], 
 236: [-1.37515e-007, -5.16184e-015, -1], 
 237: [-7.07602e-008, 2.95333e-015, -1], 
 238: [-5.25931e-008, 5.16184e-015, -1], 
 239: [-1.19348e-007, -2.95333e-015, -1], 
 240: [0.000229117, -1, -6.5923e-007], 
 241: [0.000229117, -1, -6.59257e-007], 
 242: [0.000229118, -1, -6.80741e-007], 
 243: [0.000229118, -1, -6.80713e-007], 
 244: [1.03858e-008, 0, 1], 
 245: [1.4846e-008, 0, 1], 
 246: [1.53751e-008, 0, 1], 
 247: [1.45214e-008, 0, 1], 
 248: [-1.09332e-008, 0, 1], 
 249: [-2.15484e-010, 0, 1], 
 250: [9.72475e-009, 0, 1], 
 251: [3.39835e-010, 0, 1], 
 252: [0.5, 1.70894e-007, -0.866025], 
 253: [-0.499999, 2.28538e-008, -0.866026], 
 254: [-1, -2.86714e-007, 1.35847e-007], 
 255: [-0.5, -2.39504e-007, 0.866025], 
 256: [0.499999, 2.17398e-007, 0.866026], 
 257: [1, 3.88292e-007, -7.3266e-008], 
 258: [0.396202, 0.609993, -0.686246], 
 259: [-0.396202, 0.609994, -0.686244], 
 260: [-0.792406, 0.609994, 4.34819e-006], 
 261: [-0.396202, 0.609993, 0.686246], 
 262: [0.396202, 0.609995, 0.686244], 
 263: [0.792406, 0.609994, -4.55942e-006], 
 264: [0, 1, 1.62393e-011], 
 265: [0.707107, 7.81227e-009, -0.707107], 
 266: [-2.56699e-007, -1.10369e-008, -1], 
 267: [-0.707106, -2.37417e-007, -0.707107], 
 268: [-1, -2.23476e-007, -1.04092e-007], 
 269: [-0.707107, 1.00947e-008, 0.707107], 
 270: [-3.69647e-007, 1.41481e-007, 1], 
 271: [0.707107, -4.93855e-008, 0.707106], 
 272: [1, -3.82296e-008, 2.48806e-007], 
 273: [0.548985, 0.630262, -0.548985], 
 274: [1.83353e-007, 0.630262, -0.776382], 
 275: [-0.548985, 0.630262, -0.548985], 
 276: [-0.776382, 0.630263, -3.867e-007], 
 277: [-0.548985, 0.630263, 0.548985], 
 278: [1.99297e-007, 0.630262, 0.776382], 
 279: [0.548986, 0.630262, 0.548985], 
 280: [0.776382, 0.630263, 4.7797e-007], 
 281: [0, 1, -1.399e-013], 
 282: [-0.807365, -0.556145, -0.19714], 
 283: [-0.552506, -0.468798, 0.689178], 
 284: [-0.974573, -0.168709, 0.147458], 
 285: [0.793486, 0.536585, 0.287153], 
 286: [0.989716, 0.0818692, -0.117303], 
 287: [0.95023, 0.267424, 0.159835], 
 288: [0.799405, 0.585825, -0.13327], 
 289: [0.841999, 0.512702, -0.167854], 
 290: [0.852741, 0.462297, -0.243135], 
 291: [-0.940922, -0.326809, -0.0886643], 
 292: [-0.248154, -0.276796, 0.928334], 
 293: [-0.0196689, -0.669772, 0.742307], 
 294: [0.0375571, -0.940485, 0.337754], 
 295: [0.494355, 0.434064, -0.753127], 
 296: [0.8974, 0.0502332, -0.43835], 
 297: [0.827666, 0.453704, -0.330336], 
 298: [0.708365, 0.18453, -0.681298], 
 299: [0.776304, 0.490187, -0.396318], 
 300: [0.718158, 0.557978, -0.415825], 
 301: [-0.89592, -0.141753, 0.420992], 
 302: [-0.09715, -0.98665, -0.130707], 
 303: [-0.734854, -0.256182, 0.627981], 
 304: [-0.372737, -0.790772, -0.485539], 
 305: [-0.684954, -0.426492, -0.590714], 
 306: [-0.358862, -0.349236, 0.865594], 
 307: [-0.106941, -0.931639, 0.347293], 
 308: [-0.157814, -0.693945, 0.70252], 
 309: [-0.77329, -0.580239, 0.255627], 
 310: [-0.77986, -0.568922, 0.261048], 
 311: [-0.781472, -0.561196, 0.272691], 
 312: [0.227925, 0.0589629, 0.971892], 
 313: [0.515716, -0.435072, 0.738071], 
 314: [0.588246, -0.775528, 0.22918], 
 315: [-0.742131, -0.480561, -0.467228], 
 316: [-0.225249, -0.972188, -0.0641323], 
 317: [-0.777617, -0.559872, 0.286105], 
 318: [-0.467737, -0.800202, -0.375364], 
 319: [-0.769721, -0.565444, 0.296316], 
 320: [-0.760698, -0.57593, 0.299404], 
 321: [0.418766, -0.833606, -0.360189], 
 322: [0.0716569, -0.587255, -0.806224], 
 323: [-0.321278, -0.129287, -0.938118], 
 324: [-0.385158, -0.856127, 0.344527], 
 325: [0.297951, 0.88865, -0.348606], 
 326: [0.337546, 0.703177, -0.625784], 
 327: [0.675565, 0.631087, -0.381236], 
 328: [0.664807, 0.681484, -0.305961], 
 329: [-0.418897, -0.698093, 0.580682], 
 330: [-0.9139, -0.0338792, -0.404524], 
 331: [-0.97164, 0.236464, 0.000234653], 
 332: [0.390264, 0.920291, -0.0275614], 
 333: [0.689883, 0.690079, -0.218752], 
 334: [0.767194, 0.578236, -0.277591], 
 335: [0.579408, 0.786073, 0.215348], 
 336: [0.741259, 0.653602, -0.152772], 
 337: [-0.463813, -0.883084, 0.0709938], 
 338: [-0.836932, 0.282631, 0.468683], 
 339: [-0.624965, -0.768721, -0.135965], 
 340: [-0.560843, 0.0871358, 0.823324], 
 341: [-0.993456, 0.102281, 0.0508262], 
 342: [-0.942883, -0.135626, -0.304264], 
 343: [-0.754129, -0.587249, 0.293986], 
 344: [-0.752518, -0.594979, 0.282342], 
 345: [-0.609017, 0.364777, -0.704299], 
 346: [-0.68148, 0.705267, -0.195408], 
 347: [-0.875157, 0.142775, 0.462293], 
 348: [-0.756372, -0.596302, 0.268934], 
 349: [-0.632911, -0.0294048, 0.773666], 
 350: [-0.764268, -0.590728, 0.258718], 
 351: [-0.512003, 0.763321, 0.393945], 
 352: [-0.767146, -0.578234, 0.277728], 
 353: [-0.164959, 0.516947, 0.839973], 
 354: [0, 0, -1], 
 355: [0, 0, -1], 
 356: [0, 0, -1], 
 357: [0, 0, -1], 
 358: [0, 0, 1], 
 359: [0, 0, 1], 
 360: [0, 0, 1], 
 361: [0, 0, 1], 
 362: [-5.64655e-007, 9.42917e-014, 1], 
 363: [-4.42351e-007, 2.10929e-013, 1], 
 364: [-7.62399e-007, -9.42917e-014, 1], 
 365: [-8.84703e-007, -2.1093e-013, 1], 
 366: [3.63399e-007, 5.98151e-006, 1], 
 367: [-6.29586e-008, 8.61708e-008, 1], 
 368: [-2.62985e-007, -6.58243e-007, 1], 
 369: [5.30796e-007, 1.7848e-006, 1], 
 370: [-6.2297e-006, 8.63573e-005, 1], 
 371: [4.72383e-007, -3.94287e-006, 1], 
 372: [-7.34607e-007, 0, 1], 
 373: [-3.01411e-007, -3.71325e-007, 1], 
 374: [1.17654e-007, -6.04761e-007, 1], 
 375: [1.67468e-006, 7.33031e-007, 1], 
 376: [-4.00768e-007, 8.49586e-008, 1], 
 377: [1, 0, 0], 
 378: [0, 0, 1], 
 379: [-1.72919e-007, 0, 1], 
 380: [-6.60794e-008, 0, 1], 
 381: [-2.38998e-007, 0, 1], 
 382: [-1, 8.11241e-007, 0], 
 383: [-1, 6.1682e-007, 0], 
 384: [-1, 3.37351e-007, 0], 
 385: [-1, 1.42929e-007, 0], 
 386: [1, 4.36135e-007, -9.69819e-007], 
 387: [1, 1.82379e-007, -6.87685e-007], 
 388: [1, -1.8238e-007, -2.82134e-007], 
 389: [1, -4.36135e-007, 0], 
 390: [1, 1.85927e-006, -9.53674e-007], 
 391: [1, 9.53675e-007, -4.76837e-007], 
 392: [1, 4.80768e-008, 0], 
 393: [1, 9.53674e-007, -4.76837e-007], 
 394: [-1, -1.84641e-006, 1.51399e-007], 
 395: [-1, -4.45323e-006, 0], 
 396: [-1, -6.05692e-007, -4.82292e-012], 
 397: [-1, -8.45078e-007, 4.4903e-008], 
 398: [1, 9.65106e-007, -1.17229e-006], 
 399: [1, 8.74713e-007, -1.14984e-006], 
 400: [1, 1.59891e-006, -9.64469e-007], 
 401: [1, 9.29239e-006, -3.07243e-011], 
 402: [1, 3.49857e-006, -6.5383e-008], 
 403: [1, 2.3868e-007, 3.96322e-007], 
 404: [1, -2.15929e-007, 4.59088e-006], 
 405: [1, 3.57567e-007, -9.14677e-008], 
 406: [1, 8.94871e-007, -1.17229e-006], 
 407: [1, 7.43016e-007, -1.17229e-006], 
 408: [1, 2.7742e-007, -1.17229e-006], 
 409: [1, 4.29275e-007, -1.17229e-006], 
 410: [-1, -3.42998e-007, 0], 
 411: [-1, -1.69635e-007, 0], 
 412: [-1, 3.6191e-007, 0], 
 413: [-1, 1.88547e-007, 0], 
 414: [1, 8.88532e-007, 0], 
 415: [1, 9.35827e-007, 0], 
 416: [1, 1.00381e-006, 0], 
 417: [1, 1.05111e-006, 0], 
 418: [-1, 7.03283e-007, 9.69823e-007], 
 419: [-1, 5.76229e-007, 9.69822e-007], 
 420: [-1, 3.93594e-007, 9.6982e-007], 
 421: [-1, 2.6654e-007, 9.69819e-007], 
 422: [-5.31026e-008, -9.53672e-007, -1], 
 423: [-5.31026e-008, -9.53672e-007, -1], 
 424: [-5.31025e-008, -9.53672e-007, -1], 
 425: [-5.31026e-008, -9.53672e-007, -1], 
 426: [5.22945e-007, -5.33081e-006, -1], 
 427: [5.45903e-008, -9.37784e-008, -1], 
 428: [1.49887e-006, 9.27825e-008, -1], 
 429: [3.06156e-007, 1.46046e-006, -1], 
 430: [-7.27983e-008, -3.68481e-008, -1], 
 431: [1.29879e-006, 5.77138e-007, -1], 
 432: [-1.54088e-007, -6.91497e-007, -1], 
 433: [-2.30427e-007, 1.29409e-007, -1], 
 434: [-3.8925e-007, 0, -1], 
 435: [-3.8925e-007, 0, -1], 
 436: [-3.8925e-007, 0, -1], 
 437: [-3.8925e-007, 0, -1]]
Texture Coordinates
[0: [0.317922, 0.368445],
1: [0.317922, 0.36107],
2: [0.317922, 0.36107],
3: [0.317922, 0.368445],
4: [0.350261, 0.368445],
5: [0.350261, 0.36107],
6: [0.350261, 0.36107],
7: [0.350261, 0.368445],
8: [0.590855, 0.634977],
9: [0.590855, 0.619977],
10: [0.590855, 0.619977],
11: [0.590855, 0.634977],
12: [0.580036, 0.619977],
13: [0.580036, 0.634977],
14: [0.580036, 0.619977],
15: [0.580036, 0.634977],
16: [0.305054, 0.326311],
17: [0.317922, 0.651396],
18: [0.317922, 0.651396],
19: [0.317922, 0.645294],
20: [0.317922, 0.645294],
21: [0.350261, 0.645294],
22: [0.350261, 0.651396],
23: [0.305054, 0.313494],
24: [0.350261, 0.651396],
25: [0.350261, 0.645294],
26: [0.347907, 0.645294],
27: [0.320276, 0.645294],
28: [0.225954, 0.0612346],
29: [0.225954, 0.00458427],
30: [0.279009, 0.00458427],
31: [0.227281, 0.241483],
32: [0.0619003, 0.241483],
33: [0.0101721, 0.00458427],
34: [0.0632268, 0.00458427],
35: [0.0632268, 0.0612346],
36: [0.303187, 0.645294],
37: [0.580036, 0.645294],
38: [0.580036, 0.368445],
39: [0.303187, 0.368445],
40: [0.652546, 0.241482],
41: [0.817927, 0.241482],
42: [0.869655, 0.00458428],
43: [0.600818, 0.00458428],
44: [0.30906, 0.00458428],
45: [0.577897, 0.00458428],
46: [0.526168, 0.241482],
47: [0.360788, 0.241482],
48: [0.279921, 0.359584],
49: [0.0110843, 0.359584],
50: [0.0628125, 0.596482],
51: [0.228193, 0.596482],
52: [0.0619003, 0.241482],
53: [0.227281, 0.241482],
54: [0.246575, 0.266766],
55: [0.0426059, 0.266766],
56: [0.360788, 0.241482],
57: [0.526168, 0.241482],
58: [0.545463, 0.266766],
59: [0.341494, 0.266766],
60: [0.817927, 0.241482],
61: [0.652546, 0.241482],
62: [0.633252, 0.266766],
63: [0.837221, 0.266766],
64: [0.228193, 0.596482],
65: [0.0628125, 0.596482],
66: [0.0435181, 0.621766],
67: [0.247487, 0.621766],
68: [0.339627, 0.608854],
69: [0.543596, 0.608854],
70: [0.580036, 0.645294],
71: [0.303187, 0.645294],
72: [0.543596, 0.608854],
73: [0.543596, 0.404885],
74: [0.580036, 0.368445],
75: [0.580036, 0.645294],
76: [0.543596, 0.404885],
77: [0.339627, 0.404885],
78: [0.303187, 0.368445],
79: [0.580036, 0.368445],
80: [0.339627, 0.404885],
81: [0.339627, 0.608854],
82: [0.303187, 0.645294],
83: [0.303187, 0.368445],
84: [0.00616574, 0.266766],
85: [0.283015, 0.266766],
86: [0.283015, 0.345416],
87: [0.00616574, 0.345416],
88: [0.350261, 0.645294],
89: [0.350261, 0.645294],
90: [0.317922, 0.645294],
91: [0.317922, 0.645294],
92: [0.305054, 0.266766],
93: [0.581903, 0.266766],
94: [0.581903, 0.345416],
95: [0.305054, 0.345416],
96: [0.873661, 0.266766],
97: [0.596812, 0.266766],
98: [0.596812, 0.345416],
99: [0.873661, 0.345416],
100: [0.565596, 0.368445],
101: [0.533257, 0.368445],
102: [0.533257, 0.368445],
103: [0.565596, 0.368445],
104: [0.283927, 0.621766],
105: [0.00707796, 0.621766],
106: [0.00707796, 0.700416],
107: [0.283927, 0.700416],
108: [0.225954, 0.0045843],
109: [0.225954, 0.0612346],
110: [0.0632268, 0.0612346],
111: [0.0632268, 0.0045843],
112: [0.30906, 0.00458428],
113: [0.32143, 0.0612345],
114: [0.327977, 0.0612345],
115: [0.327977, 0.00458428],
116: [0.360248, 0.628918],
117: [0.360248, 0.622371],
118: [0.522975, 0.622371],
119: [0.522975, 0.628918],
120: [0.327977, 0.00458428],
121: [0.327977, 0.0612345],
122: [0.32143, 0.0612345],
123: [0.30906, 0.00458428],
124: [0.317922, 0.651396],
125: [0.350261, 0.651396],
126: [0.350261, 0.651396],
127: [0.317922, 0.651396],
128: [0.565596, 0.36107],
129: [0.533257, 0.36107],
130: [0.565596, 0.36107],
131: [0.533257, 0.36107],
132: [0.0441456, 0.908646],
133: [0.0445933, 0.988851],
134: [0.191249, 0.988033],
135: [0.190801, 0.907827],
136: [0.308647, 0.823648],
137: [0.303648, 0.823676],
138: [0.3032, 0.74347],
139: [0.3082, 0.743442],
140: [0.209426, 0.721723],
141: [0.209395, 0.716232],
142: [0.0334086, 0.717214],
143: [0.0334391, 0.722705],
144: [0.3082, 0.743442],
145: [0.3032, 0.74347],
146: [0.303648, 0.823676],
147: [0.308647, 0.823648],
148: [0.0334391, 0.722705],
149: [0.0334086, 0.717214],
150: [0.209395, 0.716232],
151: [0.209426, 0.721723],
152: [0.259866, 0.841845],
153: [0.259218, 0.72579],
154: [0.308168, 0.737838],
155: [0.308678, 0.829251],
156: [0.198402, 0.993596],
157: [0.197892, 0.902184],
158: [0.0369918, 0.903082],
159: [0.0375023, 0.994495],
160: [0.0441456, 0.908645],
161: [0.190801, 0.907827],
162: [0.191249, 0.988033],
163: [0.0445933, 0.988851],
164: [0.308678, 0.829251],
165: [0.308168, 0.737838],
166: [0.259218, 0.72579],
167: [0.259866, 0.841845],
168: [0.173211, 0.87045],
169: [0.173037, 0.839318],
170: [0.243364, 0.838926],
171: [0.222679, 0.892735],
172: [0.0295988, 0.893813],
173: [0.0083143, 0.840238],
174: [0.147712, 0.83946],
175: [0.147886, 0.870592],
176: [0.243948, 0.769515],
177: [0.00889894, 0.770828],
178: [0.0301833, 0.824403],
179: [0.223264, 0.823325],
180: [0.166581, 0.746025],
181: [0.166591, 0.747728],
182: [0.166591, 0.747728],
183: [0.166581, 0.746025],
184: [0.132522, 0.737642],
185: [0.13258, 0.747917],
186: [0.166591, 0.747728],
187: [0.166581, 0.746025],
188: [0.173037, 0.839318],
189: [0.173211, 0.87045],
190: [0.147886, 0.870592],
191: [0.147712, 0.83946],
192: [0.166581, 0.746025],
193: [0.166591, 0.747728],
194: [0.13258, 0.747917],
195: [0.132522, 0.737642],
196: [0, 1.5981],
197: [0, 2],
198: [1, 2],
199: [1, 1.5981],
200: [0.85222, 0.355582],
201: [0.85222, 0.404138],
202: [0.858249, 0.404138],
203: [0.858249, 0.355582],
204: [0.73125, 0.366572],
205: [0.73125, 0.415128],
206: [0.63533, 0.415128],
207: [0.63533, 0.366572],
208: [0.858249, 0.355582],
209: [0.858249, 0.404138],
210: [0.85222, 0.404138],
211: [0.85222, 0.355582],
212: [0.741007, 0.606493],
213: [0.741007, 0.732052],
214: [0.825357, 0.732052],
215: [0.825357, 0.606493],
216: [0.764909, 0.535721],
217: [0.596459, 0.535721],
218: [0.680809, 0.561154],
219: [0.68056, 0.561154],
220: [0.909457, 0.732052],
221: [0.909457, 0.606493],
222: [0.825107, 0.606493],
223: [0.825107, 0.732052],
224: [0.598361, 0.425409],
225: [0.766811, 0.425409],
226: [0.682461, 0.450841],
227: [0.682711, 0.450841],
228: [0.97778, 0.430641],
229: [0.85222, 0.430641],
230: [0.85222, 0.489478],
231: [0.97778, 0.489478],
232: [0.85222, 0.355582],
233: [0.97778, 0.355582],
234: [0.97778, 0.414418],
235: [0.85222, 0.414418],
236: [0.596459, 0.535721],
237: [0.764909, 0.535721],
238: [0.764909, 0.476885],
239: [0.596459, 0.476885],
240: [0.825357, 0.732052],
241: [0.825107, 0.732052],
242: [0.825107, 0.606493],
243: [0.825357, 0.606493],
244: [0.73125, 0.415128],
245: [0.73125, 0.366572],
246: [0.766811, 0.366572],
247: [0.766811, 0.425409],
248: [0.598361, 0.425409],
249: [0.598361, 0.366572],
250: [0.63533, 0.366572],
251: [0.63533, 0.415128],
252: [0.652662, 0.803973],
253: [0.644884, 0.803973],
254: [0.619329, 0.803973],
255: [0.627662, 0.803973],
256: [0.635996, 0.803973],
257: [0.644329, 0.803973],
258: [0.652662, 0.857403],
259: [0.641496, 0.857403],
260: [0.629496, 0.857403],
261: [0.627662, 0.857403],
262: [0.635996, 0.857403],
263: [0.644329, 0.857403],
264: [0.648018, 0.857403],
265: [0.650579, 0.781967],
266: [0.656829, 0.781967],
267: [0.646968, 0.781967],
268: [0.619329, 0.781967],
269: [0.625579, 0.781967],
270: [0.631829, 0.781967],
271: [0.638079, 0.781967],
272: [0.644329, 0.781967],
273: [0.650579, 0.816717],
274: [0.656829, 0.816717],
275: [0.643579, 0.816717],
276: [0.629496, 0.816717],
277: [0.625579, 0.816717],
278: [0.631829, 0.816717],
279: [0.638079, 0.816717],
280: [0.644329, 0.816717],
281: [0.648018, 0.816717],
282: [0.757712, 0.861195],
283: [0.844436, 0.861201],
284: [0.787687, 0.902393],
285: [0.754686, 0.86119],
286: [0.786751, 0.905263],
287: [0.763561, 0.888446],
288: [0.777009, 0.861168],
289: [0.781612, 0.875302],
290: [0.793638, 0.884022],
291: [0.766009, 0.886673],
292: [0.74031, 0.861265],
293: [0.751941, 0.896982],
294: [0.782331, 0.91902],
295: [0.84746, 0.861197],
296: [0.815387, 0.905265],
297: [0.808487, 0.884023],
298: [0.83858, 0.888451],
299: [0.820514, 0.875304],
300: [0.825119, 0.861171],
301: [0.814455, 0.902395],
302: [0.819857, 0.919023],
303: [0.836135, 0.886678],
304: [0.85025, 0.896989],
305: [0.861888, 0.861274],
306: [0.797972, 0.861195],
307: [0.800116, 0.864142],
308: [0.798566, 0.863017],
309: [0.780748, 0.861178],
310: [0.784636, 0.873117],
311: [0.794794, 0.880484],
312: [0.798741, 0.861296],
313: [0.799194, 0.862687],
314: [0.800377, 0.863545],
315: [0.804174, 0.861196],
316: [0.80203, 0.864142],
317: [0.807338, 0.880485],
318: [0.803581, 0.863018],
319: [0.817498, 0.87312],
320: [0.821388, 0.861181],
321: [0.801839, 0.863545],
322: [0.803022, 0.862687],
323: [0.803475, 0.861296],
324: [0.814462, 0.820003],
325: [0.815394, 0.817125],
326: [0.838584, 0.833942],
327: [0.820516, 0.847038],
328: [0.808491, 0.838317],
329: [0.83614, 0.835723],
330: [0.850256, 0.825557],
331: [0.819867, 0.803518],
332: [0.786758, 0.817123],
333: [0.793641, 0.838316],
334: [0.801063, 0.861165],
335: [0.763566, 0.833936],
336: [0.781614, 0.847035],
337: [0.787693, 0.820001],
338: [0.782341, 0.803515],
339: [0.766013, 0.835718],
340: [0.751947, 0.825549],
341: [0.802031, 0.85825],
342: [0.803581, 0.859374],
343: [0.8175, 0.849242],
344: [0.807341, 0.841875],
345: [0.803022, 0.859905],
346: [0.801839, 0.859047],
347: [0.800116, 0.85825],
348: [0.794797, 0.841874],
349: [0.798566, 0.859374],
350: [0.784638, 0.849239],
351: [0.800378, 0.859047],
352: [0.801153, 0.861426],
353: [0.799194, 0.859905],
354: [0.283015, 0.295998],
355: [0.293834, 0.295998],
356: [0.283015, 0.280998],
357: [0.293834, 0.280998],
358: [0.283015, 0.280998],
359: [0.293834, 0.280998],
360: [0.283015, 0.295998],
361: [0.293834, 0.295998],
362: [0.0532398, 0.312402],
363: [0.0532398, 0.327402],
364: [0.020901, 0.327402],
365: [0.020901, 0.312402],
366: [0.0532398, 0.280998],
367: [0.020901, 0.280998],
368: [0.020901, 0.295998],
369: [0.020901, 0.327402],
370: [0.0232545, 0.327402],
371: [0.0532398, 0.327402],
372: [0.0532398, 0.313494],
373: [0.0532398, 0.312402],
374: [0.0532398, 0.295998],
375: [0.0508864, 0.312402],
376: [0.020901, 0.312402],
377: [0.020901, 0.326311],
378: [0.020901, 0.280998],
379: [0.0532398, 0.280998],
380: [0.020901, 0.295998],
381: [0.0532398, 0.295998],
382: [0.581903, 0.295998],
383: [0.589278, 0.295998],
384: [0.581903, 0.280998],
385: [0.589278, 0.280998],
386: [0.581903, 0.280998],
387: [0.589278, 0.280998],
388: [0.581903, 0.295998],
389: [0.589278, 0.295998],
390: [0.315371, 0.280998],
391: [0.330371, 0.280998],
392: [0.330371, 0.295998],
393: [0.315371, 0.295998],
394: [0.298952, 0.327402],
395: [0.305054, 0.327402],
396: [0.305054, 0.312402],
397: [0.298952, 0.312402],
398: [0.305054, 0.327402],
399: [0.298952, 0.327402],
400: [0.298952, 0.312402],
401: [0.305054, 0.312402],
402: [0.330371, 0.280998],
403: [0.315371, 0.280998],
404: [0.315371, 0.295998],
405: [0.330371, 0.295998],
406: [0.305054, 0.295998],
407: [0.298952, 0.295998],
408: [0.298952, 0.280998],
409: [0.305054, 0.280998],
410: [0.305054, 0.280998],
411: [0.298952, 0.280998],
412: [0.298952, 0.295998],
413: [0.305054, 0.295998],
414: [0.581903, 0.280998],
415: [0.589278, 0.280998],
416: [0.581903, 0.295998],
417: [0.589278, 0.295998],
418: [0.581903, 0.295998],
419: [0.589278, 0.295998],
420: [0.581903, 0.280998],
421: [0.589278, 0.280998],
422: [0.611547, 0.295998],
423: [0.643886, 0.295998],
424: [0.643886, 0.280998],
425: [0.611547, 0.280998],
426: [0.826882, 0.280998],
427: [0.859221, 0.280998],
428: [0.859221, 0.295998],
429: [0.826882, 0.295998],
430: [0.643886, 0.295998],
431: [0.611547, 0.295998],
432: [0.611547, 0.280998],
433: [0.643886, 0.280998],
434: [0.826882, 0.295998],
435: [0.859221, 0.295998],
436: [0.859221, 0.280998],
437: [0.826882, 0.280998]]
