Name: building3
Transform: [0, 0, 0]
Rotation: [0, 0, 0, 1]
Scale: [1, 1, 1]
LOD: 0
Animation data
[]
[]
[]
SubObjects: [ ]
Shading Data:
Diffuse_Color: [1,1,1,1]
Ambient: [0, 0, 0, 0]
Emmision_Color: [0, 0, 0, 0]
Specular_Color: [0, 0, 0, 1]
Shininess: 0
Texture: building3
Number of Vertices: 108
[0: [1.7236, 2.03977, 1.80457, 1], 
 1: [-2.25028, 2.03977, 1.80457, 1], 
 2: [-2.25028, 1.03977, 1.80457, 1], 
 3: [1.7236, 1.03977, 1.80457, 1], 
 4: [1.7236, 2.03977, 1.89389, 1], 
 5: [1.7236, 2.03977, 1.80457, 1], 
 6: [1.7236, 1.03977, 1.80457, 1], 
 7: [1.7236, 1.03977, 2.25164, 1], 
 8: [1.7236, 1.03977, 2.25164, 1], 
 9: [1.7236, 1.03977, 1.80457, 1], 
 10: [-2.25028, 1.03977, 1.80457, 1], 
 11: [-2.25028, 1.03977, 2.25164, 1], 
 12: [-2.25028, 1.03977, 2.25164, 1], 
 13: [-2.25028, 1.03977, 1.80457, 1], 
 14: [-2.25028, 2.03977, 1.80457, 1], 
 15: [-2.25028, 2.03977, 1.89389, 1], 
 16: [-2.25028, 2.03977, 1.89389, 1], 
 17: [-2.25028, 2.03977, 1.80457, 1], 
 18: [1.7236, 2.03977, 1.80457, 1], 
 19: [1.7236, 2.03977, 1.89389, 1], 
 20: [3.42055, 1.74399, -2.42019, 1], 
 21: [3.32515, 1.74399, -2.42019, 1], 
 22: [3.32515, -2.42725e-010, -2.42019, 1], 
 23: [3.9008, 5.16682e-010, -2.42019, 1], 
 24: [3.32515, 1.17782e-007, -2.42019, 1], 
 25: [3.32515, 1.74399, -2.42019, 1], 
 26: [3.32515, 1.74399, -1.12159, 1], 
 27: [3.32515, 6.43094e-008, -1.12159, 1], 
 28: [3.9008, -1.54909e-008, -1.12159, 1], 
 29: [3.32515, -1.62503e-008, -1.12159, 1], 
 30: [3.32515, 1.74399, -1.12159, 1], 
 31: [3.42055, 1.74399, -1.12159, 1], 
 32: [3.42055, 1.74399, -1.12159, 1], 
 33: [3.32515, 1.74399, -1.12159, 1], 
 34: [3.32515, 1.74399, -2.42019, 1], 
 35: [3.42055, 1.74399, -2.42019, 1], 
 36: [-3.9008, -4.81396e-008, -6.02639, 1], 
 37: [-3.9008, 1.90583e-007, 2.62362, 1], 
 38: [-3.07253, 3.00782, 1.54757, 1], 
 39: [-3.07253, 3.00782, -4.95035, 1], 
 40: [3.42055, 1.74399, -2.42019, 1], 
 41: [3.9008, 1.6617e-007, -2.42019, 1], 
 42: [3.9008, 3.01058e-007, -6.02639, 1], 
 43: [3.07253, 3.00782, -4.95035, 1], 
 44: [3.07253, 3.00782, 1.54757, 1], 
 45: [3.9008, -2.24906e-008, 2.62362, 1], 
 46: [3.9008, 1.17597e-007, -1.12159, 1], 
 47: [3.42055, 1.74399, -1.12159, 1], 
 48: [-3.07253, 3.00782, -4.95035, 1], 
 49: [3.07253, 3.00782, -4.95035, 1], 
 50: [3.9008, -2.79196e-007, -6.02639, 1], 
 51: [-3.9008, -2.79196e-007, -6.02639, 1], 
 52: [-3.07253, 3.00782, 1.54757, 1], 
 53: [3.07253, 3.00782, 1.54757, 1], 
 54: [3.07253, 3.00782, -4.95035, 1], 
 55: [-3.07253, 3.00782, -4.95035, 1], 
 56: [2.69586, 3.00782, -4.51208, 1], 
 57: [2.69586, 3.00782, 1.10931, 1], 
 58: [-2.69586, 3.00782, 1.10931, 1], 
 59: [-2.69586, 3.00782, -4.51208, 1], 
 60: [-3.9008, -1.69862e-007, 2.62362, 1], 
 61: [3.9008, -1.69862e-007, 2.62362, 1], 
 62: [3.07253, 3.00782, 1.54757, 1], 
 63: [-3.07253, 3.00782, 1.54757, 1], 
 64: [1.7236, 1.03977, 2.25164, 1], 
 65: [-2.25028, 1.03977, 2.25164, 1], 
 66: [-2.25028, 2.03977, 1.89389, 1], 
 67: [1.7236, 2.03977, 1.89389, 1], 
 68: [-2.69586, 3.00782, 1.10931, 1], 
 69: [-2.69586, 2.70021, 1.10931, 1], 
 70: [-2.69586, 2.70021, -4.51208, 1], 
 71: [-2.69586, 3.00782, -4.51208, 1], 
 72: [2.69586, 3.00782, 1.10931, 1], 
 73: [2.69586, 2.70021, 1.10931, 1], 
 74: [-2.69586, 2.70021, 1.10931, 1], 
 75: [-2.69586, 3.00782, 1.10931, 1], 
 76: [2.69586, 3.00782, -4.51208, 1], 
 77: [2.69586, 2.70021, -4.51208, 1], 
 78: [2.69586, 2.70021, 1.10931, 1], 
 79: [2.69586, 3.00782, 1.10931, 1], 
 80: [-2.69586, 3.00782, -4.51208, 1], 
 81: [-2.69586, 2.70021, -4.51208, 1], 
 82: [2.69586, 2.70021, -4.51208, 1], 
 83: [2.69586, 3.00782, -4.51208, 1], 
 84: [2.69586, 2.70021, -4.51208, 1], 
 85: [-2.69586, 2.70021, -4.51208, 1], 
 86: [-2.69586, 2.70021, 1.10931, 1], 
 87: [2.69586, 2.70021, 1.10931, 1], 
 88: [3.06753, 2.7255, 0.938406, 1], 
 89: [4.06753, 2.7255, 0.938406, 1], 
 90: [4.06753, 2.90703, 0.938406, 1], 
 91: [3.06753, 2.90703, 0.938406, 1], 
 92: [3.06753, 2.90703, 0.938406, 1], 
 93: [4.06753, 2.90703, 0.938406, 1], 
 94: [4.06753, 2.90703, -3.41015, 1], 
 95: [3.06753, 2.90703, -3.41015, 1], 
 96: [3.06753, 2.90703, -3.41015, 1], 
 97: [4.06753, 2.90703, -3.41015, 1], 
 98: [4.06753, 2.7255, -3.41015, 1], 
 99: [3.06753, 2.7255, -3.41015, 1], 
 100: [3.06753, 2.7255, -3.41015, 1], 
 101: [4.06753, 2.7255, -3.41015, 1], 
 102: [4.06753, 2.7255, 0.938406, 1], 
 103: [3.06753, 2.7255, 0.938406, 1], 
 104: [4.06753, 2.7255, 0.938406, 1], 
 105: [4.06753, 2.7255, -3.41015, 1], 
 106: [4.06753, 2.90703, -3.41015, 1], 
 107: [4.06753, 2.90703, 0.938406, 1]]
Number of polygons: 64
Polygon Connection List
[0: [0, 1, 3], 
1: [1, 2, 3], 
2: [5, 6, 4], 
3: [4, 6, 7], 
4: [8, 9, 11], 
5: [9, 10, 11], 
6: [14, 15, 13], 
7: [12, 13, 15], 
8: [16, 17, 19], 
9: [17, 18, 19], 
10: [21, 22, 20], 
11: [20, 22, 23], 
12: [24, 25, 27], 
13: [25, 26, 27], 
14: [30, 31, 29], 
15: [28, 29, 31], 
16: [32, 33, 35], 
17: [33, 34, 35], 
18: [36, 37, 39], 
19: [37, 38, 39], 
20: [42, 43, 41], 
21: [41, 43, 40], 
22: [43, 44, 40], 
23: [40, 44, 47], 
24: [45, 46, 44], 
25: [44, 46, 47], 
26: [50, 51, 49], 
27: [48, 49, 51], 
28: [52, 58, 55], 
29: [58, 59, 55], 
30: [52, 53, 58], 
31: [58, 53, 57], 
32: [53, 54, 57], 
33: [57, 54, 56], 
34: [54, 55, 56], 
35: [59, 56, 55], 
36: [60, 61, 65], 
37: [65, 61, 64], 
38: [60, 65, 63], 
39: [65, 66, 63], 
40: [61, 62, 64], 
41: [64, 62, 67], 
42: [62, 63, 67], 
43: [66, 67, 63], 
44: [68, 69, 71], 
45: [69, 70, 71], 
46: [72, 73, 75], 
47: [73, 74, 75], 
48: [76, 77, 79], 
49: [77, 78, 79], 
50: [80, 81, 83], 
51: [81, 82, 83], 
52: [84, 85, 87], 
53: [85, 86, 87], 
54: [88, 89, 91], 
55: [89, 90, 91], 
56: [92, 93, 95], 
57: [93, 94, 95], 
58: [96, 97, 99], 
59: [97, 98, 99], 
60: [100, 101, 103], 
61: [101, 102, 103], 
62: [104, 105, 107], 
63: [105, 106, 107]]
Per Vertex Normals
[0: [-1.17252e-008, 0, 1], 
 1: [-1.17252e-008, 0, 1], 
 2: [-1.17252e-008, 0, 1], 
 3: [-1.17252e-008, 0, 1], 
 4: [-1, 1.24196e-007, 0], 
 5: [-1, 1.61851e-007, 0], 
 6: [-1, 4.68556e-009, 0], 
 7: [-1, -4.76408e-009, 0], 
 8: [0, 1, -2.47049e-007], 
 9: [0, 1, -2.47049e-007], 
 10: [0, 1, -2.47049e-007], 
 11: [0, 1, -2.47049e-007], 
 12: [1, -1.64092e-007, 0], 
 13: [1, -1.49999e-007, 0], 
 14: [1, 8.43873e-008, 0], 
 15: [1, 2.82304e-008, 0], 
 16: [0, -1, 2.59736e-006], 
 17: [0, -1, 2.59736e-006], 
 18: [0, -1, 2.59736e-006], 
 19: [0, -1, 2.59736e-006], 
 20: [-1.18352e-006, 0, 1], 
 21: [-1.38616e-006, 0, 1], 
 22: [-2.73492e-007, 0, 1], 
 23: [-2.33387e-007, 0, 1], 
 24: [1, -9.06126e-008, 0], 
 25: [1, -9.06126e-008, 0], 
 26: [1, -9.06126e-008, 0], 
 27: [1, -9.06126e-008, 0], 
 28: [7.42632e-007, -4.53126e-008, -1], 
 29: [7.35146e-007, -4.37362e-008, -1], 
 30: [5.27446e-007, 0, -1], 
 31: [5.65273e-007, -7.96534e-009, -1], 
 32: [0, -1, 6.96983e-008], 
 33: [0, -1, 6.31906e-008], 
 34: [0, -1, -6.96985e-008], 
 35: [0, -1, -6.31907e-008], 
 36: [-0.964114, 0.26549, -8.30248e-008], 
 37: [-0.964114, 0.26549, -7.08296e-008], 
 38: [-0.964114, 0.26549, -6.52099e-008], 
 39: [-0.964114, 0.26549, -7.93669e-008], 
 40: [0.964114, 0.26549, 3.27739e-008], 
 41: [0.964114, 0.26549, 3.40313e-009], 
 42: [0.964114, 0.26549, 7.02983e-008], 
 43: [0.964114, 0.26549, 4.85192e-008], 
 44: [0.964114, 0.26549, 1.35251e-007], 
 45: [0.964114, 0.26549, 7.73992e-008], 
 46: [0.964114, 0.26549, 1.71801e-007], 
 47: [0.964114, 0.26549, 2.19312e-007], 
 48: [3.03027e-009, 0.336842, -0.941561], 
 49: [-1.1114e-009, 0.336842, -0.941561], 
 50: [-2.38685e-009, 0.336842, -0.941561], 
 51: [1.26349e-009, 0.336842, -0.941561], 
 52: [-3.85911e-008, 1, 1.38365e-007], 
 53: [3.85911e-008, 1, -8.66179e-008], 
 54: [-3.73334e-008, 1, 2.44038e-007], 
 55: [3.73333e-008, 1, -3.91705e-007], 
 56: [-5.09293e-008, 1, 1.74036e-007], 
 57: [4.16342e-008, 1, -1.01064e-007], 
 58: [-4.16342e-008, 1, 1.09125e-007], 
 59: [5.09292e-008, 1, -4.10278e-007], 
 60: [-1.44458e-008, 0.336842, 0.941561], 
 61: [6.14752e-009, 0.336842, 0.941561], 
 62: [-5.18237e-008, 0.336842, 0.941561], 
 63: [3.49423e-008, 0.336842, 0.941561], 
 64: [-4.41904e-008, 0.336842, 0.941561], 
 65: [1.41456e-008, 0.336842, 0.941561], 
 66: [1.49603e-007, 0.336842, 0.941561], 
 67: [-1.4512e-007, 0.336842, 0.941561], 
 68: [1, 2.26733e-007, 8.48254e-008], 
 69: [1, 2.26733e-007, 8.48254e-008], 
 70: [1, 2.26733e-007, 8.48255e-008], 
 71: [1, 2.26733e-007, 8.48255e-008], 
 72: [-6.90646e-009, 0, -1], 
 73: [-6.40532e-009, 0, -1], 
 74: [6.90646e-009, 0, -1], 
 75: [6.40532e-009, 0, -1], 
 76: [-1, 1.0758e-007, 4.24127e-008], 
 77: [-1, 1.0758e-007, 4.24127e-008], 
 78: [-1, 1.0758e-007, 4.24127e-008], 
 79: [-1, 1.0758e-007, 4.24128e-008], 
 80: [-2.21879e-008, 0, 1], 
 81: [-2.05779e-008, 0, 1], 
 82: [2.21879e-008, 0, 1], 
 83: [2.05779e-008, 0, 1], 
 84: [-1.87546e-015, 1, 1.09204e-007], 
 85: [-1.87546e-015, 1, 9.47883e-008], 
 86: [-1.87546e-015, 1, 7.95864e-008], 
 87: [-1.87546e-015, 1, 9.4002e-008], 
 88: [-1.2815e-007, 0, 1], 
 89: [-7.53594e-008, 0, 1], 
 90: [-6.85455e-008, 0, 1], 
 91: [-1.21336e-007, 0, 1], 
 92: [0, 1, 1.01949e-008], 
 93: [0, 1, 7.26085e-009], 
 94: [0, 1, -1.01949e-008], 
 95: [0, 1, -7.26085e-009], 
 96: [-2.30699e-007, 0, -1], 
 97: [-2.30699e-007, 0, -1], 
 98: [-2.30699e-007, 0, -1], 
 99: [-2.30699e-007, 0, -1], 
 100: [0, -1, 3.01e-008], 
 101: [0, -1, 2.14375e-008], 
 102: [0, -1, -3.01001e-008], 
 103: [0, -1, -2.14375e-008], 
 104: [1, -4.16981e-006, -2.88041e-013], 
 105: [1, -7.55854e-007, -1.06742e-007], 
 106: [1, -6.62706e-007, -1.09654e-007], 
 107: [1, -4.07666e-006, -2.9127e-009]]
Texture Coordinates
[0: [0.248663, 0.0973801],
1: [0.0499688, 0.0973801],
2: [0.0499688, 0.0473801],
3: [0.248663, 0.0473801],
4: [0.216457, 0.965639],
5: [0.216457, 0.961173],
6: [0.216457, 0.961173],
7: [0.216457, 0.983527],
8: [0.216457, 0.983527],
9: [0.216457, 0.961173],
10: [0.0177631, 0.961173],
11: [0.0177631, 0.983527],
12: [0.0177631, 0.983527],
13: [0.0177631, 0.961173],
14: [0.0177631, 0.961173],
15: [0.0177631, 0.965639],
16: [0.0177631, 0.965639],
17: [0.0177631, 0.961173],
18: [0.216457, 0.961173],
19: [0.216457, 0.965639],
20: [0.850088, 0.534238],
21: [0.844364, 0.534238],
22: [0.844364, 0.429598],
23: [0.878903, 0.429598],
24: [0.5364, 0.552497],
25: [0.431761, 0.552497],
26: [0.431761, 0.474581],
27: [0.5364, 0.474581],
28: [0.878903, 0.429598],
29: [0.844364, 0.429598],
30: [0.844364, 0.534238],
31: [0.850088, 0.534238],
32: [0.850088, 0.534238],
33: [0.844364, 0.534238],
34: [0.844364, 0.534238],
35: [0.850088, 0.534238],
36: [0.769682, 0.77186],
37: [0.769682, 0.0486925],
38: [0.589213, 0.113255],
39: [0.589213, 0.707297],
40: [0.431761, 0.552497],
41: [0.5364, 0.552497],
42: [0.5364, 0.768869],
43: [0.355931, 0.704306],
44: [0.355931, 0.110264],
45: [0.5364, 0.0457017],
46: [0.5364, 0.474581],
47: [0.431761, 0.474581],
48: [0.567692, 0.96998],
49: [0.874945, 0.96998],
50: [0.916359, 0.819589],
51: [0.526279, 0.819589],
52: [0.0173863, 0.627886],
53: [0.324639, 0.627886],
54: [0.324639, 0.132851],
55: [0.0173863, 0.132851],
56: [0.305806, 0.154764],
57: [0.305806, 0.605972],
58: [0.0362196, 0.605972],
59: [0.0362196, 0.154764],
60: [0.526279, 0.819589],
61: [0.916359, 0.819589],
62: [0.874945, 0.96998],
63: [0.567692, 0.96998],
64: [0.807499, 0.871578],
65: [0.608804, 0.871578],
66: [0.608804, 0.921578],
67: [0.807499, 0.921578],
68: [0.930964, 0.125019],
69: [0.949421, 0.125019],
70: [0.949421, 0.666469],
71: [0.930964, 0.666469],
72: [0.856112, 0.96998],
73: [0.856112, 0.9546],
74: [0.586525, 0.9546],
75: [0.586525, 0.96998],
76: [0.930964, 0.666469],
77: [0.949421, 0.666469],
78: [0.949421, 0.125019],
79: [0.930964, 0.125019],
80: [0.586525, 0.96998],
81: [0.586525, 0.9546],
82: [0.856112, 0.9546],
83: [0.856112, 0.96998],
84: [0.305806, 0.154764],
85: [0.0362196, 0.154764],
86: [0.0362196, 0.605972],
87: [0.305806, 0.605972],
88: [0.040602, 0.825684],
89: [0.040602, 0.875684],
90: [0.040602, 0.875684],
91: [0.040602, 0.825684],
92: [0.040602, 0.825684],
93: [0.040602, 0.875684],
94: [0.25803, 0.875684],
95: [0.25803, 0.825684],
96: [0.25803, 0.825684],
97: [0.25803, 0.875684],
98: [0.25803, 0.875684],
99: [0.25803, 0.825684],
100: [0.25803, 0.825684],
101: [0.25803, 0.875684],
102: [0.040602, 0.875684],
103: [0.040602, 0.825684],
104: [0.040602, 0.875684],
105: [0.25803, 0.875684],
106: [0.25803, 0.875684],
107: [0.040602, 0.875684]]
