Name: building1
Transform: [0, 0, 0]
Rotation: [0, 0, 0, 1]
Scale: [1, 1, 1]
LOD: 0
Animation data
[]
[]
[]
SubObjects: [ ]
Shading Data:
Diffuse_Color:  [1,1,1,1]
Ambient: [0, 0, 0, 0]
Emmision_Color: [0, 0, 0, 0]
Specular_Color: [0, 0, 0, 1]
Shininess: 0
Texture: building1
Number of Vertices: 124
[0: [-2.50573, 2.5679, 9.56243, 1], 
 1: [2.50573, 2.5679, 9.56243, 1], 
 2: [2.50573, 2.8679, 9.56243, 1], 
 3: [-2.50573, 2.8679, 9.56243, 1], 
 4: [-2.50573, 2.8679, 9.56243, 1], 
 5: [2.50573, 2.8679, 9.56243, 1], 
 6: [2.50573, 2.8679, 4.81788, 1], 
 7: [-2.50573, 2.8679, 4.81788, 1], 
 8: [-2.50573, 2.5679, 4.81788, 1], 
 9: [2.50573, 2.5679, 4.81788, 1], 
 10: [2.50573, 2.5679, 9.56243, 1], 
 11: [-2.50573, 2.5679, 9.56243, 1], 
 12: [2.50573, 2.5679, 9.56243, 1], 
 13: [2.50573, 2.5679, 4.81788, 1], 
 14: [2.50573, 2.8679, 4.81788, 1], 
 15: [2.50573, 2.8679, 9.56243, 1], 
 16: [-2.50573, 2.5679, 4.81788, 1], 
 17: [-2.50573, 2.5679, 9.56243, 1], 
 18: [-2.50573, 2.8679, 9.56243, 1], 
 19: [-2.50573, 2.8679, 4.81788, 1], 
 20: [2.69586, 2.70021, -4.51208, 1], 
 21: [-2.69586, 2.70021, -4.51208, 1], 
 22: [-2.69586, 2.70021, 4.51208, 1], 
 23: [2.69586, 2.70021, 4.51208, 1], 
 24: [-2.69586, 3.00782, -4.51208, 1], 
 25: [-2.69586, 2.70021, -4.51208, 1], 
 26: [2.69586, 2.70021, -4.51208, 1], 
 27: [2.69586, 3.00782, -4.51208, 1], 
 28: [2.69586, 3.00782, -4.51208, 1], 
 29: [2.69586, 2.70021, -4.51208, 1], 
 30: [2.69586, 2.70021, 4.51208, 1], 
 31: [2.69586, 3.00782, 4.51208, 1], 
 32: [2.69586, 3.00782, 4.51208, 1], 
 33: [2.69586, 2.70021, 4.51208, 1], 
 34: [-2.69586, 2.70021, 4.51208, 1], 
 35: [-2.69586, 3.00782, 4.51208, 1], 
 36: [-2.69586, 3.00782, 4.51208, 1], 
 37: [-2.69586, 2.70021, 4.51208, 1], 
 38: [-2.69586, 2.70021, -4.51208, 1], 
 39: [-2.69586, 3.00782, -4.51208, 1], 
 40: [-3.9008, -2.53247e-008, 6.02639, 1], 
 41: [3.9008, -2.53247e-008, 6.02639, 1], 
 42: [3.07253, 3.00782, 4.95035, 1], 
 43: [-3.07253, 3.00782, 4.95035, 1], 
 44: [-3.07253, 3.00782, 4.95035, 1], 
 45: [3.07253, 3.00782, 4.95035, 1], 
 46: [3.07253, 3.00782, -4.95035, 1], 
 47: [-3.07253, 3.00782, -4.95035, 1], 
 48: [2.69586, 3.00782, -4.51208, 1], 
 49: [2.69586, 3.00782, 4.51208, 1], 
 50: [-2.69586, 3.00782, 4.51208, 1], 
 51: [-2.69586, 3.00782, -4.51208, 1], 
 52: [-3.07253, 3.00782, -4.95035, 1], 
 53: [3.07253, 3.00782, -4.95035, 1], 
 54: [3.9008, -9.61578e-008, -6.02639, 1], 
 55: [-3.9008, -9.61578e-008, -6.02639, 1], 
 56: [3.42055, 1.74399, -2.42019, 1], 
 57: [3.9008, -2.4296e-008, -2.42019, 1], 
 58: [3.9008, -2.4296e-008, -6.0264, 1], 
 59: [3.07253, 3.00782, -4.95035, 1], 
 60: [3.07253, 3.00782, 4.95035, 1], 
 61: [3.9008, -2.4296e-008, 6.0264, 1], 
 62: [3.9008, -2.4296e-008, -1.12159, 1], 
 63: [3.42055, 1.74399, -1.12159, 1], 
 64: [-3.9008, -1.18392e-007, -6.0264, 1], 
 65: [-3.9008, -1.18392e-007, 6.0264, 1], 
 66: [-3.07253, 3.00782, 4.95035, 1], 
 67: [-3.07253, 3.00782, -4.95035, 1], 
 68: [3.42055, 1.74399, -1.12159, 1], 
 69: [3.32515, 1.74399, -1.12159, 1], 
 70: [3.32515, 1.74399, -2.42019, 1], 
 71: [3.42055, 1.74399, -2.42019, 1], 
 72: [3.9008, 3.24788e-008, -1.12159, 1], 
 73: [3.32515, 3.28008e-008, -1.12159, 1], 
 74: [3.32515, 1.74399, -1.12159, 1], 
 75: [3.42055, 1.74399, -1.12159, 1], 
 76: [3.32515, 1.03165e-007, -2.42019, 1], 
 77: [3.32515, 1.74399, -2.42019, 1], 
 78: [3.32515, 1.74399, -1.12159, 1], 
 79: [3.32515, 7.89258e-008, -1.12159, 1], 
 80: [3.42055, 1.74399, -2.42019, 1], 
 81: [3.32515, 1.74399, -2.42019, 1], 
 82: [3.32515, -1.3577e-008, -2.42019, 1], 
 83: [3.9008, -1.04179e-008, -2.42019, 1], 
 84: [2.02538, -1.33424e-007, 9.34356, 1], 
 85: [2.31207, -1.3026e-007, 9.34356, 1], 
 86: [2.31207, 2.66454, 9.34356, 1], 
 87: [2.02538, 2.66454, 9.34356, 1], 
 88: [2.02538, 2.66454, 9.12934, 1], 
 89: [2.31207, 2.66454, 9.12934, 1], 
 90: [2.31207, -1.2032e-008, 9.12934, 1], 
 91: [2.02538, -1.32325e-008, 9.12934, 1], 
 92: [2.02538, -1.26323e-008, 9.12934, 1], 
 93: [2.31207, -1.26323e-008, 9.12934, 1], 
 94: [2.31207, -1.26323e-008, 9.34356, 1], 
 95: [2.02538, -1.26323e-008, 9.34356, 1], 
 96: [2.31207, -9.12757e-009, 9.34356, 1], 
 97: [2.31207, -9.51292e-009, 9.12934, 1], 
 98: [2.31207, 2.66454, 9.12934, 1], 
 99: [2.31207, 2.66454, 9.34356, 1], 
 100: [2.02538, 3.95957e-008, 9.12934, 1], 
 101: [2.02538, 3.9981e-008, 9.34356, 1], 
 102: [2.02538, 2.66454, 9.34356, 1], 
 103: [2.02538, 2.66454, 9.12934, 1], 
 104: [-2.34705, -1.60121e-008, 9.32607, 1], 
 105: [-2.06036, -9.25239e-009, 9.32607, 1], 
 106: [-2.06036, 2.66454, 9.32607, 1], 
 107: [-2.34705, 2.66454, 9.32607, 1], 
 108: [-2.34705, 2.66454, 9.11185, 1], 
 109: [-2.06036, 2.66454, 9.11185, 1], 
 110: [-2.06036, -1.16666e-008, 9.11185, 1], 
 111: [-2.34705, -1.3598e-008, 9.11185, 1], 
 112: [-2.34705, -1.26323e-008, 9.11185, 1], 
 113: [-2.06036, -1.26323e-008, 9.11185, 1], 
 114: [-2.06036, -1.26323e-008, 9.32607, 1], 
 115: [-2.34705, -1.26323e-008, 9.32607, 1], 
 116: [-2.06036, 3.21214e-008, 9.32607, 1], 
 117: [-2.06036, 3.28641e-008, 9.11185, 1], 
 118: [-2.06036, 2.66454, 9.11185, 1], 
 119: [-2.06036, 2.66454, 9.32607, 1], 
 120: [-2.34705, -1.49033e-008, 9.11185, 1], 
 121: [-2.34705, -1.5646e-008, 9.32607, 1], 
 122: [-2.34705, 2.66454, 9.32607, 1], 
 123: [-2.34705, 2.66454, 9.11185, 1]]
Number of polygons: 68
Polygon Connection List
[0: [0, 1, 3], 
1: [1, 2, 3], 
2: [4, 5, 7], 
3: [5, 6, 7], 
4: [8, 9, 11], 
5: [9, 10, 11], 
6: [12, 13, 15], 
7: [13, 14, 15], 
8: [16, 17, 19], 
9: [17, 18, 19], 
10: [20, 21, 23], 
11: [21, 22, 23], 
12: [24, 25, 27], 
13: [25, 26, 27], 
14: [28, 29, 31], 
15: [29, 30, 31], 
16: [32, 33, 35], 
17: [33, 34, 35], 
18: [36, 37, 39], 
19: [37, 38, 39], 
20: [40, 41, 43], 
21: [41, 42, 43], 
22: [44, 50, 47], 
23: [50, 51, 47], 
24: [44, 45, 50], 
25: [50, 45, 49], 
26: [45, 46, 49], 
27: [49, 46, 48], 
28: [46, 47, 48], 
29: [51, 48, 47], 
30: [54, 55, 53], 
31: [52, 53, 55], 
32: [58, 59, 57], 
33: [57, 59, 56], 
34: [59, 60, 56], 
35: [56, 60, 63], 
36: [61, 62, 60], 
37: [60, 62, 63], 
38: [64, 65, 67], 
39: [65, 66, 67], 
40: [68, 69, 71], 
41: [69, 70, 71], 
42: [74, 75, 73], 
43: [72, 73, 75], 
44: [76, 77, 79], 
45: [77, 78, 79], 
46: [81, 82, 80], 
47: [80, 82, 83], 
48: [84, 85, 87], 
49: [85, 86, 87], 
50: [88, 89, 91], 
51: [89, 90, 91], 
52: [92, 93, 95], 
53: [93, 94, 95], 
54: [96, 97, 99], 
55: [97, 98, 99], 
56: [100, 101, 103], 
57: [101, 102, 103], 
58: [104, 105, 107], 
59: [105, 106, 107], 
60: [108, 109, 111], 
61: [109, 110, 111], 
62: [112, 113, 115], 
63: [113, 114, 115], 
64: [116, 117, 119], 
65: [117, 118, 119], 
66: [120, 121, 123], 
67: [121, 122, 123]]
Per Vertex Normals
[0: [0, 0, 1], 
 1: [0, 0, 1], 
 2: [0, 0, 1], 
 3: [0, 0, 1], 
 4: [0, 1, 0], 
 5: [0, 1, 0], 
 6: [0, 1, 0], 
 7: [0, 1, 0], 
 8: [0, -1, 5.02511e-008], 
 9: [0, -1, 5.02511e-008], 
 10: [0, -1, 5.02511e-008], 
 11: [0, -1, 5.02511e-008], 
 12: [1, 0, 0], 
 13: [1, 0, 0], 
 14: [1, 0, 0], 
 15: [1, 0, 0], 
 16: [-1, 0, 0], 
 17: [-1, 0, 0], 
 18: [-1, 0, 0], 
 19: [-1, 0, 0], 
 20: [0, 1, 0], 
 21: [0, 1, 0], 
 22: [0, 1, 0], 
 23: [0, 1, 0], 
 24: [0, 0, 1], 
 25: [0, 0, 1], 
 26: [0, 0, 1], 
 27: [0, 0, 1], 
 28: [-1, 0, 0], 
 29: [-1, 0, 0], 
 30: [-1, 0, 0], 
 31: [-1, 0, 0], 
 32: [0, 0, -1], 
 33: [0, 0, -1], 
 34: [0, 0, -1], 
 35: [0, 0, -1], 
 36: [1, 0, 0], 
 37: [1, 0, 0], 
 38: [1, 0, 0], 
 39: [1, 0, 0], 
 40: [-2.88867e-016, 0.336842, 0.941561], 
 41: [-9.42135e-017, 0.336842, 0.941561], 
 42: [0, 0.336842, 0.941561], 
 43: [-2.20854e-016, 0.336842, 0.941561], 
 44: [0, 1, 0], 
 45: [0, 1, 0], 
 46: [0, 1, 0], 
 47: [0, 1, 0], 
 48: [0, 1, 0], 
 49: [0, 1, 0], 
 50: [0, 1, 0], 
 51: [0, 1, 0], 
 52: [0, 0.336842, -0.941561], 
 53: [0, 0.336842, -0.941561], 
 54: [0, 0.336842, -0.941561], 
 55: [0, 0.336842, -0.941561], 
 56: [0.964114, 0.26549, -2.06861e-008], 
 57: [0.964114, 0.26549, -2.06401e-008], 
 58: [0.964114, 0.26549, 0], 
 59: [0.964114, 0.26549, -1.02853e-008], 
 60: [0.964114, 0.26549, 2.72974e-009], 
 61: [0.964114, 0.26549, 5.97426e-017], 
 62: [0.964114, 0.26549, 1.38355e-008], 
 63: [0.964114, 0.26549, 7.50328e-009], 
 64: [-0.964114, 0.26549, 0], 
 65: [-0.964114, 0.26549, 0], 
 66: [-0.964114, 0.26549, 0], 
 67: [-0.964114, 0.26549, 0], 
 68: [0, -1, 0], 
 69: [0, -1, 0], 
 70: [0, -1, 0], 
 71: [0, -1, 0], 
 72: [6.21261e-007, -3.39846e-008, -1], 
 73: [5.99647e-007, -3.28022e-008, -1], 
 74: [0, 0, -1], 
 75: [1.09209e-007, -5.97402e-009, -1], 
 76: [1, 0, 0], 
 77: [1, 0, 0], 
 78: [1, 0, 0], 
 79: [1, 0, 0], 
 80: [-7.28061e-008, 3.98268e-009, 1], 
 81: [0, 0, 1], 
 82: [-3.99764e-007, 2.18682e-008, 1], 
 83: [-4.14174e-007, 2.26564e-008, 1], 
 84: [-5.23895e-015, 0, 1], 
 85: [-4.88147e-015, 0, 1], 
 86: [0, 0, 1], 
 87: [-3.57481e-016, 0, 1], 
 88: [0, 0, -1], 
 89: [0, 0, -1], 
 90: [0, 0, -1], 
 91: [0, 0, -1], 
 92: [0, -1, 0], 
 93: [0, -1, 0], 
 94: [0, -1, 0], 
 95: [0, -1, 0], 
 96: [1, 0, 0], 
 97: [1, 0, 0], 
 98: [1, 0, 0], 
 99: [1, 0, 0], 
 100: [-1, 0, 0], 
 101: [-1, 0, 0], 
 102: [-1, 0, 0], 
 103: [-1, 0, 0], 
 104: [4.62972e-016, 0, 1], 
 105: [4.31381e-016, 0, 1], 
 106: [0, 0, 1], 
 107: [3.1591e-017, 0, 1], 
 108: [0, 0, -1], 
 109: [0, 0, -1], 
 110: [0, 0, -1], 
 111: [0, 0, -1], 
 112: [0, -1, 0], 
 113: [0, -1, 0], 
 114: [0, -1, 0], 
 115: [0, -1, 0], 
 116: [1, 0, 0], 
 117: [1, 0, 0], 
 118: [1, 0, 0], 
 119: [1, 0, 0], 
 120: [-1, 0, 0], 
 121: [-1, 0, 0], 
 122: [-1, 0, 0], 
 123: [-1, 0, 0]]
Texture Coordinates
[0: [0.165511, 0.969148],
1: [0.376249, 0.969148],
2: [0.376249, 0.969148],
3: [0.165511, 0.969148],
4: [0.165511, 0.969148],
5: [0.376249, 0.969148],
6: [0.376249, 0.734058],
7: [0.165511, 0.734058],
8: [0.165511, 0.734058],
9: [0.376249, 0.734058],
10: [0.376249, 0.969148],
11: [0.165511, 0.969148],
12: [0.376249, 0.969148],
13: [0.376249, 0.734058],
14: [0.376249, 0.734058],
15: [0.376249, 0.969148],
16: [0.165511, 0.734058],
17: [0.165511, 0.969148],
18: [0.165511, 0.969148],
19: [0.165511, 0.734058],
20: [0.305806, 0.154764],
21: [0.0362196, 0.154764],
22: [0.0362196, 0.605972],
23: [0.305806, 0.605972],
24: [0.586525, 0.96998],
25: [0.586525, 0.9546],
26: [0.856112, 0.9546],
27: [0.856112, 0.96998],
28: [0.930964, 0.666469],
29: [0.949421, 0.666469],
30: [0.949421, 0.125019],
31: [0.930964, 0.125019],
32: [0.856112, 0.96998],
33: [0.856112, 0.9546],
34: [0.586525, 0.9546],
35: [0.586525, 0.96998],
36: [0.930964, 0.125019],
37: [0.949421, 0.125019],
38: [0.949421, 0.666469],
39: [0.930964, 0.666469],
40: [0.526279, 0.819589],
41: [0.916359, 0.819589],
42: [0.874945, 0.96998],
43: [0.567692, 0.96998],
44: [0.0173863, 0.627886],
45: [0.324639, 0.627886],
46: [0.324639, 0.132851],
47: [0.0173863, 0.132851],
48: [0.305806, 0.154764],
49: [0.305806, 0.605972],
50: [0.0362196, 0.605972],
51: [0.0362196, 0.154764],
52: [0.567692, 0.96998],
53: [0.874945, 0.96998],
54: [0.916359, 0.819589],
55: [0.526279, 0.819589],
56: [0.431761, 0.552497],
57: [0.5364, 0.552497],
58: [0.5364, 0.768869],
59: [0.355931, 0.704306],
60: [0.355931, 0.110264],
61: [0.5364, 0.0457017],
62: [0.5364, 0.474581],
63: [0.431761, 0.474581],
64: [0.769682, 0.77186],
65: [0.769682, 0.0486925],
66: [0.589213, 0.113255],
67: [0.589213, 0.707297],
68: [0.850088, 0.534238],
69: [0.844364, 0.534238],
70: [0.844364, 0.534238],
71: [0.850088, 0.534238],
72: [0.878903, 0.429598],
73: [0.844364, 0.429598],
74: [0.844364, 0.534238],
75: [0.850088, 0.534238],
76: [0.5364, 0.552497],
77: [0.431761, 0.552497],
78: [0.431761, 0.474581],
79: [0.5364, 0.474581],
80: [0.850088, 0.534238],
81: [0.844364, 0.534238],
82: [0.844364, 0.429598],
83: [0.878903, 0.429598],
84: [0.0634322, 0.724534],
85: [0.0930063, 0.724534],
86: [0.0930063, 0.990987],
87: [0.0634322, 0.990987],
88: [0.0430063, 0.990987],
89: [0.113432, 0.990987],
90: [0.113432, 0.724534],
91: [0.0430063, 0.724534],
92: [0.0430063, 0.724534],
93: [0.113432, 0.724534],
94: [0.0930063, 0.724534],
95: [0.0634322, 0.724534],
96: [0.0930063, 0.724534],
97: [0.113432, 0.724534],
98: [0.113432, 0.990987],
99: [0.0930063, 0.990987],
100: [0.0430063, 0.724534],
101: [0.0634322, 0.724534],
102: [0.0634322, 0.990987],
103: [0.0430063, 0.990987],
104: [0.063213, 0.724773],
105: [0.092787, 0.724773],
106: [0.092787, 0.991227],
107: [0.063213, 0.991227],
108: [0.123213, 0.991227],
109: [0.113213, 0.991227],
110: [0.113213, 0.724773],
111: [0.123213, 0.724773],
112: [0.123213, 0.724773],
113: [0.113213, 0.724773],
114: [0.092787, 0.724773],
115: [0.063213, 0.724773],
116: [0.092787, 0.724773],
117: [0.113213, 0.724773],
118: [0.113213, 0.991227],
119: [0.092787, 0.991227],
120: [0.042787, 0.724773],
121: [0.063213, 0.724773],
122: [0.063213, 0.991227],
123: [0.042787, 0.991227]]
