Name: building2
Transform: [0, 0, 0]
Rotation: [0, 0, 0, 1]
Scale: [1, 1, 1]
LOD: 0
Animation data
[]
[]
[]
SubObjects: [ ]
Shading Data:
Diffuse_Color: [1,1,1,1]
Ambient: [0, 0, 0, 0]
Emmision_Color: [0, 0, 0, 0]
Specular_Color: [0, 0, 0, 1]
Shininess: 0
Texture: building2
Number of Vertices: 200
[0: [2.42983, 6.35366, -2.86306, 1], 
 1: [-1.28354, 6.35366, -2.86306, 1], 
 2: [-1.28354, 6.35366, -0.147936, 1], 
 3: [2.42983, 6.35366, -0.147936, 1], 
 4: [-1.28354, 6.5503, -2.86306, 1], 
 5: [-1.28354, 6.35366, -2.86306, 1], 
 6: [2.42983, 6.35366, -2.86306, 1], 
 7: [2.42983, 6.5503, -2.86306, 1], 
 8: [2.42983, 6.5503, -2.86306, 1], 
 9: [2.42983, 6.35366, -2.86306, 1], 
 10: [2.42983, 6.35366, -0.147936, 1], 
 11: [2.42983, 6.5503, -0.147936, 1], 
 12: [2.42983, 6.5503, -0.147936, 1], 
 13: [2.42983, 6.35366, -0.147936, 1], 
 14: [-1.28354, 6.35366, -0.147936, 1], 
 15: [-1.28354, 6.5503, -0.147936, 1], 
 16: [-1.28354, 6.5503, -0.147936, 1], 
 17: [-1.28354, 6.35366, -0.147936, 1], 
 18: [-1.28354, 6.35366, -2.86306, 1], 
 19: [-1.28354, 6.5503, -2.86306, 1], 
 20: [2.53013, 5.29281, -0.586989, 1], 
 21: [2.53013, 5.29281, -2.49255, 1], 
 22: [2.53013, 6.29281, -2.49255, 1], 
 23: [2.53013, 6.29281, -0.586989, 1], 
 24: [2.70291, 6.29281, -0.58699, 1], 
 25: [2.53013, 6.29281, -0.58699, 1], 
 26: [2.53013, 6.29281, -2.49255, 1], 
 27: [2.70291, 6.29281, -2.49255, 1], 
 28: [2.70291, 6.29281, -2.49255, 1], 
 29: [2.53013, 6.29281, -2.49255, 1], 
 30: [2.53013, 5.29281, -2.49255, 1], 
 31: [2.70291, 5.29281, -2.49255, 1], 
 32: [2.70291, 5.29281, -2.49254, 1], 
 33: [2.53013, 5.29281, -2.49254, 1], 
 34: [2.53013, 5.29281, -0.586989, 1], 
 35: [2.70291, 5.29281, -0.586989, 1], 
 36: [2.70291, 5.29281, -0.58699, 1], 
 37: [2.53013, 5.29281, -0.58699, 1], 
 38: [2.53013, 6.29281, -0.58699, 1], 
 39: [2.70291, 6.29281, -0.58699, 1], 
 40: [-1.58359, 2.23672, 0.197611, 1], 
 41: [2.70291, 2.23672, 0.197611, 1], 
 42: [2.70291, 6.5503, 0.197611, 1], 
 43: [-1.58359, 6.5503, 0.197611, 1], 
 44: [0.5, 2.56893, 0.197611, 1], 
 45: [-0.5, 2.56893, 0.197611, 1], 
 46: [-0.5, 4.05498, 0.197611, 1], 
 47: [0.5, 4.05498, 0.197611, 1], 
 48: [-1.58359, 6.5503, 0.197611, 1], 
 49: [2.70291, 6.5503, 0.197611, 1], 
 50: [2.70291, 6.5503, -3.19817, 1], 
 51: [-1.58359, 6.5503, -3.19817, 1], 
 52: [2.42983, 6.5503, -2.86306, 1], 
 53: [2.42983, 6.5503, -0.147936, 1], 
 54: [-1.28354, 6.5503, -0.147936, 1], 
 55: [-1.28354, 6.5503, -2.86306, 1], 
 56: [-1.58359, 6.5503, -3.19817, 1], 
 57: [2.70291, 6.5503, -3.19817, 1], 
 58: [2.70291, 2.23672, -3.19817, 1], 
 59: [-1.58359, 2.23672, -3.19817, 1], 
 60: [2.70291, 2.23672, 0.197611, 1], 
 61: [2.70291, 2.23672, -3.19817, 1], 
 62: [2.70291, 6.5503, -3.19817, 1], 
 63: [2.70291, 6.5503, 0.197611, 1], 
 64: [2.70291, 6.29281, -2.49255, 1], 
 65: [2.70291, 5.29281, -2.49255, 1], 
 66: [2.70291, 5.29281, -0.586989, 1], 
 67: [2.70291, 6.29281, -0.586989, 1], 
 68: [2.70291, 4.05579, -2.49255, 1], 
 69: [2.70291, 3.05579, -2.49255, 1], 
 70: [2.70291, 3.05579, -0.586989, 1], 
 71: [2.70291, 4.05579, -0.586989, 1], 
 72: [-1.58359, 2.23672, -3.19817, 1], 
 73: [-1.58359, 2.23672, 0.197611, 1], 
 74: [-1.58359, 6.5503, 0.197611, 1], 
 75: [-1.58359, 6.5503, -3.19817, 1], 
 76: [-0.5, 4.05498, 0.197611, 1], 
 77: [-0.5, 4.05498, -0.00331891, 1], 
 78: [0.5, 4.05498, -0.00331891, 1], 
 79: [0.5, 4.05498, 0.197611, 1], 
 80: [-0.5, 2.56893, 0.197611, 1], 
 81: [-0.5, 2.56893, -0.00331891, 1], 
 82: [-0.5, 4.05498, -0.00331891, 1], 
 83: [-0.5, 4.05498, 0.197611, 1], 
 84: [0.5, 2.56893, 0.197611, 1], 
 85: [0.5, 2.56893, -0.00331891, 1], 
 86: [-0.5, 2.56893, -0.00331891, 1], 
 87: [-0.5, 2.56893, 0.197611, 1], 
 88: [0.5, 4.05498, 0.197611, 1], 
 89: [0.5, 4.05498, -0.00331891, 1], 
 90: [0.5, 2.56893, -0.00331891, 1], 
 91: [0.5, 2.56893, 0.197611, 1], 
 92: [0.5, 4.05498, -0.00331891, 1], 
 93: [-0.5, 4.05498, -0.00331891, 1], 
 94: [-0.5, 2.56893, -0.00331891, 1], 
 95: [0.5, 2.56893, -0.00331891, 1], 
 96: [2.70291, 3.05579, -0.586989, 1], 
 97: [2.53013, 3.05579, -0.586989, 1], 
 98: [2.53013, 4.05579, -0.586989, 1], 
 99: [2.70291, 4.05579, -0.586989, 1], 
 100: [2.70291, 3.05579, -2.49255, 1], 
 101: [2.53013, 3.05579, -2.49255, 1], 
 102: [2.53013, 3.05579, -0.586989, 1], 
 103: [2.70291, 3.05579, -0.586989, 1], 
 104: [2.70291, 4.05579, -2.49255, 1], 
 105: [2.53013, 4.05579, -2.49255, 1], 
 106: [2.53013, 3.05579, -2.49255, 1], 
 107: [2.70291, 3.05579, -2.49255, 1], 
 108: [2.70291, 4.05579, -0.586989, 1], 
 109: [2.53013, 4.05579, -0.586989, 1], 
 110: [2.53013, 4.05579, -2.49255, 1], 
 111: [2.70291, 4.05579, -2.49255, 1], 
 112: [2.53013, 3.05579, -0.58699, 1], 
 113: [2.53013, 3.05579, -2.49255, 1], 
 114: [2.53013, 4.05579, -2.49255, 1], 
 115: [2.53013, 4.05579, -0.58699, 1], 
 116: [3.25749, 0.763013, 4.78388, 1], 
 117: [3.25749, 0.763013, 0.681621, 1], 
 118: [3.25749, 1.76301, 0.681621, 1], 
 119: [3.25749, 1.76301, 4.78388, 1], 
 120: [3.65482, 0.893245, 0.68162, 1], 
 121: [3.41531, 1.76301, 0.681621, 1], 
 122: [3.69069, 0.763013, 0.681621, 1], 
 123: [3.69069, 0.763013, 4.78388, 1], 
 124: [3.41531, 1.76301, 4.78388, 1], 
 125: [3.41531, 1.76301, 2.43744, 1], 
 126: [3.42055, 1.74399, -2.42019, 1], 
 127: [3.32515, 0, -2.42019, 1], 
 128: [3.9008, 0, -2.42019, 1], 
 129: [3.32515, 1.74399, -2.42019, 1], 
 130: [3.32515, 1.74399, -2.42019, 1], 
 131: [3.32515, 1.74399, -1.12159, 1], 
 132: [3.32515, 1.35311e-007, -1.12159, 1], 
 133: [3.32515, 6.06488e-008, -2.42019, 1], 
 134: [3.9008, 0, -1.12159, 1], 
 135: [3.32515, 0, -1.12159, 1], 
 136: [3.42055, 1.74399, -1.12159, 1], 
 137: [3.32515, 1.74399, -1.12159, 1], 
 138: [3.32515, 1.74399, -1.12159, 1], 
 139: [3.32515, 1.74399, -2.42019, 1], 
 140: [3.42055, 1.74399, -2.42019, 1], 
 141: [3.42055, 1.74399, -1.12159, 1], 
 142: [-2.71364, -1.19209e-007, 6.0264, 1], 
 143: [-1.88537, 3.00782, 4.95035, 1], 
 144: [-1.88537, 3.00782, -3.59444, 1], 
 145: [-2.71364, -1.19209e-007, -4.67049, 1], 
 146: [3.9008, -2.21849e-008, -1.12159, 1], 
 147: [3.42055, 1.74399, -1.12159, 1], 
 148: [3.07253, 3.00782, 4.95035, 1], 
 149: [3.9008, 8.90575e-010, 6.0264, 1], 
 150: [3.42055, 1.74399, -2.42019, 1], 
 151: [3.07253, 3.00782, -3.59444, 1], 
 152: [3.9008, 9.28554e-008, -2.42019, 1], 
 153: [3.9008, 3.21831e-008, -4.67049, 1], 
 154: [-1.88537, 3.00782, -3.59444, 1], 
 155: [3.07253, 3.00782, -3.59444, 1], 
 156: [-2.71364, -1.19209e-007, -4.67049, 1], 
 157: [3.9008, -1.19209e-007, -4.67049, 1], 
 158: [-1.50871, 3.00782, -3.15617, 1], 
 159: [2.69586, 3.00782, -3.15617, 1], 
 160: [-1.88537, 3.00782, -3.59444, 1], 
 161: [3.07253, 3.00782, -3.59444, 1], 
 162: [2.69586, 3.00782, 4.51208, 1], 
 163: [3.07253, 3.00782, 4.95035, 1], 
 164: [-1.50871, 3.00782, 4.51208, 1], 
 165: [-1.88537, 3.00782, 4.95035, 1], 
 166: [3.9008, 0, 6.02639, 1], 
 167: [3.07253, 3.00782, 4.95035, 1], 
 168: [-1.88537, 3.00782, 4.95035, 1], 
 169: [-2.71364, 0, 6.02639, 1], 
 170: [-1.50871, 2.70021, 4.51208, 1], 
 171: [-1.50871, 2.70021, -3.15617, 1], 
 172: [-1.50871, 3.00782, -3.15617, 1], 
 173: [-1.50871, 3.00782, 4.51208, 1], 
 174: [2.69586, 2.70021, 4.51208, 1], 
 175: [-1.50871, 2.70021, 4.51208, 1], 
 176: [-1.50871, 3.00782, 4.51208, 1], 
 177: [2.69586, 3.00782, 4.51208, 1], 
 178: [2.69586, 2.70021, -3.15617, 1], 
 179: [2.69586, 2.70021, 4.51208, 1], 
 180: [2.69586, 3.00782, 4.51208, 1], 
 181: [2.69586, 3.00782, -3.15617, 1], 
 182: [-1.50871, 2.70021, -3.15617, 1], 
 183: [2.69586, 2.70021, -3.15617, 1], 
 184: [2.69586, 3.00782, -3.15617, 1], 
 185: [-1.50871, 3.00782, -3.15617, 1], 
 186: [-1.50871, 2.70021, -3.15617, 1], 
 187: [-1.50871, 2.70021, 4.51208, 1], 
 188: [2.69586, 2.70021, 4.51208, 1], 
 189: [2.69586, 2.70021, -3.15617, 1], 
 190: [3.41531, 1.76301, 0.681621, 1], 
 191: [3.65482, 0.893245, 0.68162, 1], 
 192: [3.41531, 1.76301, 2.43744, 1], 
 193: [3.41531, 1.76301, 4.78388, 1], 
 194: [3.69069, 0.763013, 4.78388, 1], 
 195: [3.69069, 0.763013, 0.681621, 1], 
 196: [3.25749, 0.763013, 4.78388, 1], 
 197: [3.25749, 0.763013, 0.681621, 1], 
 198: [3.25749, 1.76301, 4.78388, 1], 
 199: [3.25749, 1.76301, 0.681621, 1]]
Number of polygons: 132
Polygon Connection List
[0: [0, 1, 3], 
1: [1, 2, 3], 
2: [4, 5, 7], 
3: [5, 6, 7], 
4: [8, 9, 11], 
5: [9, 10, 11], 
6: [12, 13, 15], 
7: [13, 14, 15], 
8: [16, 17, 19], 
9: [17, 18, 19], 
10: [20, 21, 23], 
11: [21, 22, 23], 
12: [24, 25, 27], 
13: [25, 26, 27], 
14: [28, 29, 31], 
15: [29, 30, 31], 
16: [32, 33, 35], 
17: [33, 34, 35], 
18: [36, 37, 39], 
19: [37, 38, 39], 
20: [40, 41, 45], 
21: [45, 41, 44], 
22: [40, 45, 43], 
23: [45, 46, 43], 
24: [43, 46, 42], 
25: [46, 47, 42], 
26: [42, 47, 41], 
27: [47, 44, 41], 
28: [48, 54, 51], 
29: [54, 55, 51], 
30: [51, 55, 50], 
31: [55, 52, 50], 
32: [50, 52, 49], 
33: [52, 53, 49], 
34: [48, 49, 54], 
35: [53, 54, 49], 
36: [56, 57, 59], 
37: [57, 58, 59], 
38: [60, 70, 63], 
39: [70, 71, 63], 
40: [60, 61, 70], 
41: [70, 61, 69], 
42: [61, 62, 69], 
43: [69, 62, 68], 
44: [63, 67, 62], 
45: [67, 64, 62], 
46: [67, 63, 66], 
47: [63, 71, 66], 
48: [71, 68, 66], 
49: [66, 68, 65], 
50: [68, 62, 65], 
51: [62, 64, 65], 
52: [72, 73, 75], 
53: [73, 74, 75], 
54: [76, 77, 79], 
55: [77, 78, 79], 
56: [80, 81, 83], 
57: [81, 82, 83], 
58: [84, 85, 87], 
59: [85, 86, 87], 
60: [88, 89, 91], 
61: [89, 90, 91], 
62: [92, 93, 95], 
63: [93, 94, 95], 
64: [96, 97, 99], 
65: [97, 98, 99], 
66: [100, 101, 103], 
67: [101, 102, 103], 
68: [104, 105, 107], 
69: [105, 106, 107], 
70: [108, 109, 111], 
71: [109, 110, 111], 
72: [112, 113, 115], 
73: [113, 114, 115], 
74: [196, 197, 198], 
75: [197, 199, 198], 
76: [122, 120, 117], 
77: [117, 120, 118], 
78: [120, 121, 118], 
79: [122, 117, 123], 
80: [117, 116, 123], 
81: [123, 116, 124], 
82: [116, 119, 124], 
83: [124, 119, 125], 
84: [119, 118, 125], 
85: [118, 121, 125], 
86: [126, 127, 128], 
87: [129, 127, 126], 
88: [130, 131, 132], 
89: [133, 130, 132], 
90: [134, 135, 136], 
91: [137, 136, 135], 
92: [138, 139, 140], 
93: [141, 138, 140], 
94: [142, 143, 144], 
95: [145, 142, 144], 
96: [146, 147, 191], 
97: [191, 147, 190], 
98: [147, 148, 190], 
99: [190, 148, 192], 
100: [192, 148, 193], 
101: [148, 149, 193], 
102: [193, 149, 194], 
103: [149, 146, 194], 
104: [191, 195, 146], 
105: [194, 146, 195], 
106: [150, 148, 147], 
107: [151, 148, 150], 
108: [152, 151, 150], 
109: [153, 151, 152], 
110: [154, 155, 156], 
111: [157, 156, 155], 
112: [158, 159, 160], 
113: [161, 160, 159], 
114: [162, 161, 159], 
115: [163, 161, 162], 
116: [164, 163, 162], 
117: [165, 163, 164], 
118: [164, 158, 160], 
119: [165, 164, 160], 
120: [166, 167, 168], 
121: [169, 166, 168], 
122: [170, 171, 172], 
123: [173, 170, 172], 
124: [174, 175, 176], 
125: [177, 174, 176], 
126: [178, 179, 180], 
127: [181, 178, 180], 
128: [182, 183, 184], 
129: [185, 182, 184], 
130: [186, 187, 188], 
131: [189, 186, 188]]
Per Vertex Normals
[0: [0, 1, 1.77189e-007], 
 1: [0, 1, -3.47551e-008], 
 2: [0, 1, -1.77189e-007], 
 3: [0, 1, 3.47551e-008], 
 4: [-1.67172e-008, 0, 1], 
 5: [-1.55911e-008, 0, 1], 
 6: [1.67173e-008, 0, 1], 
 7: [1.55911e-008, 0, 1], 
 8: [-1, 8.44701e-007, 0], 
 9: [-1, 8.44701e-007, 0], 
 10: [-1, 8.44701e-007, 0], 
 11: [-1, 8.44701e-007, 0], 
 12: [-6.46097e-010, 0, -1], 
 13: [-6.02573e-010, 0, -1], 
 14: [6.46098e-010, 0, -1], 
 15: [6.02574e-010, 0, -1], 
 16: [1, 4.70517e-008, -4.39055e-008], 
 17: [1, 4.70517e-008, -4.39056e-008], 
 18: [1, 4.70517e-008, -4.39057e-008], 
 19: [1, 4.70517e-008, -4.39057e-008], 
 20: [1, -4.24023e-008, -1.25118e-007], 
 21: [1, 1.63111e-008, -1.25118e-007], 
 22: [1, 4.24023e-008, -1.25118e-007], 
 23: [1, -1.63111e-008, -1.25118e-007], 
 24: [0, -1, -2.79583e-007], 
 25: [0, -1, -2.47394e-007], 
 26: [0, -1, 2.79583e-007], 
 27: [0, -1, 2.47394e-007], 
 28: [0, 0, 1], 
 29: [0, 0, 1], 
 30: [0, 0, 1], 
 31: [0, 0, 1], 
 32: [0, 1, 8.24866e-008], 
 33: [0, 1, 7.29897e-008], 
 34: [0, 1, -8.24865e-008], 
 35: [0, 1, -7.29896e-008], 
 36: [0, 0, -1], 
 37: [0, 0, -1], 
 38: [0, 0, -1], 
 39: [0, 0, -1], 
 40: [-2.45538e-009, 0, 1], 
 41: [8.87497e-010, 0, 1], 
 42: [6.42933e-010, 0, 1], 
 43: [4.55672e-009, 0, 1], 
 44: [-4.04323e-009, 0, 1], 
 45: [2.08627e-009, 0, 1], 
 46: [2.52663e-008, 0, 1], 
 47: [-2.42872e-009, 0, 1], 
 48: [0, 1, -2.50384e-007], 
 49: [0, 1, 1.17063e-007], 
 50: [0, 1, 1.30042e-008], 
 51: [0, 1, -2.58085e-007], 
 52: [0, 1, 4.022e-008], 
 53: [0, 1, 1.12707e-007], 
 54: [0, 1, -2.07341e-007], 
 55: [0, 1, -2.30428e-007], 
 56: [-1.4541e-008, 0, -1], 
 57: [-1.4541e-008, 0, -1], 
 58: [-1.4541e-008, 0, -1], 
 59: [-1.4541e-008, 0, -1], 
 60: [1, -8.27589e-008, 0], 
 61: [1, 1.24498e-008, 0], 
 62: [1, 2.89171e-008, 0], 
 63: [1, -9.63866e-008, 0], 
 64: [1, 1.31108e-007, 0], 
 65: [1, -1.53277e-008, 0], 
 66: [1, 2.75405e-008, 0], 
 67: [1, -2.61677e-007, 0], 
 68: [1, -4.83452e-008, 0], 
 69: [1, 5.28693e-008, 0], 
 70: [1, -6.40628e-008, 0], 
 71: [1, 9.52853e-009, 0], 
 72: [-1, -1.3652e-008, -7.02103e-008], 
 73: [-1, -2.05968e-009, -5.53058e-008], 
 74: [-1, 1.3652e-008, -3.51051e-008], 
 75: [-1, 2.05968e-009, -5.00095e-008], 
 76: [0, -1, 0], 
 77: [0, -1, 0], 
 78: [0, -1, 0], 
 79: [0, -1, 0], 
 80: [1, 1.55952e-009, 0], 
 81: [1, 1.29266e-009, 0], 
 82: [1, -1.55952e-009, 0], 
 83: [1, -1.29266e-009, 0], 
 84: [0, 1, 0], 
 85: [0, 1, 0], 
 86: [0, 1, 0], 
 87: [0, 1, 0], 
 88: [-1, -7.79762e-010, 0], 
 89: [-1, -6.46331e-010, 0], 
 90: [-1, 7.79762e-010, 0], 
 91: [-1, 6.46331e-010, 0], 
 92: [1.87328e-010, 0, 1], 
 93: [1.87328e-010, 0, 1], 
 94: [1.87328e-010, 0, 1], 
 95: [1.87328e-010, 0, 1], 
 96: [0, 0, -1], 
 97: [0, 0, -1], 
 98: [0, 0, -1], 
 99: [0, 0, -1], 
 100: [0, 1, 2.84272e-008], 
 101: [0, 1, 2.51543e-008], 
 102: [0, 1, -2.84272e-008], 
 103: [0, 1, -2.51544e-008], 
 104: [0, 0, 1], 
 105: [0, 0, 1], 
 106: [0, 0, 1], 
 107: [0, 0, 1], 
 108: [0, -1, 1.40262e-007], 
 109: [0, -1, 1.24113e-007], 
 110: [0, -1, -1.40261e-007], 
 111: [0, -1, -1.24113e-007], 
 112: [1, -2.26309e-007, 1.25118e-007], 
 113: [1, 8.70551e-008, 1.25118e-007], 
 114: [1, 2.26309e-007, 1.25118e-007], 
 115: [1, -8.70552e-008, 1.25118e-007], 
 116: [0, 0.707107, -0.707107], 
 117: [3.52038e-007, 0.707107, 0.707107], 
 118: [2.63497e-007, -0.707107, 0.707107], 
 119: [0, -0.707107, -0.707107], 
 120: [3.38488e-007, 8.73437e-007, 1], 
 121: [2.18507e-007, -0.649378, 0.760466], 
 122: [5.95124e-008, 0.769885, 0.638182], 
 123: [0, 0.769885, -0.638183], 
 124: [0, -0.649378, -0.760466], 
 125: [0, -1, 2.07559e-008], 
 126: [-1.1889e-006, 0, 1], 
 127: [-2.71333e-007, 0, 1], 
 128: [-2.30895e-007, 0, 1], 
 129: [-1.39322e-006, 0, 1], 
 130: [1, -2.51551e-007, -2.58406e-007], 
 131: [1, -3.6962e-007, -1.83597e-007], 
 132: [1, -1.97923e-007, -2.92385e-007], 
 133: [1, -7.98538e-008, -3.67194e-007], 
 134: [3.63071e-007, -2.26564e-008, -1], 
 135: [3.61168e-007, -2.18682e-008, -1], 
 136: [3.17971e-007, -3.98268e-009, -1], 
 137: [3.08352e-007, 0, -1], 
 138: [0, -1, -8.23078e-008], 
 139: [0, -1, 9.07848e-008], 
 140: [0, -1, 8.23082e-008], 
 141: [0, -1, -9.07844e-008], 
 142: [-0.964114, 0.26549, -2.55362e-009], 
 143: [-0.964114, 0.26549, -2.69066e-009], 
 144: [-0.964114, 0.26549, -2.23854e-009], 
 145: [-0.964114, 0.26549, -2.14933e-009], 
 146: [0.964114, 0.26549, 2.26231e-008], 
 147: [0.964114, 0.265489, 1.19833e-007], 
 148: [0.964114, 0.26549, -3.42933e-008], 
 149: [0.964114, 0.26549, -1.0686e-007], 
 150: [0.964114, 0.26549, -1.32345e-007], 
 151: [0.964114, 0.26549, -9.47122e-008], 
 152: [0.964114, 0.26549, -1.53097e-007], 
 153: [0.964114, 0.26549, -1.16419e-007], 
 154: [2.11152e-008, 0.336843, -0.941561], 
 155: [-5.61298e-009, 0.336843, -0.941561], 
 156: [6.96637e-009, 0.336843, -0.941561], 
 157: [-1.5827e-008, 0.336843, -0.941561], 
 158: [0, 1, -1.38144e-007], 
 159: [0, 1, -5.35854e-008], 
 160: [0, 1, -1.47431e-007], 
 161: [0, 1, -4.71592e-008], 
 162: [0, 1, -1.26506e-007], 
 163: [0, 1, -1.25492e-007], 
 164: [0, 1, 3.49195e-009], 
 165: [0, 1, 1.58973e-008], 
 166: [-2.21547e-008, 0.336842, 0.941561], 
 167: [-2.45052e-008, 0.336842, 0.941561], 
 168: [-2.00649e-008, 0.336842, 0.941561], 
 169: [-1.83681e-008, 0.336843, 0.941561], 
 170: [1, -2.15427e-007, 0], 
 171: [1, -2.15428e-007, 0], 
 172: [1, -2.15427e-007, 0], 
 173: [1, -2.15428e-007, 0], 
 174: [2.5807e-008, 0, -1], 
 175: [-2.84526e-008, 0, -1], 
 176: [-2.58069e-008, 0, -1], 
 177: [2.84526e-008, 0, -1], 
 178: [-1, -3.85161e-007, 0], 
 179: [-1, -3.85161e-007, 0], 
 180: [-1, -3.85161e-007, 0], 
 181: [-1, -3.85161e-007, 0], 
 182: [1.33882e-008, 0, 1], 
 183: [-1.47606e-008, 0, 1], 
 184: [-1.33881e-008, 0, 1], 
 185: [1.47607e-008, 0, 1], 
 186: [0, 1, -9.29845e-009], 
 187: [0, 1, 2.57279e-008], 
 188: [0, 1, 9.29845e-009], 
 189: [0, 1, -2.57279e-008], 
 190: [0.964113, 0.265491, -8.80826e-008], 
 191: [0.964114, 0.26549, 5.08988e-008], 
 192: [0.964114, 0.26549, 5.88508e-011], 
 193: [0.964114, 0.26549, -1.5874e-007], 
 194: [0.964114, 0.26549, -3.96155e-008], 
 195: [0.964114, 0.265489, 8.67904e-008], 
 196: [1, -1.26853e-007, 0], 
 197: [1, 8.82339e-008, 0], 
 198: [1, -8.82339e-008, 0], 
 199: [1, 1.26853e-007, 0]]
Texture Coordinates
[0: [0.977636, 0.981825],
1: [0.977636, 0.796156],
2: [0.84188, 0.796156],
3: [0.84188, 0.981825],
4: [0.244651, 0.997638],
5: [0.244651, 0.987806],
6: [0.430319, 0.987806],
7: [0.430319, 0.997638],
8: [0.77611, 0.998572],
9: [0.77611, 0.98874],
10: [0.640354, 0.98874],
11: [0.640354, 0.998572],
12: [0.208602, 0.997498],
13: [0.208602, 0.987665],
14: [0.0229338, 0.987665],
15: [0.0229338, 0.997498],
16: [0.463894, 0.998572],
17: [0.463894, 0.98874],
18: [0.59965, 0.98874],
19: [0.59965, 0.998572],
20: [0.662306, 0.935698],
21: [0.757584, 0.935698],
22: [0.757584, 0.985698],
23: [0.662306, 0.985698],
24: [0.810811, 0.966791],
25: [0.802172, 0.966791],
26: [0.802172, 0.871513],
27: [0.810811, 0.871513],
28: [0.810811, 0.871513],
29: [0.802172, 0.871513],
30: [0.802172, 0.871513],
31: [0.810811, 0.871513],
32: [0.810811, 0.871513],
33: [0.802172, 0.871513],
34: [0.802172, 0.966791],
35: [0.810811, 0.966791],
36: [0.810811, 0.966791],
37: [0.802172, 0.966791],
38: [0.802172, 0.966791],
39: [0.810811, 0.966791],
40: [0.00793118, 0.781819],
41: [0.222256, 0.781819],
42: [0.222256, 0.997498],
43: [0.00793118, 0.997498],
44: [0.112111, 0.798429],
45: [0.0621108, 0.798429],
46: [0.0621108, 0.872731],
47: [0.112111, 0.872731],
48: [0.824603, 0.781154],
49: [0.824603, 0.995479],
50: [0.994392, 0.995479],
51: [0.994392, 0.781154],
52: [0.977636, 0.981825],
53: [0.84188, 0.981825],
54: [0.84188, 0.796156],
55: [0.977636, 0.796156],
56: [0.229648, 0.997638],
57: [0.443974, 0.997638],
58: [0.443974, 0.781959],
59: [0.229648, 0.781959],
60: [0.623076, 0.782893],
61: [0.792865, 0.782893],
62: [0.792865, 0.998572],
63: [0.623076, 0.998572],
64: [0.757584, 0.985698],
65: [0.757584, 0.935698],
66: [0.662306, 0.935698],
67: [0.662306, 0.985698],
68: [0.757584, 0.873847],
69: [0.757584, 0.823847],
70: [0.662306, 0.823847],
71: [0.662306, 0.873847],
72: [0.616405, 0.782893],
73: [0.446616, 0.782893],
74: [0.446616, 0.998572],
75: [0.616405, 0.998572],
76: [0.058743, 0.758029],
77: [0.0687895, 0.758029],
78: [0.0687895, 0.758029],
79: [0.058743, 0.758029],
80: [0.058743, 0.683727],
81: [0.0687895, 0.683727],
82: [0.0687895, 0.758029],
83: [0.058743, 0.758029],
84: [0.058743, 0.683727],
85: [0.0687895, 0.683727],
86: [0.0687895, 0.683727],
87: [0.058743, 0.683727],
88: [0.058743, 0.758029],
89: [0.0687895, 0.758029],
90: [0.0687895, 0.683727],
91: [0.058743, 0.683727],
92: [0.112111, 0.872731],
93: [0.0621108, 0.872731],
94: [0.0621108, 0.798429],
95: [0.112111, 0.798429],
96: [0.810811, 0.966791],
97: [0.802172, 0.966791],
98: [0.802172, 0.966791],
99: [0.810811, 0.966791],
100: [0.810811, 0.871513],
101: [0.802172, 0.871513],
102: [0.802172, 0.966791],
103: [0.810811, 0.966791],
104: [0.810811, 0.871513],
105: [0.802172, 0.871513],
106: [0.802172, 0.871513],
107: [0.810811, 0.871513],
108: [0.810811, 0.966791],
109: [0.802172, 0.966791],
110: [0.802172, 0.871513],
111: [0.810811, 0.871513],
112: [0.662306, 0.823847],
113: [0.757584, 0.823847],
114: [0.757584, 0.873847],
115: [0.662306, 0.873847],
116: [0.967326, 0.0164498],
117: [0.967029, 0.262586],
118: [0.967029, 0.262586],
119: [0.967326, 0.0164498],
120: [0.943189, 0.262557],
121: [0.957559, 0.262574],
122: [0.941037, 0.262554],
123: [0.941334, 0.0164185],
124: [0.957856, 0.0164386],
125: [0.957686, 0.157225],
126: [0.528257, 0.0242918],
127: [0.632858, 0.0179063],
128: [0.633076, 0.0524446],
129: [0.52822, 0.0185679],
130: [0.403917, 0.521172],
131: [0.403917, 0.443256],
132: [0.508556, 0.443256],
133: [0.508556, 0.521172],
134: [0.633076, 0.0524446],
135: [0.632858, 0.0179063],
136: [0.528257, 0.0242918],
137: [0.52822, 0.0185679],
138: [0.52822, 0.0185679],
139: [0.52822, 0.0185679],
140: [0.528257, 0.0242918],
141: [0.528257, 0.0242918],
142: [0.694852, 0.0486925],
143: [0.514382, 0.113255],
144: [0.514382, 0.707297],
145: [0.694852, 0.77186],
146: [0.508556, 0.443256],
147: [0.403917, 0.443256],
148: [0.328087, 0.0789399],
149: [0.508556, 0.0143773],
150: [0.403917, 0.521172],
151: [0.328087, 0.672982],
152: [0.508556, 0.521172],
153: [0.508556, 0.737545],
154: [0.756989, 0.0595254],
155: [0.755905, 0.366777],
156: [0.907525, 0.0186431],
157: [0.906148, 0.40872],
158: [0.0272736, 0.0330982],
159: [0.29686, 0.0330982],
160: [0.00844025, 0.0111848],
161: [0.315693, 0.0111848],
162: [0.29686, 0.484307],
163: [0.315693, 0.50622],
164: [0.0272736, 0.484307],
165: [0.00844025, 0.50622],
166: [0.906148, 0.40872],
167: [0.755905, 0.366777],
168: [0.756989, 0.0595254],
169: [0.907525, 0.0186431],
170: [0.726669, 0.0171237],
171: [0.726669, 0.558574],
172: [0.708213, 0.558574],
173: [0.708213, 0.0171237],
174: [0.771351, 0.347997],
175: [0.772303, 0.0784127],
176: [0.756922, 0.0783585],
177: [0.755971, 0.347944],
178: [0.726669, 0.558574],
179: [0.726669, 0.0171237],
180: [0.708213, 0.0171237],
181: [0.708213, 0.558574],
182: [0.772303, 0.0784127],
183: [0.771351, 0.347997],
184: [0.755971, 0.347944],
185: [0.756922, 0.0783585],
186: [0.0272736, 0.0330982],
187: [0.0272736, 0.484307],
188: [0.29686, 0.484307],
189: [0.29686, 0.0330982],
190: [0.402776, 0.335064],
191: [0.454962, 0.335064],
192: [0.402776, 0.229715],
193: [0.402776, 0.088928],
194: [0.462776, 0.088928],
195: [0.462776, 0.335064],
196: [0.460277, 0.0909116],
197: [0.459861, 0.331258],
198: [0.405726, 0.0908023],
199: [0.40531, 0.331149]]
