Name: bush
Transform: [0, 0, 0]
Rotation: [0, 0, 0, 1]
Scale: [5, 5, 5]
LOD: 0
Animation data
[]
[]
[]
SubObjects: [ ]
Shading Data:
Diffuse_Color: [1, 1, 1, 1]
Ambient: [0, 0, 0, 0]
Emmision_Color: [0, 0, 0, 0]
Specular_Color: [0, 0, 0, 1]
Shininess: 0
Texture: bush
Number of Vertices: 49
[0: [-0.267442, 0.0396209, 0.0353214, 1], 
 1: [-0.00895951, -0.0419753, 0.00523802, 1], 
 2: [-0.583696, 0.109066, -0.265432, 1], 
 3: [-0.267442, 0.149769, -0.251398, 1], 
 4: [0.0192776, 0.0441483, -0.251398, 1], 
 5: [-0.606173, 0.109439, -0.572405, 1], 
 6: [-0.267442, 0.108721, -0.583443, 1], 
 7: [-0.202844, 0.0570965, 0.169462, 1], 
 8: [-0.00895951, -0.0419753, 0.00523802, 1], 
 9: [-0.55602, 0.255428, 0.0767424, 1], 
 10: [-0.350712, 0.228442, -0.0522356, 1], 
 11: [-0.0754129, 0.10768, -0.212165, 1], 
 12: [-0.75043, 0.287886, -0.229426, 1], 
 13: [-0.437959, 0.272259, -0.318854, 1], 
 14: [0.177606, 0.154128, 0.0386003, 1], 
 15: [-0.00895951, -0.0419753, 0.00523802, 1], 
 16: [0.155723, 0.376117, 0.346588, 1], 
 17: [-0.00685199, 0.297543, 0.23797, 1], 
 18: [-0.191474, 0.0614037, 0.178668, 1], 
 19: [0.10997, 0.495775, 0.680841, 1], 
 20: [-0.106993, 0.323563, 0.486928, 1], 
 21: [-0.0323709, 0.0794041, 0.248333, 1], 
 22: [-0.00895951, -0.0419753, 0.00523802, 1], 
 23: [-0.4079, 0.186551, 0.41901, 1], 
 24: [-0.31403, 0.176828, 0.174053, 1], 
 25: [-0.255262, 0.0285874, -0.0865906, 1], 
 26: [-0.714426, 0.165351, 0.465891, 1], 
 27: [-0.585203, 0.127121, 0.150117, 1], 
 28: [0.0245694, 0.077402, -0.237663, 1], 
 29: [-0.00895954, -0.0419753, 0.00523802, 1], 
 30: [0.356983, 0.249731, -0.398083, 1], 
 31: [0.263725, 0.236021, -0.128187, 1], 
 32: [0.199227, 0.082926, 0.128261, 1], 
 33: [0.660254, 0.321335, -0.317654, 1], 
 34: [0.537683, 0.217826, -0.0349845, 1], 
 35: [-0.211767, 0.0291257, -0.16266, 1], 
 36: [-0.00895953, -0.0419753, 0.00523802, 1], 
 37: [-0.220866, 0.157053, -0.563519, 1], 
 38: [-0.0160579, 0.196021, -0.330543, 1], 
 39: [0.186502, 0.0954865, -0.125053, 1], 
 40: [0.0480794, 0.19186, -0.829953, 1], 
 41: [0.239968, 0.220952, -0.523817, 1], 
 42: [0.132673, 0.123463, -0.158916, 1], 
 43: [-0.00895953, -0.0419753, 0.00523801, 1], 
 44: [0.411183, 0.417594, -0.0662652, 1], 
 45: [0.18333, 0.315095, 0.0757146, 1], 
 46: [0.0215411, 0.107351, 0.230733, 1], 
 47: [0.603586, 0.550495, 0.199267, 1], 
 48: [0.313932, 0.379369, 0.326124, 1]]
Number of polygons: 42
Polygon Connection List
[0: [0, 3, 2], 
1: [0, 1, 3], 
2: [1, 4, 3], 
3: [2, 3, 5], 
4: [3, 6, 5], 
5: [3, 4, 6], 
6: [7, 10, 9], 
7: [7, 8, 10], 
8: [8, 11, 10], 
9: [9, 10, 12], 
10: [10, 13, 12], 
11: [10, 11, 13], 
12: [14, 17, 16], 
13: [14, 15, 17], 
14: [15, 18, 17], 
15: [16, 17, 19], 
16: [17, 20, 19], 
17: [17, 18, 20], 
18: [21, 24, 23], 
19: [21, 22, 24], 
20: [22, 25, 24], 
21: [23, 24, 26], 
22: [24, 27, 26], 
23: [24, 25, 27], 
24: [28, 31, 30], 
25: [28, 29, 31], 
26: [29, 32, 31], 
27: [30, 31, 33], 
28: [31, 34, 33], 
29: [31, 32, 34], 
30: [35, 38, 37], 
31: [35, 36, 38], 
32: [36, 39, 38], 
33: [37, 38, 40], 
34: [38, 41, 40], 
35: [38, 39, 41], 
36: [42, 45, 44], 
37: [42, 43, 45], 
38: [43, 46, 45], 
39: [44, 45, 47], 
40: [45, 48, 47], 
41: [45, 46, 48]]
Per Vertex Normals
[0: [0.169141, 0.920036, 0.353448], 
 1: [0.322401, 0.884823, 0.336371], 
 2: [-0.131968, 0.983954, 0.120078], 
 3: [0.119452, 0.983656, 0.134727], 
 4: [0.340021, 0.923026, 0.180024], 
 5: [-0.0631477, 0.996286, -0.0585353], 
 6: [0.113773, 0.986001, -0.121892], 
 7: [0.528423, 0.804998, 0.269717], 
 8: [0.562913, 0.773378, 0.291575], 
 9: [0.225108, 0.961579, 0.15714], 
 10: [0.356373, 0.912826, 0.199367], 
 11: [0.507967, 0.823514, 0.252575], 
 12: [0.111804, 0.990498, 0.0800818], 
 13: [0.210475, 0.973346, 0.0910901], 
 14: [-0.307492, 0.614498, -0.726527], 
 15: [-0.414184, 0.516367, -0.749545], 
 16: [-0.143127, 0.891191, -0.430457], 
 17: [-0.381713, 0.755819, -0.532008], 
 18: [-0.518507, 0.566284, -0.640682], 
 19: [-0.34655, 0.886871, -0.305555], 
 20: [-0.524873, 0.798578, -0.294588], 
 21: [0.374906, 0.892395, -0.251152], 
 22: [0.387632, 0.837544, -0.385047], 
 23: [0.0280267, 0.999189, -0.0289214], 
 24: [0.129516, 0.959945, -0.248457], 
 25: [0.235945, 0.866608, -0.439682], 
 26: [-0.12427, 0.983453, -0.131822], 
 27: [-0.148029, 0.946169, -0.28784], 
 28: [-0.59225, 0.792499, 0.14555], 
 29: [-0.613844, 0.737394, 0.28186], 
 30: [-0.322803, 0.944329, -0.0635715], 
 31: [-0.357454, 0.910945, 0.205926], 
 32: [-0.458041, 0.809229, 0.367896], 
 33: [-0.137194, 0.978577, 0.153506], 
 34: [-0.0693635, 0.920863, 0.383666], 
 35: [-0.295432, 0.827215, 0.477949], 
 36: [-0.187114, 0.799571, 0.570679], 
 37: [-0.269107, 0.960108, 0.0759835], 
 38: [-0.171603, 0.941999, 0.288426], 
 39: [-0.0678001, 0.868186, 0.491586], 
 40: [-0.134585, 0.990573, -0.0255377], 
 41: [-0.0292369, 0.99554, 0.0896903], 
 42: [-0.767307, 0.567794, -0.298078], 
 43: [-0.84033, 0.495793, -0.219169], 
 44: [-0.509063, 0.833358, -0.215335], 
 45: [-0.678035, 0.723371, -0.130394], 
 46: [-0.815298, 0.573074, -0.0829158], 
 47: [-0.480706, 0.87621, -0.0343204], 
 48: [-0.56929, 0.817512, 0.0870807]]
Texture Coordinates
[0: [0.5, 0],
1: [1, 0],
2: [0, 0.5],
3: [0.5, 0.5],
4: [1, 0.5],
5: [0, 1],
6: [0.5, 1],
7: [0.5, 0],
8: [1, 0],
9: [0, 0.5],
10: [0.5, 0.5],
11: [1, 0.5],
12: [0, 1],
13: [0.5, 1],
14: [0.5, 0],
15: [1, 0],
16: [0, 0.5],
17: [0.5, 0.5],
18: [1, 0.5],
19: [0, 1],
20: [0.5, 1],
21: [0.5, 0],
22: [1, 0],
23: [0, 0.5],
24: [0.5, 0.5],
25: [1, 0.5],
26: [0, 1],
27: [0.5, 1],
28: [0.5, 0],
29: [1, 0],
30: [0, 0.5],
31: [0.5, 0.5],
32: [1, 0.5],
33: [0, 1],
34: [0.5, 1],
35: [0.5, 0],
36: [1, 0],
37: [0, 0.5],
38: [0.5, 0.5],
39: [1, 0.5],
40: [0, 1],
41: [0.5, 1],
42: [0.5, 0],
43: [1, 0],
44: [0, 0.5],
45: [0.5, 0.5],
46: [1, 0.5],
47: [0, 1],
48: [0.5, 1]]
