Name: cactus2
Transform: [0, 0, 0]
Rotation: [0, 0, 0, 1]
Scale: [4, 4, 4]
LOD: 0
Animation data
[]
[]
[]
SubObjects: [ ]
Shading Data:
Diffuse_Color: [1,1,1,1]
Ambient: [0, 0, 0, 0]
Emmision_Color: [0, 0, 0, 0]
Specular_Color: [0, 0, 0, 1]
Shininess: 0
Texture: cactus
Number of Vertices: 165
[0: [0.0868475, 1.10857, 0.0933756, 1], 
 1: [0.00839335, 2.66248, 0.352949, 1], 
 2: [0.0763641, 1.75724, 0.352137, 1], 
 3: [-0.0803753, 1.75716, 0.401918, 1], 
 4: [-0.0819868, 1.05645, 0.0939834, 1], 
 5: [0.0924788, 1.22702, 0.339915, 1], 
 6: [-0.0893317, 1.20148, 0.383571, 1], 
 7: [0.0231872, 1.18602, 0.410647, 1], 
 8: [0.0223585, 1.02424, 0.0943589, 1], 
 9: [0.0950919, 1.12725, 0.257663, 1], 
 10: [0.0238487, 1.05601, 0.302578, 1], 
 11: [-0.0911186, 1.08298, 0.285625, 1], 
 12: [0.0813386, 1.39512, 0.353541, 1], 
 13: [-0.0796558, 1.39072, 0.400076, 1], 
 14: [0.0207404, 1.38803, 0.43089, 1], 
 15: [0.018212, 1.75713, 0.430517, 1], 
 16: [0.07669, 1.57616, 0.353587, 1], 
 17: [0.0187612, 1.57619, 0.432772, 1], 
 18: [-0.0813032, 1.57619, 0.403227, 1], 
 19: [-0.0819868, 1.16069, 0.0927679, 1], 
 20: [-0.090097, 1.25248, 0.29536, 1], 
 21: [-0.0910545, 1.17141, 0.229809, 1], 
 22: [0.0223585, 1.1929, 0.0923923, 1], 
 23: [0.0230845, 1.26827, 0.268859, 1], 
 24: [0.0241049, 1.19877, 0.212528, 1], 
 25: [-0.0817192, 1.75723, 0.301225, 1], 
 26: [-0.0830655, 1.39958, 0.302587, 1], 
 27: [-0.0822951, 1.5762, 0.302283, 1], 
 28: [0.0189369, 1.4023, 0.276475, 1], 
 29: [0.0188379, 1.75725, 0.271759, 1], 
 30: [0.0177525, 1.57619, 0.275214, 1], 
 31: [0.00158624, 2.66248, 0.35505, 1], 
 32: [0.080037, 2.11922, 0.349296, 1], 
 33: [-0.0753148, 2.11893, 0.39652, 1], 
 34: [0.0179543, 2.11903, 0.421291, 1], 
 35: [0.0748462, 1.93838, 0.351117, 1], 
 36: [0.0188994, 1.93805, 0.42652, 1], 
 37: [-0.0730084, 1.93798, 0.396029, 1], 
 38: [0.0739535, 2.29988, 0.34992, 1], 
 39: [-0.0707412, 2.29982, 0.394958, 1], 
 40: [0.0178841, 2.30022, 0.422664, 1], 
 41: [0.00579327, 2.66248, 0.356349, 1], 
 42: [0.0618993, 2.47982, 0.351083, 1], 
 43: [0.0153366, 2.47837, 0.418972, 1], 
 44: [-0.0632776, 2.47984, 0.392373, 1], 
 45: [-0.0783715, 2.11924, 0.300857, 1], 
 46: [-0.0793021, 1.93823, 0.299917, 1], 
 47: [0.021277, 2.11932, 0.269303, 1], 
 48: [0.0190136, 1.93834, 0.270663, 1], 
 49: [0.00158624, 2.66248, 0.350847, 1], 
 50: [-0.0746666, 2.30028, 0.302194, 1], 
 51: [-0.0640071, 2.48072, 0.309621, 1], 
 52: [0.0202021, 2.30027, 0.270379, 1], 
 53: [0.00579327, 2.66248, 0.349549, 1], 
 54: [0.0173553, 2.4788, 0.279192, 1], 
 55: [-0.0993116, 0.873735, 0.0670106, 1], 
 56: [-0.317891, 2.58633, -0.136806, 1], 
 57: [-0.35014, 1.58865, -0.0691849, 1], 
 58: [-0.323159, 1.58856, -0.248414, 1], 
 59: [-0.0178142, 0.816296, -0.100269, 1], 
 60: [-0.345888, 1.00428, -0.0473035, 1], 
 61: [-0.300658, 0.976138, -0.248351, 1], 
 62: [-0.382151, 0.959096, -0.15023, 1], 
 63: [-0.0689253, 0.780796, 0.00275004, 1], 
 64: [-0.265808, 0.894328, -0.00472246, 1], 
 65: [-0.275587, 0.815804, -0.0970259, 1], 
 66: [-0.202916, 0.84553, -0.20249, 1], 
 67: [-0.353948, 1.18955, -0.0649478, 1], 
 68: [-0.321687, 1.1847, -0.246807, 1], 
 69: [-0.400983, 1.18173, -0.162494, 1], 
 70: [-0.399384, 1.58852, -0.164814, 1], 
 71: [-0.351733, 1.38908, -0.0695677, 1], 
 72: [-0.401881, 1.38911, -0.165367, 1], 
 73: [-0.324002, 1.38911, -0.249968, 1], 
 74: [-0.016612, 0.931174, -0.0996784, 1], 
 75: [-0.213041, 1.03234, -0.206214, 1], 
 76: [-0.147743, 0.942989, -0.175285, 1], 
 77: [-0.0669802, 0.966673, 0.00370635, 1], 
 78: [-0.241867, 1.04974, -0.0813856, 1], 
 79: [-0.186649, 0.973149, -0.0529842, 1], 
 80: [-0.222915, 1.58863, -0.200779, 1], 
 81: [-0.223608, 1.19447, -0.202773, 1], 
 82: [-0.223682, 1.38911, -0.201864, 1], 
 83: [-0.247382, 1.19747, -0.089191, 1], 
 84: [-0.24267, 1.58866, -0.086996, 1], 
 85: [-0.245559, 1.38911, -0.089749, 1], 
 86: [-0.31666, 2.58633, -0.14456, 1], 
 87: [-0.349116, 1.9876, -0.0641706, 1], 
 88: [-0.320281, 1.98727, -0.240784, 1], 
 89: [-0.390134, 1.98738, -0.160582, 1], 
 90: [-0.348393, 1.78828, -0.0701901, 1], 
 91: [-0.395765, 1.78792, -0.16219, 1], 
 92: [-0.320916, 1.78784, -0.238264, 1], 
 93: [-0.346775, 2.1867, -0.0704909, 1], 
 94: [-0.32096, 2.18664, -0.235501, 1], 
 95: [-0.391458, 2.18707, -0.161319, 1], 
 96: [-0.31999, 2.58633, -0.141031, 1], 
 97: [-0.342064, 2.38501, -0.0829787, 1], 
 98: [-0.386567, 2.38342, -0.162043, 1], 
 99: [-0.322033, 2.38503, -0.226862, 1], 
 100: [-0.224179, 1.98762, -0.197289, 1], 
 101: [-0.222797, 1.78812, -0.197753, 1], 
 102: [-0.241427, 1.9877, -0.0833893, 1], 
 103: [-0.241671, 1.78824, -0.0862891, 1], 
 104: [-0.312503, 2.58633, -0.142516, 1], 
 105: [-0.227303, 2.18715, -0.194275, 1], 
 106: [-0.239832, 2.38601, -0.187344, 1], 
 107: [-0.241968, 2.18713, -0.0849752, 1], 
 108: [-0.313264, 2.58633, -0.137724, 1], 
 109: [-0.2493, 2.38389, -0.0920764, 1], 
 110: [0.15, -0.0235385, -3.88578e-016, 1], 
 111: [0.020852, 3.03908, 2.89365e-009, 1], 
 112: [0.133151, 1.50777, -0.00137303, 1], 
 113: [-0.118762, 1.50763, 0.082837, 1], 
 114: [-0.121353, -0.0235385, 0.0881678, 1], 
 115: [0.146718, 0.58894, -0.000148043, 1], 
 116: [-0.119857, 0.588977, 0.0861865, 1], 
 117: [0.0451333, 0.588951, 0.139539, 1], 
 118: [0.0463526, -0.0235385, 0.142658, 1], 
 119: [0.149613, 0.282715, -0.000280232, 1], 
 120: [0.0459123, 0.282714, 0.141535, 1], 
 121: [-0.121444, 0.282721, 0.087887, 1], 
 122: [0.138767, 0.895165, 0.000995247, 1], 
 123: [-0.115032, 0.895239, 0.0812864, 1], 
 124: [0.0432602, 0.895216, 0.134363, 1], 
 125: [0.0396882, 1.50757, 0.131215, 1], 
 126: [0.133675, 1.20146, 0.00107969, 1], 
 127: [0.0405709, 1.2015, 0.13503, 1], 
 128: [-0.120254, 1.20151, 0.0850515, 1], 
 129: [-0.121353, -0.0235385, -0.0881678, 1], 
 130: [-0.1211, 0.588982, -0.0879474, 1], 
 131: [-0.121353, 0.282723, -0.0881678, 1], 
 132: [0.0463526, -0.0235385, -0.142658, 1], 
 133: [0.0449178, 0.588966, -0.140493, 1], 
 134: [0.0462787, 0.282722, -0.142658, 1], 
 135: [-0.120922, 1.50775, -0.0874967, 1], 
 136: [-0.120514, 0.895237, -0.0867658, 1], 
 137: [-0.121848, 1.20151, -0.0857061, 1], 
 138: [0.0403516, 0.895196, -0.131909, 1], 
 139: [0.0406941, 1.50779, -0.137341, 1], 
 140: [0.0389498, 1.2015, -0.131498, 1], 
 141: [0.0160227, 3.03908, 0.00156915, 1], 
 142: [0.139054, 2.1201, -0.00617959, 1], 
 143: [-0.110629, 2.11961, 0.0737059, 1], 
 144: [0.0392741, 2.11977, 0.115608, 1], 
 145: [0.130711, 1.81418, -0.00309889, 1], 
 146: [0.040793, 1.81362, 0.124453, 1], 
 147: [-0.106922, 1.81351, 0.0728746, 1], 
 148: [0.129277, 2.4257, -0.00512398, 1], 
 149: [-0.103279, 2.4256, 0.0710639, 1], 
 150: [0.0391613, 2.42627, 0.117932, 1], 
 151: [0.0190074, 3.03908, 0.00253894, 1], 
 152: [0.109903, 2.73008, -0.00315632, 1], 
 153: [0.0350669, 2.72764, 0.111685, 1], 
 154: [-0.0912829, 2.73012, 0.0666912, 1], 
 155: [-0.115542, 2.12014, -0.0881194, 1], 
 156: [-0.117038, 1.81393, -0.0897099, 1], 
 157: [0.0446143, 2.12027, -0.141495, 1], 
 158: [0.0409765, 1.81411, -0.139195, 1], 
 159: [0.0160227, 3.03908, -0.00156915, 1], 
 160: [-0.109587, 2.42639, -0.0858572, 1], 
 161: [-0.0924553, 2.73161, -0.0732941, 1], 
 162: [0.0428867, 2.42637, -0.139677, 1], 
 163: [0.0190074, 3.03908, -0.00253893, 1], 
 164: [0.0383114, 2.72836, -0.124768, 1]]
Number of polygons: 300
Polygon Connection List
[0: [1, 42, 53], 
1: [53, 42, 54], 
2: [2, 16, 29], 
3: [29, 16, 30], 
4: [18, 17, 3], 
5: [15, 3, 17], 
6: [10, 7, 11], 
7: [7, 6, 11], 
8: [10, 9, 7], 
9: [9, 5, 7], 
10: [8, 0, 10], 
11: [0, 9, 10], 
12: [10, 11, 8], 
13: [11, 4, 8], 
14: [7, 14, 6], 
15: [14, 13, 6], 
16: [7, 5, 14], 
17: [5, 12, 14], 
18: [2, 15, 16], 
19: [16, 15, 17], 
20: [14, 12, 17], 
21: [12, 16, 17], 
22: [14, 17, 13], 
23: [18, 13, 17], 
24: [9, 24, 5], 
25: [5, 24, 23], 
26: [11, 6, 21], 
27: [6, 20, 21], 
28: [11, 21, 4], 
29: [19, 4, 21], 
30: [21, 20, 24], 
31: [20, 23, 24], 
32: [21, 24, 19], 
33: [22, 19, 24], 
34: [9, 0, 24], 
35: [0, 22, 24], 
36: [3, 25, 18], 
37: [25, 27, 18], 
38: [6, 13, 20], 
39: [26, 20, 13], 
40: [13, 18, 26], 
41: [27, 26, 18], 
42: [5, 23, 12], 
43: [12, 23, 28], 
44: [20, 26, 23], 
45: [23, 26, 28], 
46: [29, 30, 25], 
47: [25, 30, 27], 
48: [26, 27, 28], 
49: [30, 28, 27], 
50: [12, 28, 16], 
51: [16, 28, 30], 
52: [41, 31, 43], 
53: [31, 44, 43], 
54: [33, 37, 34], 
55: [34, 37, 36], 
56: [35, 32, 36], 
57: [32, 34, 36], 
58: [2, 35, 15], 
59: [35, 36, 15], 
60: [3, 15, 37], 
61: [37, 15, 36], 
62: [39, 33, 40], 
63: [40, 33, 34], 
64: [38, 40, 32], 
65: [32, 40, 34], 
66: [1, 41, 42], 
67: [42, 41, 43], 
68: [40, 38, 43], 
69: [38, 42, 43], 
70: [39, 40, 44], 
71: [44, 40, 43], 
72: [32, 35, 47], 
73: [35, 48, 47], 
74: [37, 33, 46], 
75: [33, 45, 46], 
76: [25, 3, 46], 
77: [3, 37, 46], 
78: [45, 47, 46], 
79: [46, 47, 48], 
80: [29, 25, 48], 
81: [25, 46, 48], 
82: [35, 2, 48], 
83: [2, 29, 48], 
84: [49, 51, 31], 
85: [31, 51, 44], 
86: [33, 39, 45], 
87: [50, 45, 39], 
88: [39, 44, 50], 
89: [51, 50, 44], 
90: [32, 47, 38], 
91: [38, 47, 52], 
92: [47, 45, 52], 
93: [45, 50, 52], 
94: [53, 54, 49], 
95: [49, 54, 51], 
96: [50, 51, 52], 
97: [54, 52, 51], 
98: [52, 54, 38], 
99: [42, 38, 54], 
100: [56, 97, 108], 
101: [108, 97, 109], 
102: [57, 71, 84], 
103: [84, 71, 85], 
104: [73, 72, 58], 
105: [70, 58, 72], 
106: [65, 62, 66], 
107: [62, 61, 66], 
108: [65, 64, 62], 
109: [64, 60, 62], 
110: [63, 55, 65], 
111: [55, 64, 65], 
112: [65, 66, 63], 
113: [66, 59, 63], 
114: [62, 69, 61], 
115: [69, 68, 61], 
116: [62, 60, 69], 
117: [60, 67, 69], 
118: [57, 70, 71], 
119: [71, 70, 72], 
120: [69, 67, 72], 
121: [67, 71, 72], 
122: [69, 72, 68], 
123: [73, 68, 72], 
124: [64, 79, 60], 
125: [60, 79, 78], 
126: [66, 61, 76], 
127: [61, 75, 76], 
128: [66, 76, 59], 
129: [74, 59, 76], 
130: [76, 75, 79], 
131: [75, 78, 79], 
132: [76, 79, 74], 
133: [77, 74, 79], 
134: [64, 55, 79], 
135: [55, 77, 79], 
136: [58, 80, 73], 
137: [80, 82, 73], 
138: [61, 68, 75], 
139: [81, 75, 68], 
140: [68, 73, 81], 
141: [82, 81, 73], 
142: [60, 78, 67], 
143: [67, 78, 83], 
144: [75, 81, 78], 
145: [78, 81, 83], 
146: [84, 85, 80], 
147: [80, 85, 82], 
148: [81, 82, 83], 
149: [85, 83, 82], 
150: [67, 83, 71], 
151: [71, 83, 85], 
152: [96, 86, 98], 
153: [86, 99, 98], 
154: [88, 92, 89], 
155: [89, 92, 91], 
156: [90, 87, 91], 
157: [87, 89, 91], 
158: [57, 90, 70], 
159: [90, 91, 70], 
160: [58, 70, 92], 
161: [92, 70, 91], 
162: [94, 88, 95], 
163: [95, 88, 89], 
164: [93, 95, 87], 
165: [87, 95, 89], 
166: [56, 96, 97], 
167: [97, 96, 98], 
168: [95, 93, 98], 
169: [93, 97, 98], 
170: [94, 95, 99], 
171: [99, 95, 98], 
172: [87, 90, 102], 
173: [90, 103, 102], 
174: [92, 88, 101], 
175: [88, 100, 101], 
176: [80, 58, 101], 
177: [58, 92, 101], 
178: [100, 102, 101], 
179: [101, 102, 103], 
180: [84, 80, 103], 
181: [80, 101, 103], 
182: [90, 57, 103], 
183: [57, 84, 103], 
184: [104, 106, 86], 
185: [86, 106, 99], 
186: [88, 94, 100], 
187: [105, 100, 94], 
188: [94, 99, 105], 
189: [106, 105, 99], 
190: [87, 102, 93], 
191: [93, 102, 107], 
192: [102, 100, 107], 
193: [100, 105, 107], 
194: [108, 109, 104], 
195: [104, 109, 106], 
196: [105, 106, 107], 
197: [109, 107, 106], 
198: [107, 109, 93], 
199: [97, 93, 109], 
200: [111, 152, 163], 
201: [163, 152, 164], 
202: [112, 126, 139], 
203: [139, 126, 140], 
204: [128, 127, 113], 
205: [125, 113, 127], 
206: [121, 120, 116], 
207: [117, 116, 120], 
208: [119, 115, 120], 
209: [115, 117, 120], 
210: [110, 119, 118], 
211: [119, 120, 118], 
212: [121, 114, 120], 
213: [114, 118, 120], 
214: [116, 117, 123], 
215: [124, 123, 117], 
216: [115, 122, 117], 
217: [122, 124, 117], 
218: [112, 125, 126], 
219: [126, 125, 127], 
220: [126, 127, 122], 
221: [122, 127, 124], 
222: [123, 124, 128], 
223: [128, 124, 127], 
224: [134, 133, 119], 
225: [115, 119, 133], 
226: [121, 116, 131], 
227: [116, 130, 131], 
228: [129, 114, 131], 
229: [114, 121, 131], 
230: [131, 130, 134], 
231: [130, 133, 134], 
232: [132, 129, 134], 
233: [129, 131, 134], 
234: [110, 132, 119], 
235: [119, 132, 134], 
236: [113, 135, 128], 
237: [135, 137, 128], 
238: [130, 116, 136], 
239: [136, 116, 123], 
240: [136, 123, 137], 
241: [137, 123, 128], 
242: [115, 133, 122], 
243: [122, 133, 138], 
244: [130, 136, 133], 
245: [133, 136, 138], 
246: [139, 140, 135], 
247: [135, 140, 137], 
248: [140, 138, 137], 
249: [138, 136, 137], 
250: [126, 122, 140], 
251: [122, 138, 140], 
252: [151, 141, 153], 
253: [141, 154, 153], 
254: [143, 147, 144], 
255: [144, 147, 146], 
256: [145, 142, 146], 
257: [142, 144, 146], 
258: [112, 145, 125], 
259: [145, 146, 125], 
260: [113, 125, 147], 
261: [147, 125, 146], 
262: [150, 149, 144], 
263: [149, 143, 144], 
264: [142, 148, 144], 
265: [148, 150, 144], 
266: [111, 151, 152], 
267: [152, 151, 153], 
268: [150, 148, 153], 
269: [148, 152, 153], 
270: [150, 153, 149], 
271: [154, 149, 153], 
272: [142, 145, 157], 
273: [145, 158, 157], 
274: [147, 143, 156], 
275: [143, 155, 156], 
276: [135, 113, 156], 
277: [113, 147, 156], 
278: [156, 155, 158], 
279: [155, 157, 158], 
280: [139, 135, 158], 
281: [135, 156, 158], 
282: [112, 139, 145], 
283: [145, 139, 158], 
284: [159, 161, 141], 
285: [141, 161, 154], 
286: [143, 149, 155], 
287: [160, 155, 149], 
288: [149, 154, 160], 
289: [161, 160, 154], 
290: [142, 157, 148], 
291: [148, 157, 162], 
292: [157, 155, 162], 
293: [155, 160, 162], 
294: [163, 164, 159], 
295: [159, 164, 161], 
296: [160, 161, 162], 
297: [164, 162, 161], 
298: [148, 162, 152], 
299: [152, 162, 164]]
Per Vertex Normals
[0: [0.99919, -0.0399222, 0.00511522], 
 1: [0.959678, 0.281067, 0.00433135], 
 2: [0.999951, 0.00349428, 0.00924303], 
 3: [-0.79333, 0.0248349, 0.608285], 
 4: [-0.771782, -0.634329, 0.0444881], 
 5: [0.992131, -0.00487812, 0.125105], 
 6: [-0.744763, -0.237684, 0.623566], 
 7: [0.268654, -0.375979, 0.886828], 
 8: [0.293817, -0.946914, 0.130483], 
 9: [0.987961, -0.147831, 0.0455941], 
 10: [0.272879, -0.839498, 0.469873], 
 11: [-0.739592, -0.591363, 0.321392], 
 12: [0.9994, 0.0345772, 0.00177126], 
 13: [-0.7827, -0.0145763, 0.622228], 
 14: [0.291484, -0.0332855, 0.955996], 
 15: [0.315451, 0.0197606, 0.948736], 
 16: [0.999955, 0.00771344, -0.00553884], 
 17: [0.314851, 0.00511981, 0.949127], 
 18: [-0.795464, -0.00206162, 0.605998], 
 19: [-0.797571, 0.597468, -0.0831389], 
 20: [-0.859834, 0.214613, -0.463279], 
 21: [-0.876152, 0.413732, -0.247354], 
 22: [0.303229, 0.951555, -0.0509462], 
 23: [0.340547, 0.344441, -0.874864], 
 24: [0.355095, 0.828541, -0.432929], 
 25: [-0.804184, 0.000195926, -0.594381], 
 26: [-0.800477, 0.0295137, -0.598637], 
 27: [-0.796662, -0.000990723, -0.604425], 
 28: [0.316241, 0.0345182, -0.948051], 
 29: [0.324537, -0.0103284, -0.945817], 
 30: [0.321812, -0.00992251, -0.946752], 
 31: [-0.732986, 0.382126, 0.562771], 
 32: [0.999642, 0.00461752, 0.0263604], 
 33: [-0.784925, 0.00578592, 0.619564], 
 34: [0.291738, 0.00441744, 0.956488], 
 35: [0.999869, -0.00700171, 0.0146105], 
 36: [0.297181, 0.0164301, 0.95468], 
 37: [-0.785648, 0.0228153, 0.618253], 
 38: [0.999009, 0.0358997, 0.0263139], 
 39: [-0.793605, 0.0321835, 0.607582], 
 40: [0.299279, 0.0215641, 0.953922], 
 41: [0.316239, 0.311436, 0.896103], 
 42: [0.985125, 0.170389, 0.0222957], 
 43: [0.29838, 0.170118, 0.939164], 
 44: [-0.790873, 0.202126, 0.577637], 
 45: [-0.81807, 0.0132723, -0.574966], 
 46: [-0.815922, 0.00710027, -0.578119], 
 47: [0.318666, 0.00159746, -0.947866], 
 48: [0.328485, -0.00646916, -0.944487], 
 49: [-0.734541, 0.399988, -0.548142], 
 50: [-0.821354, 0.042696, -0.568818], 
 51: [-0.803015, 0.220121, -0.553817], 
 52: [0.318951, 0.0350149, -0.947124], 
 53: [0.321343, 0.338916, -0.884237], 
 54: [0.306427, 0.198482, -0.930971], 
 55: [-0.445444, -0.0399222, 0.894419], 
 56: [-0.427309, 0.281066, 0.859307], 
 57: [-0.449484, 0.00349426, 0.893281], 
 58: [-0.195851, 0.0248349, -0.980319], 
 59: [0.300595, -0.634329, -0.712228], 
 60: [-0.550009, -0.0048779, 0.835145], 
 61: [-0.230992, -0.237683, -0.943477], 
 62: [-0.914376, -0.375979, -0.150187], 
 63: [-0.246731, -0.946914, 0.206102], 
 64: [-0.476816, -0.147832, 0.866483], 
 65: [-0.542063, -0.839498, 0.0375695], 
 66: [0.0378981, -0.591363, -0.805514], 
 67: [-0.442536, 0.0345772, 0.896084], 
 68: [-0.213054, -0.0145763, -0.976932], 
 69: [-0.98652, -0.0332855, -0.160217], 
 70: [-0.990579, 0.0197605, -0.135506], 
 71: [-0.436221, 0.00771339, 0.899807], 
 72: [-0.990666, 0.00511976, -0.136217], 
 73: [-0.192857, -0.00206164, -0.981225], 
 74: [0.426506, 0.597468, -0.679061], 
 75: [0.795116, 0.214613, -0.567214], 
 76: [0.608544, 0.413732, -0.677127], 
 77: [-0.0880681, 0.951555, 0.294597], 
 78: [0.634853, 0.344441, 0.691608], 
 79: [0.231841, 0.82854, 0.509677], 
 80: [0.888214, 0.000195976, -0.45943], 
 81: [0.890398, 0.0295136, -0.454225], 
 82: [0.893909, -0.000990756, -0.448248], 
 83: [0.711255, 0.0345182, 0.702086], 
 84: [0.70559, -0.0103283, 0.708545], 
 85: [0.707631, -0.00992248, 0.706512], 
 86: [-0.181638, 0.38213, -0.906081], 
 87: [-0.464709, 0.00461757, 0.885451], 
 88: [-0.209681, 0.00578596, -0.977753], 
 89: [-0.987074, 0.00441746, -0.160207], 
 90: [-0.454265, -0.00700168, 0.890839], 
 91: [-0.987852, 0.0164301, -0.154524], 
 92: [-0.208185, 0.0228153, -0.977823], 
 93: [-0.464388, 0.0358997, 0.884904], 
 94: [-0.195099, 0.0321834, -0.980255], 
 95: [-0.988098, 0.0215641, -0.152307], 
 96: [-0.943695, 0.311437, -0.111564], 
 97: [-0.454656, 0.170389, 0.874217], 
 98: [-0.974458, 0.170117, -0.146603], 
 99: [-0.169432, 0.202126, -0.964592], 
 100: [0.876918, 0.0132723, -0.480457], 
 101: [0.878799, 0.00710029, -0.477139], 
 102: [0.710019, 0.00159746, 0.70418], 
 103: [0.702655, -0.00646918, 0.711502], 
 104: [0.815991, 0.39999, -0.417333], 
 105: [0.87285, 0.0426959, -0.486117], 
 106: [0.851296, 0.220121, -0.476279], 
 107: [0.709228, 0.0350149, 0.704109], 
 108: [0.651733, 0.338917, 0.678513], 
 109: [0.700257, 0.198481, 0.685744], 
 110: [0.999999, 0.00126366, 0.000342153], 
 111: [0.960895, 0.276883, 0.004169], 
 112: [0.999956, 0.00488242, 0.0079762], 
 113: [-0.797743, 0.0242489, 0.60251], 
 114: [-0.808481, 0.00135727, 0.588521], 
 115: [0.99985, 0.0173414, 0.000228834], 
 116: [-0.805287, 0.0106761, 0.592789], 
 117: [0.309205, 0.0145, 0.950885], 
 118: [0.308616, 0.00320543, 0.951181], 
 119: [0.999983, 0.00562235, 0.00125381], 
 120: [0.309152, 0.00558958, 0.950996], 
 121: [-0.807947, 0.00387378, 0.589242], 
 122: [0.999819, 0.0181448, -0.0056549], 
 123: [-0.803071, 0.00203571, 0.59588], 
 124: [0.311014, 0.0067909, 0.950381], 
 125: [0.320325, 0.0198593, 0.9471], 
 126: [0.999969, 0.00733903, -0.002667], 
 127: [0.322504, 0.00774221, 0.946536], 
 128: [-0.803028, -0.00421886, 0.595926], 
 129: [-0.80903, -3.05427e-005, -0.587768], 
 130: [-0.809038, 0.00337785, -0.587747], 
 131: [-0.809285, 0.0013859, -0.587414], 
 132: [0.309178, 0.000194269, -0.951004], 
 133: [0.315241, 0.0148467, -0.948896], 
 134: [0.310127, 0.00318824, -0.95069], 
 135: [-0.808121, -0.000121656, -0.589017], 
 136: [-0.806622, 0.00824621, -0.59101], 
 137: [-0.803176, -0.00444653, -0.595725], 
 138: [0.323404, 0.0175647, -0.946098], 
 139: [0.330276, -0.00867398, -0.943844], 
 140: [0.326731, -0.00416181, -0.945108], 
 141: [-0.740883, 0.380621, 0.553372], 
 142: [0.999492, 0.0102608, 0.0301638], 
 143: [-0.787309, 0.010063, 0.616476], 
 144: [0.298281, 0.0147053, 0.954365], 
 145: [0.999878, -0.00823938, 0.0132483], 
 146: [0.301436, 0.0164822, 0.953344], 
 147: [-0.7917, 0.0222328, 0.610505], 
 148: [0.999114, 0.0317164, 0.0276763], 
 149: [-0.797667, 0.023725, 0.602631], 
 150: [0.306135, 0.00838545, 0.951951], 
 151: [0.322272, 0.319322, 0.891164], 
 152: [0.986521, 0.162553, 0.0187925], 
 153: [0.303137, 0.17606, 0.936542], 
 154: [-0.795812, 0.202858, 0.570554], 
 155: [-0.821036, 0.0105804, -0.570778], 
 156: [-0.8185, 0.00876351, -0.57444], 
 157: [0.321407, -0.000391548, -0.946941], 
 158: [0.3327, -0.00585078, -0.943015], 
 159: [-0.742377, 0.398109, -0.538874], 
 160: [-0.825188, 0.0413013, -0.563346], 
 161: [-0.807275, 0.218061, -0.548412], 
 162: [0.32483, 0.0389749, -0.944969], 
 163: [0.327421, 0.346412, -0.879087], 
 164: [0.311859, 0.197182, -0.929443]]
Texture Coordinates
[0: [0, 0.5],
1: [1, 0.5],
2: [0.5, 0.6],
3: [0.5, 0.4],
4: [0, 0.4],
5: [0.2, 0.5],
6: [0.2, 0.4],
7: [0.2, 0.2],
8: [0, 0.2],
9: [0.1, 0.4],
10: [0.1, 0.2],
11: [0.1, 0.4],
12: [0.3, 0.5],
13: [0.3, 0.4],
14: [0.3, 0.2],
15: [0.5, 0.2],
16: [0.4, 0.571429],
17: [0.4, 0.2],
18: [0.4, 0.4],
19: [0, 0.6],
20: [0.2, 0.6],
21: [0.1, 0.6],
22: [0, 0.8],
23: [0.2, 0.8],
24: [0.1, 0.8],
25: [0.5, 0.6],
26: [0.3, 0.6],
27: [0.4, 0.6],
28: [0.3, 0.8],
29: [0.5, 0.8],
30: [0.4, 0.8],
31: [1, 0.4],
32: [0.7, 0.333333],
33: [0.7, 0.4],
34: [0.7, 0.2],
35: [0.6, 0.5],
36: [0.6, 0.2],
37: [0.6, 0.4],
38: [0.8, 0.571429],
39: [0.8, 0.4],
40: [0.8, 0.2],
41: [1, 0.2],
42: [0.9, 0.5],
43: [0.9, 0.2],
44: [0.9, 0.4],
45: [0.7, 0.6],
46: [0.6, 0.6],
47: [0.7, 0.8],
48: [0.6, 0.8],
49: [1, 0.6],
50: [0.8, 0.6],
51: [0.9, 0.6],
52: [0.8, 0.8],
53: [1, 0.8],
54: [0.9, 0.8],
55: [0, 0.5],
56: [1, 0.5],
57: [0.5, 0.6],
58: [0.5, 0.4],
59: [0, 0.4],
60: [0.2, 0.5],
61: [0.2, 0.4],
62: [0.2, 0.2],
63: [0, 0.2],
64: [0.1, 0.4],
65: [0.1, 0.2],
66: [0.1, 0.4],
67: [0.3, 0.5],
68: [0.3, 0.4],
69: [0.3, 0.2],
70: [0.5, 0.2],
71: [0.4, 0.571429],
72: [0.4, 0.2],
73: [0.4, 0.4],
74: [0, 0.6],
75: [0.2, 0.6],
76: [0.1, 0.6],
77: [0, 0.8],
78: [0.2, 0.8],
79: [0.1, 0.8],
80: [0.5, 0.6],
81: [0.3, 0.6],
82: [0.4, 0.6],
83: [0.3, 0.8],
84: [0.5, 0.8],
85: [0.4, 0.8],
86: [1, 0.4],
87: [0.7, 0.333333],
88: [0.7, 0.4],
89: [0.7, 0.2],
90: [0.6, 0.5],
91: [0.6, 0.2],
92: [0.6, 0.4],
93: [0.8, 0.571429],
94: [0.8, 0.4],
95: [0.8, 0.2],
96: [1, 0.2],
97: [0.9, 0.5],
98: [0.9, 0.2],
99: [0.9, 0.4],
100: [0.7, 0.6],
101: [0.6, 0.6],
102: [0.7, 0.8],
103: [0.6, 0.8],
104: [1, 0.6],
105: [0.8, 0.6],
106: [0.9, 0.6],
107: [0.8, 0.8],
108: [1, 0.8],
109: [0.9, 0.8],
110: [0, 0.5],
111: [1, 0.5],
112: [0.5, 0.5],
113: [0.5, 0.4],
114: [0, 0.4],
115: [0.2, 0.4],
116: [0.2, 0.4],
117: [0.2, 0.2],
118: [0, 0.2],
119: [0.1, 0.571429],
120: [0.1, 0.2],
121: [0.1, 0.4],
122: [0.3, 0.5],
123: [0.3, 0.4],
124: [0.3, 0.2],
125: [0.5, 0.2],
126: [0.4, 0.5],
127: [0.4, 0.2],
128: [0.4, 0.4],
129: [0, 0.6],
130: [0.2, 0.6],
131: [0.1, 0.6],
132: [0, 0.8],
133: [0.2, 0.8],
134: [0.1, 0.8],
135: [0.5, 0.6],
136: [0.3, 0.6],
137: [0.4, 0.6],
138: [0.3, 0.8],
139: [0.5, 0.8],
140: [0.4, 0.8],
141: [1, 0.4],
142: [0.7, 0.4],
143: [0.7, 0.4],
144: [0.7, 0.2],
145: [0.6, 0.571429],
146: [0.6, 0.2],
147: [0.6, 0.4],
148: [0.8, 0.428571],
149: [0.8, 0.4],
150: [0.8, 0.2],
151: [1, 0.2],
152: [0.9, 0.571429],
153: [0.9, 0.2],
154: [0.9, 0.4],
155: [0.7, 0.6],
156: [0.6, 0.6],
157: [0.7, 0.8],
158: [0.6, 0.8],
159: [1, 0.6],
160: [0.8, 0.6],
161: [0.9, 0.6],
162: [0.8, 0.8],
163: [1, 0.8],
164: [0.9, 0.8]]
