Name: cactus1
Transform: [0, 0, 0]
Rotation: [0, 0, 0, 1]
Scale: [4, 4, 4]
LOD: 0
Animation data
[]
[]
[]
SubObjects: [ ]
Shading Data:
Diffuse_Color: [1,1,1,1]
Ambient: [0, 0, 0, 0]
Emmision_Color: [0, 0, 0, 0]
Specular_Color: [0, 0, 0, 1]
Shininess: 0
Texture: cactus
Number of Vertices: 55
[0: [0.15, -0.0235385, -3.88578e-016, 1], 
 1: [0.020852, 3.03908, 2.89365e-009, 1], 
 2: [0.133151, 1.50777, -0.00137303, 1], 
 3: [-0.118762, 1.50763, 0.082837, 1], 
 4: [-0.121353, -0.0235385, 0.0881678, 1], 
 5: [0.146718, 0.58894, -0.000148043, 1], 
 6: [-0.119857, 0.588977, 0.0861865, 1], 
 7: [0.0451333, 0.588951, 0.139539, 1], 
 8: [0.0463526, -0.0235385, 0.142658, 1], 
 9: [0.149613, 0.282715, -0.000280232, 1], 
 10: [0.0459123, 0.282714, 0.141535, 1], 
 11: [-0.121444, 0.282721, 0.087887, 1], 
 12: [0.138767, 0.895165, 0.000995247, 1], 
 13: [-0.115032, 0.895239, 0.0812864, 1], 
 14: [0.0432602, 0.895216, 0.134363, 1], 
 15: [0.0396882, 1.50757, 0.131215, 1], 
 16: [0.133675, 1.20146, 0.00107969, 1], 
 17: [0.0405709, 1.2015, 0.13503, 1], 
 18: [-0.120254, 1.20151, 0.0850515, 1], 
 19: [-0.121353, -0.0235385, -0.0881678, 1], 
 20: [-0.1211, 0.588982, -0.0879474, 1], 
 21: [-0.121353, 0.282723, -0.0881678, 1], 
 22: [0.0463526, -0.0235385, -0.142658, 1], 
 23: [0.0449178, 0.588966, -0.140493, 1], 
 24: [0.0462787, 0.282722, -0.142658, 1], 
 25: [-0.120922, 1.50775, -0.0874967, 1], 
 26: [-0.120514, 0.895237, -0.0867658, 1], 
 27: [-0.121848, 1.20151, -0.0857061, 1], 
 28: [0.0403516, 0.895196, -0.131909, 1], 
 29: [0.0406941, 1.50779, -0.137341, 1], 
 30: [0.0389498, 1.2015, -0.131498, 1], 
 31: [0.0160227, 3.03908, 0.00156915, 1], 
 32: [0.139054, 2.1201, -0.00617959, 1], 
 33: [-0.110629, 2.11961, 0.0737059, 1], 
 34: [0.0392741, 2.11977, 0.115608, 1], 
 35: [0.130711, 1.81418, -0.00309889, 1], 
 36: [0.040793, 1.81362, 0.124453, 1], 
 37: [-0.106922, 1.81351, 0.0728746, 1], 
 38: [0.129277, 2.4257, -0.00512398, 1], 
 39: [-0.103279, 2.4256, 0.0710639, 1], 
 40: [0.0391613, 2.42627, 0.117932, 1], 
 41: [0.0190074, 3.03908, 0.00253894, 1], 
 42: [0.109903, 2.73008, -0.00315632, 1], 
 43: [0.0350669, 2.72764, 0.111685, 1], 
 44: [-0.0912829, 2.73012, 0.0666912, 1], 
 45: [-0.115542, 2.12014, -0.0881194, 1], 
 46: [-0.117038, 1.81393, -0.0897099, 1], 
 47: [0.0446143, 2.12027, -0.141495, 1], 
 48: [0.0409765, 1.81411, -0.139195, 1], 
 49: [0.0160227, 3.03908, -0.00156915, 1], 
 50: [-0.109587, 2.42639, -0.0858572, 1], 
 51: [-0.0924553, 2.73161, -0.0732941, 1], 
 52: [0.0428867, 2.42637, -0.139677, 1], 
 53: [0.0190074, 3.03908, -0.00253893, 1], 
 54: [0.0383114, 2.72836, -0.124768, 1]]
Number of polygons: 100
Polygon Connection List
[0: [1, 42, 53], 
1: [53, 42, 54], 
2: [2, 16, 29], 
3: [29, 16, 30], 
4: [18, 17, 3], 
5: [15, 3, 17], 
6: [11, 10, 6], 
7: [7, 6, 10], 
8: [9, 5, 10], 
9: [5, 7, 10], 
10: [0, 9, 8], 
11: [9, 10, 8], 
12: [11, 4, 10], 
13: [4, 8, 10], 
14: [6, 7, 13], 
15: [14, 13, 7], 
16: [5, 12, 7], 
17: [12, 14, 7], 
18: [2, 15, 16], 
19: [16, 15, 17], 
20: [16, 17, 12], 
21: [12, 17, 14], 
22: [13, 14, 18], 
23: [18, 14, 17], 
24: [24, 23, 9], 
25: [5, 9, 23], 
26: [11, 6, 21], 
27: [6, 20, 21], 
28: [19, 4, 21], 
29: [4, 11, 21], 
30: [21, 20, 24], 
31: [20, 23, 24], 
32: [22, 19, 24], 
33: [19, 21, 24], 
34: [0, 22, 9], 
35: [9, 22, 24], 
36: [3, 25, 18], 
37: [25, 27, 18], 
38: [20, 6, 26], 
39: [26, 6, 13], 
40: [26, 13, 27], 
41: [27, 13, 18], 
42: [5, 23, 12], 
43: [12, 23, 28], 
44: [20, 26, 23], 
45: [23, 26, 28], 
46: [29, 30, 25], 
47: [25, 30, 27], 
48: [30, 28, 27], 
49: [28, 26, 27], 
50: [16, 12, 30], 
51: [12, 28, 30], 
52: [41, 31, 43], 
53: [31, 44, 43], 
54: [33, 37, 34], 
55: [34, 37, 36], 
56: [35, 32, 36], 
57: [32, 34, 36], 
58: [2, 35, 15], 
59: [35, 36, 15], 
60: [3, 15, 37], 
61: [37, 15, 36], 
62: [40, 39, 34], 
63: [39, 33, 34], 
64: [32, 38, 34], 
65: [38, 40, 34], 
66: [1, 41, 42], 
67: [42, 41, 43], 
68: [40, 38, 43], 
69: [38, 42, 43], 
70: [40, 43, 39], 
71: [44, 39, 43], 
72: [32, 35, 47], 
73: [35, 48, 47], 
74: [37, 33, 46], 
75: [33, 45, 46], 
76: [25, 3, 46], 
77: [3, 37, 46], 
78: [46, 45, 48], 
79: [45, 47, 48], 
80: [29, 25, 48], 
81: [25, 46, 48], 
82: [2, 29, 35], 
83: [35, 29, 48], 
84: [49, 51, 31], 
85: [31, 51, 44], 
86: [33, 39, 45], 
87: [50, 45, 39], 
88: [39, 44, 50], 
89: [51, 50, 44], 
90: [32, 47, 38], 
91: [38, 47, 52], 
92: [47, 45, 52], 
93: [45, 50, 52], 
94: [53, 54, 49], 
95: [49, 54, 51], 
96: [50, 51, 52], 
97: [54, 52, 51], 
98: [38, 52, 42], 
99: [42, 52, 54]]
Per Vertex Normals
[0: [0.999999, 0.00126366, 0.000342153], 
 1: [0.960895, 0.276883, 0.004169], 
 2: [0.999956, 0.00488242, 0.0079762], 
 3: [-0.797743, 0.0242489, 0.60251], 
 4: [-0.808481, 0.00135727, 0.588521], 
 5: [0.99985, 0.0173414, 0.000228834], 
 6: [-0.805287, 0.0106761, 0.592789], 
 7: [0.309205, 0.0145, 0.950885], 
 8: [0.308616, 0.00320543, 0.951181], 
 9: [0.999983, 0.00562235, 0.00125381], 
 10: [0.309152, 0.00558958, 0.950996], 
 11: [-0.807947, 0.00387378, 0.589242], 
 12: [0.999819, 0.0181448, -0.0056549], 
 13: [-0.803071, 0.00203571, 0.59588], 
 14: [0.311014, 0.0067909, 0.950381], 
 15: [0.320325, 0.0198593, 0.9471], 
 16: [0.999969, 0.00733903, -0.002667], 
 17: [0.322504, 0.00774221, 0.946536], 
 18: [-0.803028, -0.00421886, 0.595926], 
 19: [-0.80903, -3.05427e-005, -0.587768], 
 20: [-0.809038, 0.00337785, -0.587747], 
 21: [-0.809285, 0.0013859, -0.587414], 
 22: [0.309178, 0.000194269, -0.951004], 
 23: [0.315241, 0.0148467, -0.948896], 
 24: [0.310127, 0.00318824, -0.95069], 
 25: [-0.808121, -0.000121656, -0.589017], 
 26: [-0.806622, 0.00824621, -0.59101], 
 27: [-0.803176, -0.00444653, -0.595725], 
 28: [0.323404, 0.0175647, -0.946098], 
 29: [0.330276, -0.00867398, -0.943844], 
 30: [0.326731, -0.00416181, -0.945108], 
 31: [-0.740883, 0.380621, 0.553372], 
 32: [0.999492, 0.0102608, 0.0301638], 
 33: [-0.787309, 0.010063, 0.616476], 
 34: [0.298281, 0.0147053, 0.954365], 
 35: [0.999878, -0.00823938, 0.0132483], 
 36: [0.301436, 0.0164822, 0.953344], 
 37: [-0.7917, 0.0222328, 0.610505], 
 38: [0.999114, 0.0317164, 0.0276763], 
 39: [-0.797667, 0.023725, 0.602631], 
 40: [0.306135, 0.00838545, 0.951951], 
 41: [0.322272, 0.319322, 0.891164], 
 42: [0.986521, 0.162553, 0.0187925], 
 43: [0.303137, 0.17606, 0.936542], 
 44: [-0.795812, 0.202858, 0.570554], 
 45: [-0.821036, 0.0105804, -0.570778], 
 46: [-0.8185, 0.00876351, -0.57444], 
 47: [0.321407, -0.000391548, -0.946941], 
 48: [0.3327, -0.00585078, -0.943015], 
 49: [-0.742377, 0.398109, -0.538874], 
 50: [-0.825188, 0.0413013, -0.563346], 
 51: [-0.807275, 0.218061, -0.548412], 
 52: [0.32483, 0.0389749, -0.944969], 
 53: [0.327421, 0.346412, -0.879087], 
 54: [0.311859, 0.197182, -0.929443]]
Texture Coordinates
[0: [0, 0.5],
1: [1, 0.5],
2: [0.5, 0.5],
3: [0.5, 0.4],
4: [0, 0.4],
5: [0.2, 0.4],
6: [0.2, 0.4],
7: [0.2, 0.2],
8: [0, 0.2],
9: [0.1, 0.571429],
10: [0.1, 0.2],
11: [0.1, 0.4],
12: [0.3, 0.5],
13: [0.3, 0.4],
14: [0.3, 0.2],
15: [0.5, 0.2],
16: [0.4, 0.5],
17: [0.4, 0.2],
18: [0.4, 0.4],
19: [0, 0.6],
20: [0.2, 0.6],
21: [0.1, 0.6],
22: [0, 0.8],
23: [0.2, 0.8],
24: [0.1, 0.8],
25: [0.5, 0.6],
26: [0.3, 0.6],
27: [0.4, 0.6],
28: [0.3, 0.8],
29: [0.5, 0.8],
30: [0.4, 0.8],
31: [1, 0.4],
32: [0.7, 0.4],
33: [0.7, 0.4],
34: [0.7, 0.2],
35: [0.6, 0.571429],
36: [0.6, 0.2],
37: [0.6, 0.4],
38: [0.8, 0.428571],
39: [0.8, 0.4],
40: [0.8, 0.2],
41: [1, 0.2],
42: [0.9, 0.571429],
43: [0.9, 0.2],
44: [0.9, 0.4],
45: [0.7, 0.6],
46: [0.6, 0.6],
47: [0.7, 0.8],
48: [0.6, 0.8],
49: [1, 0.6],
50: [0.8, 0.6],
51: [0.9, 0.6],
52: [0.8, 0.8],
53: [1, 0.8],
54: [0.9, 0.8]]
