Name: fuelBarrel
Transform: [0, 0.576865, 0]
Rotation: [0, 0, 0, 1]
Scale: [1, 1, 1]
LOD: 0
Animation data
[]
[]
[]
SubObjects: [ ]
Shading Data:
Diffuse_Color: [1,1,1,1]
Ambient: [0.08548, 0.08548, 0.08548, 0]
Emmision_Color: [0, 0, 0, 0]
Specular_Color: [0.25642, 0.25642, 0.25642, 0]
Shininess: 28.806
Texture: fuelBarrel
Number of Vertices: 128
[0: [0.6, 0, -0.6, 1], 
 1: [0.6, 0, 0.6, 1], 
 2: [-0.6, 0, 0.6, 1], 
 3: [-0.6, 0, -0.6, 1], 
 4: [6.93889e-017, -0.6, 0.6, 1], 
 5: [6.93889e-017, -0.6, -0.6, 1], 
 6: [0.424264, -0.424264, 0.6, 1], 
 7: [0.424264, -0.424264, -0.6, 1], 
 8: [-0.424264, -0.424264, 0.6, 1], 
 9: [-0.424264, -0.424264, -0.6, 1], 
 10: [-9.71445e-017, 0.6, 0.6, 1], 
 11: [-9.71445e-017, 0.6, -0.6, 1], 
 12: [-0.424264, 0.424264, 0.6, 1], 
 13: [-0.424264, 0.424264, -0.6, 1], 
 14: [0.424264, 0.424264, 0.6, 1], 
 15: [0.424264, 0.424264, -0.6, 1], 
 16: [0.6, 0, -0.6, 1], 
 17: [-0.6, 0, -0.6, 1], 
 18: [1.249e-016, -0.6, -0.6, 1], 
 19: [0.424264, -0.424264, -0.6, 1], 
 20: [-0.424264, -0.424264, -0.6, 1], 
 21: [-1.38778e-016, 0.6, -0.6, 1], 
 22: [-0.424264, 0.424264, -0.6, 1], 
 23: [0.424264, 0.424264, -0.6, 1], 
 24: [0, 0, -0.6, 1], 
 25: [0.6, 0, 0.6, 1], 
 26: [-0.6, 0, 0.6, 1], 
 27: [1.249e-016, -0.6, 0.6, 1], 
 28: [0.424264, -0.424264, 0.6, 1], 
 29: [-0.424264, -0.424264, 0.6, 1], 
 30: [-1.38778e-016, 0.6, 0.6, 1], 
 31: [-0.424264, 0.424264, 0.6, 1], 
 32: [0, 0, 0.6, 1], 
 33: [0.424264, 0.424264, 0.6, 1], 
 34: [0.63, 0, 0.2735, 1], 
 35: [0.63, 0, 0.3365, 1], 
 36: [-0.63, 0, 0.3365, 1], 
 37: [-0.63, 0, 0.2735, 1], 
 38: [8.32667e-017, -0.63, 0.3365, 1], 
 39: [8.32667e-017, -0.63, 0.2735, 1], 
 40: [0.445477, -0.445477, 0.3365, 1], 
 41: [0.445477, -0.445477, 0.2735, 1], 
 42: [-0.445477, -0.445477, 0.3365, 1], 
 43: [-0.445477, -0.445477, 0.2735, 1], 
 44: [-9.71445e-017, 0.63, 0.3365, 1], 
 45: [-9.71445e-017, 0.63, 0.2735, 1], 
 46: [-0.445477, 0.445477, 0.3365, 1], 
 47: [-0.445477, 0.445477, 0.2735, 1], 
 48: [0.445477, 0.445477, 0.3365, 1], 
 49: [0.445477, 0.445477, 0.2735, 1], 
 50: [0.63, 0, 0.2735, 1], 
 51: [-0.63, 0, 0.2735, 1], 
 52: [1.52656e-016, -0.63, 0.2735, 1], 
 53: [0.445477, -0.445477, 0.2735, 1], 
 54: [-0.445477, -0.445477, 0.2735, 1], 
 55: [-1.52656e-016, 0.63, 0.2735, 1], 
 56: [-0.445477, 0.445477, 0.2735, 1], 
 57: [0.445477, 0.445477, 0.2735, 1], 
 58: [0, 0, 0.2735, 1], 
 59: [0.63, 0, 0.3365, 1], 
 60: [-0.63, 0, 0.3365, 1], 
 61: [1.52656e-016, -0.63, 0.3365, 1], 
 62: [0.445477, -0.445477, 0.3365, 1], 
 63: [-0.445477, -0.445477, 0.3365, 1], 
 64: [-1.52656e-016, 0.63, 0.3365, 1], 
 65: [-0.445477, 0.445477, 0.3365, 1], 
 66: [0, 0, 0.3365, 1], 
 67: [0.445477, 0.445477, 0.3365, 1], 
 68: [0.63, 0, -0.336092, 1], 
 69: [0.63, 0, -0.273092, 1], 
 70: [-0.63, 0, -0.273092, 1], 
 71: [-0.63, 0, -0.336092, 1], 
 72: [8.32667e-017, -0.63, -0.273092, 1], 
 73: [8.32667e-017, -0.63, -0.336092, 1], 
 74: [0.445477, -0.445477, -0.273092, 1], 
 75: [0.445477, -0.445477, -0.336092, 1], 
 76: [-0.445477, -0.445477, -0.273092, 1], 
 77: [-0.445477, -0.445477, -0.336092, 1], 
 78: [-9.71445e-017, 0.63, -0.273092, 1], 
 79: [-6.35958e-008, 0.63, -0.336092, 1], 
 80: [-0.445477, 0.445477, -0.273092, 1], 
 81: [-0.445477, 0.445477, -0.336092, 1], 
 82: [0.445477, 0.445477, -0.273092, 1], 
 83: [0.445477, 0.445477, -0.336092, 1], 
 84: [0.63, 0, -0.336092, 1], 
 85: [-0.63, 0, -0.336092, 1], 
 86: [1.52656e-016, -0.63, -0.336092, 1], 
 87: [0.445477, -0.445477, -0.336092, 1], 
 88: [-0.445477, -0.445477, -0.336092, 1], 
 89: [-1.52656e-016, 0.63, -0.336092, 1], 
 90: [-0.445477, 0.445477, -0.336092, 1], 
 91: [0.445477, 0.445477, -0.336092, 1], 
 92: [0, 0, -0.336092, 1], 
 93: [0.63, 0, -0.273092, 1], 
 94: [-0.63, 0, -0.273092, 1], 
 95: [1.52656e-016, -0.63, -0.273092, 1], 
 96: [0.445477, -0.445477, -0.273092, 1], 
 97: [-0.445477, -0.445477, -0.273092, 1], 
 98: [-1.52656e-016, 0.63, -0.273092, 1], 
 99: [-0.445477, 0.445477, -0.273092, 1], 
 100: [0, 0, -0.273092, 1], 
 101: [0.445477, 0.445477, -0.273092, 1], 
 102: [-9.71445e-017, 0.6, 0.6, 1], 
 103: [-9.71445e-017, 0.6, -0.6, 1], 
 104: [-1.38778e-016, 0.6, -0.6, 1], 
 105: [-1.38778e-016, 0.6, 0.6, 1], 
 106: [0.63, 0, 0.3365, 1], 
 107: [-9.71445e-017, 0.63, 0.3365, 1], 
 108: [-9.71445e-017, 0.63, 0.2735, 1], 
 109: [-1.52656e-016, 0.63, 0.2735, 1], 
 110: [0.63, 0, 0.3365, 1], 
 111: [-1.52656e-016, 0.63, 0.3365, 1], 
 112: [-9.71445e-017, 0.63, -0.273092, 1], 
 113: [-9.71445e-017, 0.63, -0.336092, 1], 
 114: [-1.52656e-016, 0.63, -0.336092, 1], 
 115: [-1.52656e-016, 0.63, -0.273092, 1], 
 116: [0.424264, -0.424264, -0.6, 1], 
 117: [0.424264, -0.424264, 0.6, 1], 
 118: [-1.1223e-009, -0.6, 0.6, 1], 
 119: [4.51792e-009, -0.6, -0.6, 1], 
 120: [0.445477, -0.445477, 0.2735, 1], 
 121: [0.445477, -0.445477, 0.3365, 1], 
 122: [4.41312e-009, -0.63, 0.3365, 1], 
 123: [-8.15741e-009, -0.63, 0.2735, 1], 
 124: [0.445477, -0.445477, -0.336092, 1], 
 125: [0.445477, -0.445477, -0.273092, 1], 
 126: [-9.16078e-009, -0.63, -0.273092, 1], 
 127: [-1.12622e-008, -0.63, -0.336092, 1]]
Number of polygons: 96
Polygon Connection List
[0: [14, 1, 15], 
1: [1, 0, 15], 
2: [8, 2, 9], 
3: [2, 3, 9], 
4: [117, 118, 116], 
5: [118, 119, 116], 
6: [0, 1, 7], 
7: [1, 6, 7], 
8: [4, 8, 5], 
9: [8, 9, 5], 
10: [12, 102, 13], 
11: [102, 11, 13], 
12: [2, 12, 3], 
13: [12, 13, 3], 
14: [10, 14, 103], 
15: [14, 15, 103], 
16: [23, 16, 24], 
17: [20, 17, 24], 
18: [19, 18, 24], 
19: [24, 16, 19], 
20: [18, 20, 24], 
21: [22, 104, 24], 
22: [17, 22, 24], 
23: [21, 23, 24], 
24: [32, 25, 33], 
25: [32, 26, 29], 
26: [32, 27, 28], 
27: [25, 32, 28], 
28: [32, 29, 27], 
29: [32, 30, 31], 
30: [32, 31, 26], 
31: [32, 33, 105], 
32: [48, 106, 49], 
33: [106, 34, 49], 
34: [42, 36, 43], 
35: [36, 37, 43], 
36: [121, 122, 120], 
37: [122, 123, 120], 
38: [34, 35, 41], 
39: [35, 40, 41], 
40: [38, 42, 39], 
41: [42, 43, 39], 
42: [46, 107, 47], 
43: [107, 45, 47], 
44: [36, 46, 37], 
45: [46, 47, 37], 
46: [44, 48, 108], 
47: [48, 49, 108], 
48: [57, 50, 58], 
49: [54, 51, 58], 
50: [53, 52, 58], 
51: [58, 50, 53], 
52: [52, 54, 58], 
53: [56, 109, 58], 
54: [51, 56, 58], 
55: [55, 57, 58], 
56: [66, 59, 67], 
57: [66, 60, 63], 
58: [66, 61, 62], 
59: [110, 66, 62], 
60: [66, 63, 61], 
61: [66, 64, 65], 
62: [66, 65, 60], 
63: [66, 67, 111], 
64: [82, 69, 83], 
65: [69, 68, 83], 
66: [76, 70, 77], 
67: [70, 71, 77], 
68: [125, 126, 124], 
69: [126, 127, 124], 
70: [68, 69, 75], 
71: [69, 74, 75], 
72: [72, 76, 73], 
73: [76, 77, 73], 
74: [80, 112, 81], 
75: [112, 79, 81], 
76: [70, 80, 71], 
77: [80, 81, 71], 
78: [78, 82, 113], 
79: [82, 83, 113], 
80: [91, 84, 92], 
81: [88, 85, 92], 
82: [87, 86, 92], 
83: [92, 84, 87], 
84: [86, 88, 92], 
85: [90, 114, 92], 
86: [85, 90, 92], 
87: [89, 91, 92], 
88: [100, 93, 101], 
89: [100, 94, 97], 
90: [100, 95, 96], 
91: [93, 100, 96], 
92: [100, 97, 95], 
93: [100, 98, 99], 
94: [100, 99, 94], 
95: [100, 101, 115]]
Per Vertex Normals
[0: [1, 2.0536e-008, -4.34722e-009], 
 1: [1, -7.18758e-008, -6.83565e-011], 
 2: [-1, 4.10719e-008, 1.95465e-009], 
 3: [-1, 5.13399e-008, 6.83564e-011], 
 4: [-0.382683, -0.92388, 1.25517e-008], 
 5: [-0.382683, -0.92388, -6.71069e-009], 
 6: [0.92388, -0.382684, -2.88073e-009], 
 7: [0.92388, -0.382683, -2.88073e-009], 
 8: [-0.707107, -0.707107, 2.07276e-009], 
 9: [-0.707107, -0.707107, -5.9594e-009], 
 10: [0.382683, 0.92388, -2.51461e-008], 
 11: [-0.382683, 0.92388, 2.51461e-008], 
 12: [-0.707107, 0.707107, -1.21183e-008], 
 13: [-0.707107, 0.707107, 4.48777e-009], 
 14: [0.707107, 0.707107, -4.48777e-009], 
 15: [0.707107, 0.707107, 1.21183e-008], 
 16: [5.60579e-008, 0, -1], 
 17: [-5.60579e-008, 0, -1], 
 18: [2.11423e-008, 0, -1], 
 19: [0, 0, -1], 
 20: [2.11423e-008, 0, -1], 
 21: [6.55618e-008, 0, -1], 
 22: [-6.03127e-015, 0, -1], 
 23: [4.91024e-008, 0, -1], 
 24: [1.75612e-008, 0, -1], 
 25: [-2.34149e-008, 0, 1], 
 26: [-2.34149e-008, 0, 1], 
 27: [-9.59322e-008, 0, 1], 
 28: [-7.94729e-008, 0, 1], 
 29: [-9.59322e-008, 0, 1], 
 30: [3.2643e-008, 0, 1], 
 31: [3.2643e-008, 0, 1], 
 32: [-2.34149e-008, 0, 1], 
 33: [4.91024e-008, 0, 1], 
 34: [1, -8.21438e-008, 3.47652e-008], 
 35: [0.92388, -0.382683, 6.08718e-008], 
 36: [-1, 1.0268e-007, -2.93157e-008], 
 37: [-1, 1.30917e-007, -3.44639e-008], 
 38: [-0.382684, -0.92388, 4.07537e-007], 
 39: [-0.382683, -0.92388, 3.40122e-007], 
 40: [0.92388, -0.382683, 6.08717e-008], 
 41: [0.92388, -0.382683, 6.08717e-008], 
 42: [-0.707107, -0.707107, -1.51129e-007], 
 43: [-0.707107, -0.707107, -1.93063e-007], 
 44: [0.382683, 0.92388, -2.9507e-008], 
 45: [-0.382683, 0.92388, 2.9507e-008], 
 46: [-0.707107, 0.707107, -1.44488e-008], 
 47: [-0.707107, 0.707107, -1.15058e-008], 
 48: [0.707107, 0.707107, 1.15058e-008], 
 49: [0.707107, 0.707107, 1.44488e-008], 
 50: [-2.87509e-009, 0, -1], 
 51: [2.87509e-009, 0, -1], 
 52: [-2.46332e-008, 0, -1], 
 53: [0, 0, -1], 
 54: [-2.46332e-008, 0, -1], 
 55: [5.96279e-008, 0, -1], 
 56: [-5.65432e-016, 0, -1], 
 57: [2.71287e-008, 0, -1], 
 58: [6.23866e-010, 0, -1], 
 59: [3.67554e-008, 0, 1], 
 60: [3.5733e-008, 0, 1], 
 61: [1.45773e-008, 0, 1], 
 62: [3.47105e-008, 0, 1], 
 63: [1.45773e-008, 0, 1], 
 64: [-6.94347e-008, 0, 1], 
 65: [-1.63396e-008, 0, 1], 
 66: [2.2207e-008, 0, 1], 
 67: [5.58798e-008, 0, 1], 
 68: [1, -1.64288e-007, 3.47652e-008], 
 69: [1, -1.56587e-007, 3.44639e-008], 
 70: [-1, 7.18758e-008, -2.93157e-008], 
 71: [-1, 1.05247e-007, -3.44639e-008], 
 72: [-0.382683, -0.92388, 4.07537e-007], 
 73: [-0.382683, -0.92388, 3.40122e-007], 
 74: [0.92388, -0.382684, 6.08718e-008], 
 75: [0.92388, -0.382684, 6.08718e-008], 
 76: [-0.707107, -0.707107, -1.51129e-007], 
 77: [-0.707107, -0.707107, -1.93063e-007], 
 78: [0.382683, 0.92388, -2.9507e-008], 
 79: [-0.382683, 0.92388, 2.9507e-008], 
 80: [-0.707107, 0.707107, -1.44488e-008], 
 81: [-0.707107, 0.707107, -1.15058e-008], 
 82: [0.707107, 0.707107, 1.15058e-008], 
 83: [0.707107, 0.707107, 1.44488e-008], 
 84: [-2.55954e-008, 0, -1], 
 85: [2.55954e-008, 0, -1], 
 86: [-1.03708e-008, 0, -1], 
 87: [0, 0, -1], 
 88: [-1.03708e-008, 0, -1], 
 89: [-7.63674e-009, 0, -1], 
 90: [-4.52346e-015, 0, -1], 
 91: [-2.53188e-008, 0, -1], 
 92: [-8.9224e-009, 0, -1], 
 93: [-2.4521e-009, 0, 1], 
 94: [-2.4521e-009, 0, 1], 
 95: [-2.62326e-008, 0, 1], 
 96: [-2.61949e-008, 0, 1], 
 97: [-2.62326e-008, 0, 1], 
 98: [2.12907e-008, 0, 1], 
 99: [2.12907e-008, 0, 1], 
 100: [-6.13026e-010, 0, 1], 
 101: [2.86847e-008, 0, 1], 
 102: [-0.382683, 0.92388, -1.34442e-008], 
 103: [0.382683, 0.92388, 1.34442e-008], 
 104: [3.2643e-008, 0, -1], 
 105: [6.55618e-008, 0, 1], 
 106: [0.92388, 0.382683, 2.80916e-009], 
 107: [-0.382683, 0.92388, 2.4626e-008], 
 108: [0.382683, 0.92388, -2.4626e-008], 
 109: [-5.37055e-009, 0, -1], 
 110: [3.47105e-008, 0, 1], 
 111: [7.50042e-008, 0, 1], 
 112: [-0.382683, 0.92388, 2.4626e-008], 
 113: [0.382683, 0.92388, -2.4626e-008], 
 114: [-4.30009e-008, 0, -1], 
 115: [3.60787e-008, 0, 1], 
 116: [0.382683, -0.92388, -5.91992e-009], 
 117: [0.382683, -0.92388, 2.28295e-008], 
 118: [0.382683, -0.92388, 1.41117e-008], 
 119: [0.382683, -0.92388, -1.46377e-008], 
 120: [0.382684, -0.92388, 1.11593e-007], 
 121: [0.382684, -0.92388, 1.44314e-007], 
 122: [0.382683, -0.92388, -2.18574e-007], 
 123: [0.382683, -0.92388, -2.51295e-007], 
 124: [0.382683, -0.92388, -2.07981e-007], 
 125: [0.382683, -0.92388, -2.49205e-007], 
 126: [0.382683, -0.92388, 2.07981e-007], 
 127: [0.382683, -0.92388, 2.49205e-007]]
Texture Coordinates
[0: [0.25, 0.0238095],
1: [0.25, 0.976191],
2: [0.75, 0.976191],
3: [0.75, 0.0238095],
4: [1, 0.976191],
5: [1, 0.0238095],
6: [0.125, 0.976191],
7: [0.125, 0.0238095],
8: [0.875, 0.976191],
9: [0.875, 0.0238095],
10: [0.5, 0.976191],
11: [0.5, 0.0238096],
12: [0.625, 0.976191],
13: [0.625, 0.0238096],
14: [0.375, 0.976191],
15: [0.375, 0.0238096],
16: [0.97619, 0.5],
17: [0.0238095, 0.5],
18: [0.5, 0.0238095],
19: [0.836717, 0.163282],
20: [0.163282, 0.163282],
21: [0.5, 0.976191],
22: [0.163282, 0.836718],
23: [0.836717, 0.836718],
24: [0.5, 0.5],
25: [0.97619, 0.5],
26: [0.0238095, 0.5],
27: [0.5, 0.0238095],
28: [0.836717, 0.163282],
29: [0.163282, 0.163282],
30: [0.5, 0.976191],
31: [0.163282, 0.836718],
32: [0.5, 0.5],
33: [0.836717, 0.836718],
34: [0.25, 0.717064],
35: [0.25, 0.767063],
36: [0.75, 0.767063],
37: [0.75, 0.717064],
38: [1, 0.767063],
39: [1, 0.717063],
40: [0.125, 0.767063],
41: [0.125, 0.717063],
42: [0.875, 0.767063],
43: [0.875, 0.717063],
44: [0.5, 0.767063],
45: [0.5, 0.717064],
46: [0.625, 0.767063],
47: [0.625, 0.717064],
48: [0.375, 0.767063],
49: [0.375, 0.717064],
50: [0.25, 0.717064],
51: [0.75, 0.717064],
52: [1, 0.717063],
53: [0.850595, 0.717063],
54: [0.875, 0.717063],
55: [0.5, 0.717064],
56: [0.625, 0.717064],
57: [0.375, 0.717064],
58: [0.5, 0.717063],
59: [0.25, 0.767063],
60: [0.75, 0.767063],
61: [1, 0.767063],
62: [0.850595, 0.767063],
63: [0.875, 0.767063],
64: [0.5, 0.767063],
65: [0.625, 0.767063],
66: [0.5, 0.767064],
67: [0.375, 0.767063],
68: [0.25, 0.233261],
69: [0.25, 0.283261],
70: [0.75, 0.283261],
71: [0.75, 0.233261],
72: [1, 0.283261],
73: [1, 0.233261],
74: [0.125, 0.283261],
75: [0.125, 0.233261],
76: [0.875, 0.283261],
77: [0.875, 0.233261],
78: [0.5, 0.283261],
79: [0.5, 0.233261],
80: [0.625, 0.283261],
81: [0.625, 0.233261],
82: [0.375, 0.283261],
83: [0.375, 0.233261],
84: [0.25, 0.233261],
85: [0.75, 0.233261],
86: [1, 0.233261],
87: [0.850595, 0.233261],
88: [0.875, 0.233261],
89: [0.5, 0.233261],
90: [0.625, 0.233261],
91: [0.375, 0.233261],
92: [0.5, 0.233261],
93: [0.25, 0.283261],
94: [0.75, 0.283261],
95: [1, 0.283261],
96: [0.850595, 0.283261],
97: [0.875, 0.283261],
98: [0.5, 0.283261],
99: [0.625, 0.283261],
100: [0.5, 0.283261],
101: [0.375, 0.283261],
102: [0.5, 0.976191],
103: [0.5, 0.0238096],
104: [0.5, 0.976191],
105: [0.5, 0.976191],
106: [0.25, 0.767063],
107: [0.5, 0.767063],
108: [0.5, 0.717064],
109: [0.5, 0.717064],
110: [0.25, 0.767063],
111: [0.5, 0.767063],
112: [0.5, 0.283261],
113: [0.5, 0.233261],
114: [0.5, 0.233261],
115: [0.5, 0.283261],
116: [1.57619, 0.0238095],
117: [1.57619, 0.976191],
118: [1, 0.976191],
119: [1, 0.0238095],
120: [1.57619, 0.717063],
121: [1.57619, 0.767063],
122: [1, 0.767063],
123: [1, 0.717063],
124: [1.57619, 0.233261],
125: [1.57619, 0.283261],
126: [1, 0.283261],
127: [1, 0.233261]]
