Name: fuelBarrelGroup
Transform: [0, 0, 0]
Rotation: [0, 0, 0, 1]
Scale: [1, 1, 1]
LOD: 0
Animation data
[]
[]
[]
SubObjects: [ ]
Shading Data:
Diffuse_Color: [1,1,1,1]
Ambient: [0.08548, 0.08548, 0.08548, 0]
Emmision_Color: [0, 0, 0, 0]
Specular_Color: [0.25642, 0.25642, 0.25642, 0]
Shininess: 28.806
Texture: fuelBarrel
Number of Vertices: 928
[0: [0.617209, 0.576865, -1.78255, 1], 
 1: [0.617209, 0.576865, -0.582546, 1], 
 2: [-0.582791, 0.576865, -0.582546, 1], 
 3: [-0.582791, 0.576865, -1.78255, 1], 
 4: [0.0172091, -0.0231354, -0.582546, 1], 
 5: [0.0172091, -0.0231354, -1.78255, 1], 
 6: [0.441473, 0.152601, -0.582546, 1], 
 7: [0.441473, 0.152601, -1.78255, 1], 
 8: [-0.407055, 0.152601, -0.582546, 1], 
 9: [-0.407055, 0.152601, -1.78255, 1], 
 10: [0.0172091, 1.17686, -0.582546, 1], 
 11: [0.0172091, 1.17686, -1.78255, 1], 
 12: [-0.407055, 1.00113, -0.582546, 1], 
 13: [-0.407055, 1.00113, -1.78255, 1], 
 14: [0.441473, 1.00113, -0.582546, 1], 
 15: [0.441473, 1.00113, -1.78255, 1], 
 16: [0.617209, 0.576865, -1.78255, 1], 
 17: [-0.582791, 0.576865, -1.78255, 1], 
 18: [0.0172091, -0.0231354, -1.78255, 1], 
 19: [0.441473, 0.152601, -1.78255, 1], 
 20: [-0.407055, 0.152601, -1.78255, 1], 
 21: [0.0172091, 1.17686, -1.78255, 1], 
 22: [-0.407055, 1.00113, -1.78255, 1], 
 23: [0.441473, 1.00113, -1.78255, 1], 
 24: [0.0172091, 0.576865, -1.78255, 1], 
 25: [0.617209, 0.576865, -0.582546, 1], 
 26: [-0.582791, 0.576865, -0.582546, 1], 
 27: [0.0172091, -0.0231354, -0.582546, 1], 
 28: [0.441473, 0.152601, -0.582546, 1], 
 29: [-0.407055, 0.152601, -0.582546, 1], 
 30: [0.0172091, 1.17686, -0.582546, 1], 
 31: [-0.407055, 1.00113, -0.582546, 1], 
 32: [0.0172091, 0.576865, -0.582546, 1], 
 33: [0.441473, 1.00113, -0.582546, 1], 
 34: [0.647209, 0.576865, -0.909046, 1], 
 35: [0.647209, 0.576865, -0.846046, 1], 
 36: [-0.612791, 0.576865, -0.846046, 1], 
 37: [-0.612791, 0.576865, -0.909046, 1], 
 38: [0.0172091, -0.0531353, -0.846046, 1], 
 39: [0.0172091, -0.0531353, -0.909046, 1], 
 40: [0.462686, 0.131387, -0.846046, 1], 
 41: [0.462686, 0.131387, -0.909046, 1], 
 42: [-0.428268, 0.131387, -0.846046, 1], 
 43: [-0.428268, 0.131387, -0.909046, 1], 
 44: [0.0172091, 1.20686, -0.846046, 1], 
 45: [0.0172091, 1.20686, -0.909046, 1], 
 46: [-0.428268, 1.02234, -0.846046, 1], 
 47: [-0.428268, 1.02234, -0.909046, 1], 
 48: [0.462686, 1.02234, -0.846046, 1], 
 49: [0.462686, 1.02234, -0.909046, 1], 
 50: [0.647209, 0.576865, -0.909046, 1], 
 51: [-0.612791, 0.576865, -0.909046, 1], 
 52: [0.0172091, -0.0531353, -0.909046, 1], 
 53: [0.462686, 0.131387, -0.909046, 1], 
 54: [-0.428268, 0.131387, -0.909046, 1], 
 55: [0.0172091, 1.20686, -0.909046, 1], 
 56: [-0.428268, 1.02234, -0.909046, 1], 
 57: [0.462686, 1.02234, -0.909046, 1], 
 58: [0.0172091, 0.576865, -0.909046, 1], 
 59: [0.647209, 0.576865, -0.846046, 1], 
 60: [-0.612791, 0.576865, -0.846046, 1], 
 61: [0.0172091, -0.0531353, -0.846046, 1], 
 62: [0.462686, 0.131387, -0.846046, 1], 
 63: [-0.428268, 0.131387, -0.846046, 1], 
 64: [0.0172091, 1.20686, -0.846046, 1], 
 65: [-0.428268, 1.02234, -0.846046, 1], 
 66: [0.0172091, 0.576865, -0.846046, 1], 
 67: [0.462686, 1.02234, -0.846046, 1], 
 68: [0.647209, 0.576865, -1.51864, 1], 
 69: [0.647209, 0.576865, -1.45564, 1], 
 70: [-0.612791, 0.576865, -1.45564, 1], 
 71: [-0.612791, 0.576865, -1.51864, 1], 
 72: [0.0172091, -0.0531353, -1.45564, 1], 
 73: [0.0172091, -0.0531353, -1.51864, 1], 
 74: [0.462686, 0.131387, -1.45564, 1], 
 75: [0.462686, 0.131387, -1.51864, 1], 
 76: [-0.428268, 0.131387, -1.45564, 1], 
 77: [-0.428268, 0.131387, -1.51864, 1], 
 78: [0.0172091, 1.20686, -1.45564, 1], 
 79: [0.0172091, 1.20686, -1.51864, 1], 
 80: [-0.428268, 1.02234, -1.45564, 1], 
 81: [-0.428268, 1.02234, -1.51864, 1], 
 82: [0.462686, 1.02234, -1.45564, 1], 
 83: [0.462686, 1.02234, -1.51864, 1], 
 84: [0.647209, 0.576865, -1.51864, 1], 
 85: [-0.612791, 0.576865, -1.51864, 1], 
 86: [0.0172091, -0.0531353, -1.51864, 1], 
 87: [0.462686, 0.131387, -1.51864, 1], 
 88: [-0.428268, 0.131387, -1.51864, 1], 
 89: [0.0172091, 1.20686, -1.51864, 1], 
 90: [-0.428268, 1.02234, -1.51864, 1], 
 91: [0.462686, 1.02234, -1.51864, 1], 
 92: [0.0172091, 0.576865, -1.51864, 1], 
 93: [0.647209, 0.576865, -1.45564, 1], 
 94: [-0.612791, 0.576865, -1.45564, 1], 
 95: [0.0172091, -0.0531353, -1.45564, 1], 
 96: [0.462686, 0.131387, -1.45564, 1], 
 97: [-0.428268, 0.131387, -1.45564, 1], 
 98: [0.0172091, 1.20686, -1.45564, 1], 
 99: [-0.428268, 1.02234, -1.45564, 1], 
 100: [0.0172091, 0.576865, -1.45564, 1], 
 101: [0.462686, 1.02234, -1.45564, 1], 
 102: [0.0172091, 1.17686, -0.582546, 1], 
 103: [0.0172091, 1.17686, -1.78255, 1], 
 104: [0.0172091, 1.17686, -1.78255, 1], 
 105: [0.0172091, 1.17686, -0.582546, 1], 
 106: [0.647209, 0.576865, -0.846046, 1], 
 107: [0.0172091, 1.20686, -0.846046, 1], 
 108: [0.0172091, 1.20686, -0.909046, 1], 
 109: [0.0172091, 1.20686, -0.909046, 1], 
 110: [0.647209, 0.576865, -0.846046, 1], 
 111: [0.0172091, 1.20686, -0.846046, 1], 
 112: [0.0172091, 1.20686, -1.45564, 1], 
 113: [0.0172091, 1.20686, -1.51864, 1], 
 114: [0.0172091, 1.20686, -1.51864, 1], 
 115: [0.0172091, 1.20686, -1.45564, 1], 
 116: [1.83875, 0.576865, -1.8105, 1], 
 117: [1.83875, 0.576865, -0.610503, 1], 
 118: [0.638747, 0.576865, -0.610503, 1], 
 119: [0.638747, 0.576865, -1.8105, 1], 
 120: [1.23875, -0.0231354, -0.610503, 1], 
 121: [1.23875, -0.0231354, -1.8105, 1], 
 122: [1.66301, 0.152601, -0.610503, 1], 
 123: [1.66301, 0.152601, -1.8105, 1], 
 124: [0.814483, 0.152601, -0.610503, 1], 
 125: [0.814483, 0.152601, -1.8105, 1], 
 126: [1.23875, 1.17686, -0.610503, 1], 
 127: [1.23875, 1.17686, -1.8105, 1], 
 128: [0.814483, 1.00113, -0.610503, 1], 
 129: [0.814483, 1.00113, -1.8105, 1], 
 130: [1.66301, 1.00113, -0.610503, 1], 
 131: [1.66301, 1.00113, -1.8105, 1], 
 132: [1.83875, 0.576865, -1.8105, 1], 
 133: [0.638747, 0.576865, -1.8105, 1], 
 134: [1.23875, -0.0231354, -1.8105, 1], 
 135: [1.66301, 0.152601, -1.8105, 1], 
 136: [0.814483, 0.152601, -1.8105, 1], 
 137: [1.23875, 1.17686, -1.8105, 1], 
 138: [0.814483, 1.00113, -1.8105, 1], 
 139: [1.66301, 1.00113, -1.8105, 1], 
 140: [1.23875, 0.576865, -1.8105, 1], 
 141: [1.83875, 0.576865, -0.610503, 1], 
 142: [0.638747, 0.576865, -0.610503, 1], 
 143: [1.23875, -0.0231354, -0.610503, 1], 
 144: [1.66301, 0.152601, -0.610503, 1], 
 145: [0.814483, 0.152601, -0.610503, 1], 
 146: [1.23875, 1.17686, -0.610503, 1], 
 147: [0.814483, 1.00113, -0.610503, 1], 
 148: [1.23875, 0.576865, -0.610503, 1], 
 149: [1.66301, 1.00113, -0.610503, 1], 
 150: [1.86875, 0.576865, -0.937003, 1], 
 151: [1.86875, 0.576865, -0.874003, 1], 
 152: [0.608747, 0.576865, -0.874003, 1], 
 153: [0.608747, 0.576865, -0.937003, 1], 
 154: [1.23875, -0.0531353, -0.874003, 1], 
 155: [1.23875, -0.0531353, -0.937003, 1], 
 156: [1.68422, 0.131387, -0.874003, 1], 
 157: [1.68422, 0.131387, -0.937003, 1], 
 158: [0.79327, 0.131387, -0.874003, 1], 
 159: [0.79327, 0.131387, -0.937003, 1], 
 160: [1.23875, 1.20686, -0.874003, 1], 
 161: [1.23875, 1.20686, -0.937003, 1], 
 162: [0.79327, 1.02234, -0.874003, 1], 
 163: [0.79327, 1.02234, -0.937003, 1], 
 164: [1.68422, 1.02234, -0.874003, 1], 
 165: [1.68422, 1.02234, -0.937003, 1], 
 166: [1.86875, 0.576865, -0.937003, 1], 
 167: [0.608747, 0.576865, -0.937003, 1], 
 168: [1.23875, -0.0531353, -0.937003, 1], 
 169: [1.68422, 0.131387, -0.937003, 1], 
 170: [0.79327, 0.131387, -0.937003, 1], 
 171: [1.23875, 1.20686, -0.937003, 1], 
 172: [0.79327, 1.02234, -0.937003, 1], 
 173: [1.68422, 1.02234, -0.937003, 1], 
 174: [1.23875, 0.576865, -0.937003, 1], 
 175: [1.86875, 0.576865, -0.874003, 1], 
 176: [0.608747, 0.576865, -0.874003, 1], 
 177: [1.23875, -0.0531353, -0.874003, 1], 
 178: [1.68422, 0.131387, -0.874003, 1], 
 179: [0.79327, 0.131387, -0.874003, 1], 
 180: [1.23875, 1.20686, -0.874003, 1], 
 181: [0.79327, 1.02234, -0.874003, 1], 
 182: [1.23875, 0.576865, -0.874003, 1], 
 183: [1.68422, 1.02234, -0.874003, 1], 
 184: [1.86875, 0.576865, -1.5466, 1], 
 185: [1.86875, 0.576865, -1.4836, 1], 
 186: [0.608747, 0.576865, -1.4836, 1], 
 187: [0.608747, 0.576865, -1.5466, 1], 
 188: [1.23875, -0.0531353, -1.4836, 1], 
 189: [1.23875, -0.0531353, -1.5466, 1], 
 190: [1.68422, 0.131387, -1.4836, 1], 
 191: [1.68422, 0.131387, -1.5466, 1], 
 192: [0.79327, 0.131387, -1.4836, 1], 
 193: [0.79327, 0.131387, -1.5466, 1], 
 194: [1.23875, 1.20686, -1.4836, 1], 
 195: [1.23875, 1.20686, -1.5466, 1], 
 196: [0.79327, 1.02234, -1.4836, 1], 
 197: [0.79327, 1.02234, -1.5466, 1], 
 198: [1.68422, 1.02234, -1.4836, 1], 
 199: [1.68422, 1.02234, -1.5466, 1], 
 200: [1.86875, 0.576865, -1.5466, 1], 
 201: [0.608747, 0.576865, -1.5466, 1], 
 202: [1.23875, -0.0531353, -1.5466, 1], 
 203: [1.68422, 0.131387, -1.5466, 1], 
 204: [0.79327, 0.131387, -1.5466, 1], 
 205: [1.23875, 1.20686, -1.5466, 1], 
 206: [0.79327, 1.02234, -1.5466, 1], 
 207: [1.68422, 1.02234, -1.5466, 1], 
 208: [1.23875, 0.576865, -1.5466, 1], 
 209: [1.86875, 0.576865, -1.4836, 1], 
 210: [0.608747, 0.576865, -1.4836, 1], 
 211: [1.23875, -0.0531353, -1.4836, 1], 
 212: [1.68422, 0.131387, -1.4836, 1], 
 213: [0.79327, 0.131387, -1.4836, 1], 
 214: [1.23875, 1.20686, -1.4836, 1], 
 215: [0.79327, 1.02234, -1.4836, 1], 
 216: [1.23875, 0.576865, -1.4836, 1], 
 217: [1.68422, 1.02234, -1.4836, 1], 
 218: [1.23875, 1.17686, -0.610503, 1], 
 219: [1.23875, 1.17686, -1.8105, 1], 
 220: [1.23875, 1.17686, -1.8105, 1], 
 221: [1.23875, 1.17686, -0.610503, 1], 
 222: [1.86875, 0.576865, -0.874003, 1], 
 223: [1.23875, 1.20686, -0.874003, 1], 
 224: [1.23875, 1.20686, -0.937003, 1], 
 225: [1.23875, 1.20686, -0.937003, 1], 
 226: [1.86875, 0.576865, -0.874003, 1], 
 227: [1.23875, 1.20686, -0.874003, 1], 
 228: [1.23875, 1.20686, -1.4836, 1], 
 229: [1.23875, 1.20686, -1.5466, 1], 
 230: [1.23875, 1.20686, -1.5466, 1], 
 231: [1.23875, 1.20686, -1.4836, 1], 
 232: [3.08296, 0.576865, -1.84178, 1], 
 233: [3.08296, 0.576865, -0.641781, 1], 
 234: [1.88296, 0.576865, -0.641781, 1], 
 235: [1.88296, 0.576865, -1.84178, 1], 
 236: [2.48296, -0.0231354, -0.641781, 1], 
 237: [2.48296, -0.0231354, -1.84178, 1], 
 238: [2.90722, 0.152601, -0.641781, 1], 
 239: [2.90722, 0.152601, -1.84178, 1], 
 240: [2.0587, 0.152601, -0.641781, 1], 
 241: [2.0587, 0.152601, -1.84178, 1], 
 242: [2.48296, 1.17686, -0.641781, 1], 
 243: [2.48296, 1.17686, -1.84178, 1], 
 244: [2.0587, 1.00113, -0.641781, 1], 
 245: [2.0587, 1.00113, -1.84178, 1], 
 246: [2.90722, 1.00113, -0.641781, 1], 
 247: [2.90722, 1.00113, -1.84178, 1], 
 248: [3.08296, 0.576865, -1.84178, 1], 
 249: [1.88296, 0.576865, -1.84178, 1], 
 250: [2.48296, -0.0231354, -1.84178, 1], 
 251: [2.90722, 0.152601, -1.84178, 1], 
 252: [2.0587, 0.152601, -1.84178, 1], 
 253: [2.48296, 1.17686, -1.84178, 1], 
 254: [2.0587, 1.00113, -1.84178, 1], 
 255: [2.90722, 1.00113, -1.84178, 1], 
 256: [2.48296, 0.576865, -1.84178, 1], 
 257: [3.08296, 0.576865, -0.641781, 1], 
 258: [1.88296, 0.576865, -0.641781, 1], 
 259: [2.48296, -0.0231354, -0.641781, 1], 
 260: [2.90722, 0.152601, -0.641781, 1], 
 261: [2.0587, 0.152601, -0.641781, 1], 
 262: [2.48296, 1.17686, -0.641781, 1], 
 263: [2.0587, 1.00113, -0.641781, 1], 
 264: [2.48296, 0.576865, -0.641781, 1], 
 265: [2.90722, 1.00113, -0.641781, 1], 
 266: [3.11296, 0.576865, -0.968281, 1], 
 267: [3.11296, 0.576865, -0.905281, 1], 
 268: [1.85296, 0.576865, -0.905281, 1], 
 269: [1.85296, 0.576865, -0.968281, 1], 
 270: [2.48296, -0.0531353, -0.905281, 1], 
 271: [2.48296, -0.0531353, -0.968281, 1], 
 272: [2.92844, 0.131387, -0.905281, 1], 
 273: [2.92844, 0.131387, -0.968281, 1], 
 274: [2.03748, 0.131387, -0.905281, 1], 
 275: [2.03748, 0.131387, -0.968281, 1], 
 276: [2.48296, 1.20686, -0.905281, 1], 
 277: [2.48296, 1.20686, -0.968281, 1], 
 278: [2.03748, 1.02234, -0.905281, 1], 
 279: [2.03748, 1.02234, -0.968281, 1], 
 280: [2.92844, 1.02234, -0.905281, 1], 
 281: [2.92844, 1.02234, -0.968281, 1], 
 282: [3.11296, 0.576865, -0.968281, 1], 
 283: [1.85296, 0.576865, -0.968281, 1], 
 284: [2.48296, -0.0531353, -0.968281, 1], 
 285: [2.92844, 0.131387, -0.968281, 1], 
 286: [2.03748, 0.131387, -0.968281, 1], 
 287: [2.48296, 1.20686, -0.968281, 1], 
 288: [2.03748, 1.02234, -0.968281, 1], 
 289: [2.92844, 1.02234, -0.968281, 1], 
 290: [2.48296, 0.576865, -0.968281, 1], 
 291: [3.11296, 0.576865, -0.905281, 1], 
 292: [1.85296, 0.576865, -0.905281, 1], 
 293: [2.48296, -0.0531353, -0.905281, 1], 
 294: [2.92844, 0.131387, -0.905281, 1], 
 295: [2.03748, 0.131387, -0.905281, 1], 
 296: [2.48296, 1.20686, -0.905281, 1], 
 297: [2.03748, 1.02234, -0.905281, 1], 
 298: [2.48296, 0.576865, -0.905281, 1], 
 299: [2.92844, 1.02234, -0.905281, 1], 
 300: [3.11296, 0.576865, -1.57787, 1], 
 301: [3.11296, 0.576865, -1.51487, 1], 
 302: [1.85296, 0.576865, -1.51487, 1], 
 303: [1.85296, 0.576865, -1.57787, 1], 
 304: [2.48296, -0.0531353, -1.51487, 1], 
 305: [2.48296, -0.0531353, -1.57787, 1], 
 306: [2.92844, 0.131387, -1.51487, 1], 
 307: [2.92844, 0.131387, -1.57787, 1], 
 308: [2.03748, 0.131387, -1.51487, 1], 
 309: [2.03748, 0.131387, -1.57787, 1], 
 310: [2.48296, 1.20686, -1.51487, 1], 
 311: [2.48296, 1.20686, -1.57787, 1], 
 312: [2.03748, 1.02234, -1.51487, 1], 
 313: [2.03748, 1.02234, -1.57787, 1], 
 314: [2.92844, 1.02234, -1.51487, 1], 
 315: [2.92844, 1.02234, -1.57787, 1], 
 316: [3.11296, 0.576865, -1.57787, 1], 
 317: [1.85296, 0.576865, -1.57787, 1], 
 318: [2.48296, -0.0531353, -1.57787, 1], 
 319: [2.92844, 0.131387, -1.57787, 1], 
 320: [2.03748, 0.131387, -1.57787, 1], 
 321: [2.48296, 1.20686, -1.57787, 1], 
 322: [2.03748, 1.02234, -1.57787, 1], 
 323: [2.92844, 1.02234, -1.57787, 1], 
 324: [2.48296, 0.576865, -1.57787, 1], 
 325: [3.11296, 0.576865, -1.51487, 1], 
 326: [1.85296, 0.576865, -1.51487, 1], 
 327: [2.48296, -0.0531353, -1.51487, 1], 
 328: [2.92844, 0.131387, -1.51487, 1], 
 329: [2.03748, 0.131387, -1.51487, 1], 
 330: [2.48296, 1.20686, -1.51487, 1], 
 331: [2.03748, 1.02234, -1.51487, 1], 
 332: [2.48296, 0.576865, -1.51487, 1], 
 333: [2.92844, 1.02234, -1.51487, 1], 
 334: [2.48296, 1.17686, -0.641781, 1], 
 335: [2.48296, 1.17686, -1.84178, 1], 
 336: [2.48296, 1.17686, -1.84178, 1], 
 337: [2.48296, 1.17686, -0.641781, 1], 
 338: [3.11296, 0.576865, -0.905281, 1], 
 339: [2.48296, 1.20686, -0.905281, 1], 
 340: [2.48296, 1.20686, -0.968281, 1], 
 341: [2.48296, 1.20686, -0.968281, 1], 
 342: [3.11296, 0.576865, -0.905281, 1], 
 343: [2.48296, 1.20686, -0.905281, 1], 
 344: [2.48296, 1.20686, -1.51487, 1], 
 345: [2.48296, 1.20686, -1.57787, 1], 
 346: [2.48296, 1.20686, -1.57787, 1], 
 347: [2.48296, 1.20686, -1.51487, 1], 
 348: [2.62581, 0.576865, -0.499864, 1], 
 349: [2.62581, 0.576865, 0.700136, 1], 
 350: [1.42581, 0.576865, 0.700136, 1], 
 351: [1.42581, 0.576865, -0.499864, 1], 
 352: [2.02581, -0.0231354, 0.700136, 1], 
 353: [2.02581, -0.0231354, -0.499864, 1], 
 354: [2.45007, 0.152601, 0.700136, 1], 
 355: [2.45007, 0.152601, -0.499864, 1], 
 356: [1.60155, 0.152601, 0.700136, 1], 
 357: [1.60155, 0.152601, -0.499864, 1], 
 358: [2.02581, 1.17686, 0.700136, 1], 
 359: [2.02581, 1.17686, -0.499864, 1], 
 360: [1.60155, 1.00113, 0.700136, 1], 
 361: [1.60155, 1.00113, -0.499864, 1], 
 362: [2.45007, 1.00113, 0.700136, 1], 
 363: [2.45007, 1.00113, -0.499864, 1], 
 364: [2.62581, 0.576865, -0.499864, 1], 
 365: [1.42581, 0.576865, -0.499864, 1], 
 366: [2.02581, -0.0231354, -0.499864, 1], 
 367: [2.45007, 0.152601, -0.499864, 1], 
 368: [1.60155, 0.152601, -0.499864, 1], 
 369: [2.02581, 1.17686, -0.499864, 1], 
 370: [1.60155, 1.00113, -0.499864, 1], 
 371: [2.45007, 1.00113, -0.499864, 1], 
 372: [2.02581, 0.576865, -0.499864, 1], 
 373: [2.62581, 0.576865, 0.700136, 1], 
 374: [1.42581, 0.576865, 0.700136, 1], 
 375: [2.02581, -0.0231354, 0.700136, 1], 
 376: [2.45007, 0.152601, 0.700136, 1], 
 377: [1.60155, 0.152601, 0.700136, 1], 
 378: [2.02581, 1.17686, 0.700136, 1], 
 379: [1.60155, 1.00113, 0.700136, 1], 
 380: [2.02581, 0.576865, 0.700136, 1], 
 381: [2.45007, 1.00113, 0.700136, 1], 
 382: [2.65581, 0.576865, 0.373636, 1], 
 383: [2.65581, 0.576865, 0.436636, 1], 
 384: [1.39581, 0.576865, 0.436636, 1], 
 385: [1.39581, 0.576865, 0.373636, 1], 
 386: [2.02581, -0.0531353, 0.436636, 1], 
 387: [2.02581, -0.0531353, 0.373636, 1], 
 388: [2.47129, 0.131387, 0.436636, 1], 
 389: [2.47129, 0.131387, 0.373636, 1], 
 390: [1.58033, 0.131387, 0.436636, 1], 
 391: [1.58033, 0.131387, 0.373636, 1], 
 392: [2.02581, 1.20686, 0.436636, 1], 
 393: [2.02581, 1.20686, 0.373636, 1], 
 394: [1.58033, 1.02234, 0.436636, 1], 
 395: [1.58033, 1.02234, 0.373636, 1], 
 396: [2.47129, 1.02234, 0.436636, 1], 
 397: [2.47129, 1.02234, 0.373636, 1], 
 398: [2.65581, 0.576865, 0.373636, 1], 
 399: [1.39581, 0.576865, 0.373636, 1], 
 400: [2.02581, -0.0531353, 0.373636, 1], 
 401: [2.47129, 0.131387, 0.373636, 1], 
 402: [1.58033, 0.131387, 0.373636, 1], 
 403: [2.02581, 1.20686, 0.373636, 1], 
 404: [1.58033, 1.02234, 0.373636, 1], 
 405: [2.47129, 1.02234, 0.373636, 1], 
 406: [2.02581, 0.576865, 0.373636, 1], 
 407: [2.65581, 0.576865, 0.436636, 1], 
 408: [1.39581, 0.576865, 0.436636, 1], 
 409: [2.02581, -0.0531353, 0.436636, 1], 
 410: [2.47129, 0.131387, 0.436636, 1], 
 411: [1.58033, 0.131387, 0.436636, 1], 
 412: [2.02581, 1.20686, 0.436636, 1], 
 413: [1.58033, 1.02234, 0.436636, 1], 
 414: [2.02581, 0.576865, 0.436636, 1], 
 415: [2.47129, 1.02234, 0.436636, 1], 
 416: [2.65581, 0.576865, -0.235955, 1], 
 417: [2.65581, 0.576865, -0.172955, 1], 
 418: [1.39581, 0.576865, -0.172955, 1], 
 419: [1.39581, 0.576865, -0.235955, 1], 
 420: [2.02581, -0.0531353, -0.172955, 1], 
 421: [2.02581, -0.0531353, -0.235955, 1], 
 422: [2.47129, 0.131387, -0.172955, 1], 
 423: [2.47129, 0.131387, -0.235955, 1], 
 424: [1.58033, 0.131387, -0.172955, 1], 
 425: [1.58033, 0.131387, -0.235955, 1], 
 426: [2.02581, 1.20686, -0.172955, 1], 
 427: [2.02581, 1.20686, -0.235955, 1], 
 428: [1.58033, 1.02234, -0.172955, 1], 
 429: [1.58033, 1.02234, -0.235955, 1], 
 430: [2.47129, 1.02234, -0.172955, 1], 
 431: [2.47129, 1.02234, -0.235955, 1], 
 432: [2.65581, 0.576865, -0.235955, 1], 
 433: [1.39581, 0.576865, -0.235955, 1], 
 434: [2.02581, -0.0531353, -0.235955, 1], 
 435: [2.47129, 0.131387, -0.235955, 1], 
 436: [1.58033, 0.131387, -0.235955, 1], 
 437: [2.02581, 1.20686, -0.235955, 1], 
 438: [1.58033, 1.02234, -0.235955, 1], 
 439: [2.47129, 1.02234, -0.235955, 1], 
 440: [2.02581, 0.576865, -0.235955, 1], 
 441: [2.65581, 0.576865, -0.172955, 1], 
 442: [1.39581, 0.576865, -0.172955, 1], 
 443: [2.02581, -0.0531353, -0.172955, 1], 
 444: [2.47129, 0.131387, -0.172955, 1], 
 445: [1.58033, 0.131387, -0.172955, 1], 
 446: [2.02581, 1.20686, -0.172955, 1], 
 447: [1.58033, 1.02234, -0.172955, 1], 
 448: [2.02581, 0.576865, -0.172955, 1], 
 449: [2.47129, 1.02234, -0.172955, 1], 
 450: [2.02581, 1.17686, 0.700136, 1], 
 451: [2.02581, 1.17686, -0.499864, 1], 
 452: [2.02581, 1.17686, -0.499864, 1], 
 453: [2.02581, 1.17686, 0.700136, 1], 
 454: [2.65581, 0.576865, 0.436636, 1], 
 455: [2.02581, 1.20686, 0.436636, 1], 
 456: [2.02581, 1.20686, 0.373636, 1], 
 457: [2.02581, 1.20686, 0.373636, 1], 
 458: [2.65581, 0.576865, 0.436636, 1], 
 459: [2.02581, 1.20686, 0.436636, 1], 
 460: [2.02581, 1.20686, -0.172955, 1], 
 461: [2.02581, 1.20686, -0.235955, 1], 
 462: [2.02581, 1.20686, -0.235955, 1], 
 463: [2.02581, 1.20686, -0.172955, 1], 
 464: [1.31228, 0.576865, -0.554243, 1], 
 465: [1.31228, 0.576865, 0.645757, 1], 
 466: [0.112278, 0.576865, 0.645757, 1], 
 467: [0.112278, 0.576865, -0.554243, 1], 
 468: [0.712278, -0.0231354, 0.645757, 1], 
 469: [0.712278, -0.0231354, -0.554243, 1], 
 470: [1.13654, 0.152601, 0.645757, 1], 
 471: [1.13654, 0.152601, -0.554243, 1], 
 472: [0.288014, 0.152601, 0.645757, 1], 
 473: [0.288014, 0.152601, -0.554243, 1], 
 474: [0.712278, 1.17686, 0.645757, 1], 
 475: [0.712278, 1.17686, -0.554243, 1], 
 476: [0.288014, 1.00113, 0.645757, 1], 
 477: [0.288014, 1.00113, -0.554243, 1], 
 478: [1.13654, 1.00113, 0.645757, 1], 
 479: [1.13654, 1.00113, -0.554243, 1], 
 480: [1.31228, 0.576865, -0.554243, 1], 
 481: [0.112278, 0.576865, -0.554243, 1], 
 482: [0.712278, -0.0231354, -0.554243, 1], 
 483: [1.13654, 0.152601, -0.554243, 1], 
 484: [0.288014, 0.152601, -0.554243, 1], 
 485: [0.712278, 1.17686, -0.554243, 1], 
 486: [0.288014, 1.00113, -0.554243, 1], 
 487: [1.13654, 1.00113, -0.554243, 1], 
 488: [0.712278, 0.576865, -0.554243, 1], 
 489: [1.31228, 0.576865, 0.645757, 1], 
 490: [0.112278, 0.576865, 0.645757, 1], 
 491: [0.712278, -0.0231354, 0.645757, 1], 
 492: [1.13654, 0.152601, 0.645757, 1], 
 493: [0.288014, 0.152601, 0.645757, 1], 
 494: [0.712278, 1.17686, 0.645757, 1], 
 495: [0.288014, 1.00113, 0.645757, 1], 
 496: [0.712278, 0.576865, 0.645757, 1], 
 497: [1.13654, 1.00113, 0.645757, 1], 
 498: [1.34228, 0.576865, 0.319257, 1], 
 499: [1.34228, 0.576865, 0.382257, 1], 
 500: [0.0822781, 0.576865, 0.382257, 1], 
 501: [0.0822781, 0.576865, 0.319257, 1], 
 502: [0.712278, -0.0531353, 0.382257, 1], 
 503: [0.712278, -0.0531353, 0.319257, 1], 
 504: [1.15776, 0.131387, 0.382257, 1], 
 505: [1.15776, 0.131387, 0.319257, 1], 
 506: [0.266801, 0.131387, 0.382257, 1], 
 507: [0.266801, 0.131387, 0.319257, 1], 
 508: [0.712278, 1.20686, 0.382257, 1], 
 509: [0.712278, 1.20686, 0.319257, 1], 
 510: [0.266801, 1.02234, 0.382257, 1], 
 511: [0.266801, 1.02234, 0.319257, 1], 
 512: [1.15776, 1.02234, 0.382257, 1], 
 513: [1.15776, 1.02234, 0.319257, 1], 
 514: [1.34228, 0.576865, 0.319257, 1], 
 515: [0.0822781, 0.576865, 0.319257, 1], 
 516: [0.712278, -0.0531353, 0.319257, 1], 
 517: [1.15776, 0.131387, 0.319257, 1], 
 518: [0.266801, 0.131387, 0.319257, 1], 
 519: [0.712278, 1.20686, 0.319257, 1], 
 520: [0.266801, 1.02234, 0.319257, 1], 
 521: [1.15776, 1.02234, 0.319257, 1], 
 522: [0.712278, 0.576865, 0.319257, 1], 
 523: [1.34228, 0.576865, 0.382257, 1], 
 524: [0.0822781, 0.576865, 0.382257, 1], 
 525: [0.712278, -0.0531353, 0.382257, 1], 
 526: [1.15776, 0.131387, 0.382257, 1], 
 527: [0.266801, 0.131387, 0.382257, 1], 
 528: [0.712278, 1.20686, 0.382257, 1], 
 529: [0.266801, 1.02234, 0.382257, 1], 
 530: [0.712278, 0.576865, 0.382257, 1], 
 531: [1.15776, 1.02234, 0.382257, 1], 
 532: [1.34228, 0.576865, -0.290334, 1], 
 533: [1.34228, 0.576865, -0.227334, 1], 
 534: [0.0822781, 0.576865, -0.227334, 1], 
 535: [0.0822781, 0.576865, -0.290334, 1], 
 536: [0.712278, -0.0531353, -0.227334, 1], 
 537: [0.712278, -0.0531353, -0.290334, 1], 
 538: [1.15776, 0.131387, -0.227334, 1], 
 539: [1.15776, 0.131387, -0.290334, 1], 
 540: [0.266801, 0.131387, -0.227334, 1], 
 541: [0.266801, 0.131387, -0.290334, 1], 
 542: [0.712278, 1.20686, -0.227334, 1], 
 543: [0.712278, 1.20686, -0.290334, 1], 
 544: [0.266801, 1.02234, -0.227334, 1], 
 545: [0.266801, 1.02234, -0.290334, 1], 
 546: [1.15776, 1.02234, -0.227334, 1], 
 547: [1.15776, 1.02234, -0.290334, 1], 
 548: [1.34228, 0.576865, -0.290334, 1], 
 549: [0.0822781, 0.576865, -0.290334, 1], 
 550: [0.712278, -0.0531353, -0.290334, 1], 
 551: [1.15776, 0.131387, -0.290334, 1], 
 552: [0.266801, 0.131387, -0.290334, 1], 
 553: [0.712278, 1.20686, -0.290334, 1], 
 554: [0.266801, 1.02234, -0.290334, 1], 
 555: [1.15776, 1.02234, -0.290334, 1], 
 556: [0.712278, 0.576865, -0.290334, 1], 
 557: [1.34228, 0.576865, -0.227334, 1], 
 558: [0.0822781, 0.576865, -0.227334, 1], 
 559: [0.712278, -0.0531353, -0.227334, 1], 
 560: [1.15776, 0.131387, -0.227334, 1], 
 561: [0.266801, 0.131387, -0.227334, 1], 
 562: [0.712278, 1.20686, -0.227334, 1], 
 563: [0.266801, 1.02234, -0.227334, 1], 
 564: [0.712278, 0.576865, -0.227334, 1], 
 565: [1.15776, 1.02234, -0.227334, 1], 
 566: [0.712278, 1.17686, 0.645757, 1], 
 567: [0.712278, 1.17686, -0.554243, 1], 
 568: [0.712278, 1.17686, -0.554243, 1], 
 569: [0.712278, 1.17686, 0.645757, 1], 
 570: [1.34228, 0.576865, 0.382257, 1], 
 571: [0.712278, 1.20686, 0.382257, 1], 
 572: [0.712278, 1.20686, 0.319257, 1], 
 573: [0.712278, 1.20686, 0.319257, 1], 
 574: [1.34228, 0.576865, 0.382257, 1], 
 575: [0.712278, 1.20686, 0.382257, 1], 
 576: [0.712278, 1.20686, -0.227334, 1], 
 577: [0.712278, 1.20686, -0.290334, 1], 
 578: [0.712278, 1.20686, -0.290334, 1], 
 579: [0.712278, 1.20686, -0.227334, 1], 
 580: [2.49305, 1.5343, -1.845, 1], 
 581: [2.49305, 1.5343, -0.644996, 1], 
 582: [1.29305, 1.5343, -0.644996, 1], 
 583: [1.29305, 1.5343, -1.845, 1], 
 584: [1.89305, 0.934297, -0.644996, 1], 
 585: [1.89305, 0.934297, -1.845, 1], 
 586: [2.31731, 1.11003, -0.644996, 1], 
 587: [2.31731, 1.11003, -1.845, 1], 
 588: [1.46879, 1.11003, -0.644996, 1], 
 589: [1.46879, 1.11003, -1.845, 1], 
 590: [1.89305, 2.1343, -0.644996, 1], 
 591: [1.89305, 2.1343, -1.845, 1], 
 592: [1.46879, 1.95856, -0.644996, 1], 
 593: [1.46879, 1.95856, -1.845, 1], 
 594: [2.31731, 1.95856, -0.644996, 1], 
 595: [2.31731, 1.95856, -1.845, 1], 
 596: [2.49305, 1.5343, -1.845, 1], 
 597: [1.29305, 1.5343, -1.845, 1], 
 598: [1.89305, 0.934297, -1.845, 1], 
 599: [2.31731, 1.11003, -1.845, 1], 
 600: [1.46879, 1.11003, -1.845, 1], 
 601: [1.89305, 2.1343, -1.845, 1], 
 602: [1.46879, 1.95856, -1.845, 1], 
 603: [2.31731, 1.95856, -1.845, 1], 
 604: [1.89305, 1.5343, -1.845, 1], 
 605: [2.49305, 1.5343, -0.644996, 1], 
 606: [1.29305, 1.5343, -0.644996, 1], 
 607: [1.89305, 0.934297, -0.644996, 1], 
 608: [2.31731, 1.11003, -0.644996, 1], 
 609: [1.46879, 1.11003, -0.644996, 1], 
 610: [1.89305, 2.1343, -0.644996, 1], 
 611: [1.46879, 1.95856, -0.644996, 1], 
 612: [1.89305, 1.5343, -0.644996, 1], 
 613: [2.31731, 1.95856, -0.644996, 1], 
 614: [2.52305, 1.5343, -0.971496, 1], 
 615: [2.52305, 1.5343, -0.908496, 1], 
 616: [1.26305, 1.5343, -0.908496, 1], 
 617: [1.26305, 1.5343, -0.971496, 1], 
 618: [1.89305, 0.904297, -0.908496, 1], 
 619: [1.89305, 0.904297, -0.971496, 1], 
 620: [2.33853, 1.08882, -0.908496, 1], 
 621: [2.33853, 1.08882, -0.971496, 1], 
 622: [1.44757, 1.08882, -0.908496, 1], 
 623: [1.44757, 1.08882, -0.971496, 1], 
 624: [1.89305, 2.1643, -0.908496, 1], 
 625: [1.89305, 2.1643, -0.971496, 1], 
 626: [1.44757, 1.97977, -0.908496, 1], 
 627: [1.44757, 1.97977, -0.971496, 1], 
 628: [2.33853, 1.97977, -0.908496, 1], 
 629: [2.33853, 1.97977, -0.971496, 1], 
 630: [2.52305, 1.5343, -0.971496, 1], 
 631: [1.26305, 1.5343, -0.971496, 1], 
 632: [1.89305, 0.904297, -0.971496, 1], 
 633: [2.33853, 1.08882, -0.971496, 1], 
 634: [1.44757, 1.08882, -0.971496, 1], 
 635: [1.89305, 2.1643, -0.971496, 1], 
 636: [1.44757, 1.97977, -0.971496, 1], 
 637: [2.33853, 1.97977, -0.971496, 1], 
 638: [1.89305, 1.5343, -0.971496, 1], 
 639: [2.52305, 1.5343, -0.908496, 1], 
 640: [1.26305, 1.5343, -0.908496, 1], 
 641: [1.89305, 0.904297, -0.908496, 1], 
 642: [2.33853, 1.08882, -0.908496, 1], 
 643: [1.44757, 1.08882, -0.908496, 1], 
 644: [1.89305, 2.1643, -0.908496, 1], 
 645: [1.44757, 1.97977, -0.908496, 1], 
 646: [1.89305, 1.5343, -0.908496, 1], 
 647: [2.33853, 1.97977, -0.908496, 1], 
 648: [2.52305, 1.5343, -1.58109, 1], 
 649: [2.52305, 1.5343, -1.51809, 1], 
 650: [1.26305, 1.5343, -1.51809, 1], 
 651: [1.26305, 1.5343, -1.58109, 1], 
 652: [1.89305, 0.904297, -1.51809, 1], 
 653: [1.89305, 0.904297, -1.58109, 1], 
 654: [2.33853, 1.08882, -1.51809, 1], 
 655: [2.33853, 1.08882, -1.58109, 1], 
 656: [1.44757, 1.08882, -1.51809, 1], 
 657: [1.44757, 1.08882, -1.58109, 1], 
 658: [1.89305, 2.1643, -1.51809, 1], 
 659: [1.89305, 2.1643, -1.58109, 1], 
 660: [1.44757, 1.97977, -1.51809, 1], 
 661: [1.44757, 1.97977, -1.58109, 1], 
 662: [2.33853, 1.97977, -1.51809, 1], 
 663: [2.33853, 1.97977, -1.58109, 1], 
 664: [2.52305, 1.5343, -1.58109, 1], 
 665: [1.26305, 1.5343, -1.58109, 1], 
 666: [1.89305, 0.904297, -1.58109, 1], 
 667: [2.33853, 1.08882, -1.58109, 1], 
 668: [1.44757, 1.08882, -1.58109, 1], 
 669: [1.89305, 2.1643, -1.58109, 1], 
 670: [1.44757, 1.97977, -1.58109, 1], 
 671: [2.33853, 1.97977, -1.58109, 1], 
 672: [1.89305, 1.5343, -1.58109, 1], 
 673: [2.52305, 1.5343, -1.51809, 1], 
 674: [1.26305, 1.5343, -1.51809, 1], 
 675: [1.89305, 0.904297, -1.51809, 1], 
 676: [2.33853, 1.08882, -1.51809, 1], 
 677: [1.44757, 1.08882, -1.51809, 1], 
 678: [1.89305, 2.1643, -1.51809, 1], 
 679: [1.44757, 1.97977, -1.51809, 1], 
 680: [1.89305, 1.5343, -1.51809, 1], 
 681: [2.33853, 1.97977, -1.51809, 1], 
 682: [1.89305, 2.1343, -0.644996, 1], 
 683: [1.89305, 2.1343, -1.845, 1], 
 684: [1.89305, 2.1343, -1.845, 1], 
 685: [1.89305, 2.1343, -0.644996, 1], 
 686: [2.52305, 1.5343, -0.908496, 1], 
 687: [1.89305, 2.1643, -0.908496, 1], 
 688: [1.89305, 2.1643, -0.971496, 1], 
 689: [1.89305, 2.1643, -0.971496, 1], 
 690: [2.52305, 1.5343, -0.908496, 1], 
 691: [1.89305, 2.1643, -0.908496, 1], 
 692: [1.89305, 2.1643, -1.51809, 1], 
 693: [1.89305, 2.1643, -1.58109, 1], 
 694: [1.89305, 2.1643, -1.58109, 1], 
 695: [1.89305, 2.1643, -1.51809, 1], 
 696: [1.20103, 1.5343, -1.77992, 1], 
 697: [1.20103, 1.5343, -0.57992, 1], 
 698: [0.00103009, 1.5343, -0.57992, 1], 
 699: [0.00103009, 1.5343, -1.77992, 1], 
 700: [0.60103, 0.934297, -0.57992, 1], 
 701: [0.60103, 0.934297, -1.77992, 1], 
 702: [1.02529, 1.11003, -0.57992, 1], 
 703: [1.02529, 1.11003, -1.77992, 1], 
 704: [0.176766, 1.11003, -0.57992, 1], 
 705: [0.176766, 1.11003, -1.77992, 1], 
 706: [0.60103, 2.1343, -0.57992, 1], 
 707: [0.60103, 2.1343, -1.77992, 1], 
 708: [0.176766, 1.95856, -0.57992, 1], 
 709: [0.176766, 1.95856, -1.77992, 1], 
 710: [1.02529, 1.95856, -0.57992, 1], 
 711: [1.02529, 1.95856, -1.77992, 1], 
 712: [1.20103, 1.5343, -1.77992, 1], 
 713: [0.00103009, 1.5343, -1.77992, 1], 
 714: [0.60103, 0.934297, -1.77992, 1], 
 715: [1.02529, 1.11003, -1.77992, 1], 
 716: [0.176766, 1.11003, -1.77992, 1], 
 717: [0.60103, 2.1343, -1.77992, 1], 
 718: [0.176766, 1.95856, -1.77992, 1], 
 719: [1.02529, 1.95856, -1.77992, 1], 
 720: [0.60103, 1.5343, -1.77992, 1], 
 721: [1.20103, 1.5343, -0.57992, 1], 
 722: [0.00103009, 1.5343, -0.57992, 1], 
 723: [0.60103, 0.934297, -0.57992, 1], 
 724: [1.02529, 1.11003, -0.57992, 1], 
 725: [0.176766, 1.11003, -0.57992, 1], 
 726: [0.60103, 2.1343, -0.57992, 1], 
 727: [0.176766, 1.95856, -0.57992, 1], 
 728: [0.60103, 1.5343, -0.57992, 1], 
 729: [1.02529, 1.95856, -0.57992, 1], 
 730: [1.23103, 1.5343, -0.90642, 1], 
 731: [1.23103, 1.5343, -0.84342, 1], 
 732: [-0.0289699, 1.5343, -0.84342, 1], 
 733: [-0.0289699, 1.5343, -0.90642, 1], 
 734: [0.60103, 0.904297, -0.84342, 1], 
 735: [0.60103, 0.904297, -0.90642, 1], 
 736: [1.04651, 1.08882, -0.84342, 1], 
 737: [1.04651, 1.08882, -0.90642, 1], 
 738: [0.155553, 1.08882, -0.84342, 1], 
 739: [0.155553, 1.08882, -0.90642, 1], 
 740: [0.60103, 2.1643, -0.84342, 1], 
 741: [0.60103, 2.1643, -0.90642, 1], 
 742: [0.155553, 1.97977, -0.84342, 1], 
 743: [0.155553, 1.97977, -0.90642, 1], 
 744: [1.04651, 1.97977, -0.84342, 1], 
 745: [1.04651, 1.97977, -0.90642, 1], 
 746: [1.23103, 1.5343, -0.90642, 1], 
 747: [-0.0289699, 1.5343, -0.90642, 1], 
 748: [0.60103, 0.904297, -0.90642, 1], 
 749: [1.04651, 1.08882, -0.90642, 1], 
 750: [0.155553, 1.08882, -0.90642, 1], 
 751: [0.60103, 2.1643, -0.90642, 1], 
 752: [0.155553, 1.97977, -0.90642, 1], 
 753: [1.04651, 1.97977, -0.90642, 1], 
 754: [0.60103, 1.5343, -0.90642, 1], 
 755: [1.23103, 1.5343, -0.84342, 1], 
 756: [-0.0289699, 1.5343, -0.84342, 1], 
 757: [0.60103, 0.904297, -0.84342, 1], 
 758: [1.04651, 1.08882, -0.84342, 1], 
 759: [0.155553, 1.08882, -0.84342, 1], 
 760: [0.60103, 2.1643, -0.84342, 1], 
 761: [0.155553, 1.97977, -0.84342, 1], 
 762: [0.60103, 1.5343, -0.84342, 1], 
 763: [1.04651, 1.97977, -0.84342, 1], 
 764: [1.23103, 1.5343, -1.51601, 1], 
 765: [1.23103, 1.5343, -1.45301, 1], 
 766: [-0.0289699, 1.5343, -1.45301, 1], 
 767: [-0.0289699, 1.5343, -1.51601, 1], 
 768: [0.60103, 0.904297, -1.45301, 1], 
 769: [0.60103, 0.904297, -1.51601, 1], 
 770: [1.04651, 1.08882, -1.45301, 1], 
 771: [1.04651, 1.08882, -1.51601, 1], 
 772: [0.155553, 1.08882, -1.45301, 1], 
 773: [0.155553, 1.08882, -1.51601, 1], 
 774: [0.60103, 2.1643, -1.45301, 1], 
 775: [0.60103, 2.1643, -1.51601, 1], 
 776: [0.155553, 1.97977, -1.45301, 1], 
 777: [0.155553, 1.97977, -1.51601, 1], 
 778: [1.04651, 1.97977, -1.45301, 1], 
 779: [1.04651, 1.97977, -1.51601, 1], 
 780: [1.23103, 1.5343, -1.51601, 1], 
 781: [-0.0289699, 1.5343, -1.51601, 1], 
 782: [0.60103, 0.904297, -1.51601, 1], 
 783: [1.04651, 1.08882, -1.51601, 1], 
 784: [0.155553, 1.08882, -1.51601, 1], 
 785: [0.60103, 2.1643, -1.51601, 1], 
 786: [0.155553, 1.97977, -1.51601, 1], 
 787: [1.04651, 1.97977, -1.51601, 1], 
 788: [0.60103, 1.5343, -1.51601, 1], 
 789: [1.23103, 1.5343, -1.45301, 1], 
 790: [-0.0289699, 1.5343, -1.45301, 1], 
 791: [0.60103, 0.904297, -1.45301, 1], 
 792: [1.04651, 1.08882, -1.45301, 1], 
 793: [0.155553, 1.08882, -1.45301, 1], 
 794: [0.60103, 2.1643, -1.45301, 1], 
 795: [0.155553, 1.97977, -1.45301, 1], 
 796: [0.60103, 1.5343, -1.45301, 1], 
 797: [1.04651, 1.97977, -1.45301, 1], 
 798: [0.60103, 2.1343, -0.57992, 1], 
 799: [0.60103, 2.1343, -1.77992, 1], 
 800: [0.60103, 2.1343, -1.77992, 1], 
 801: [0.60103, 2.1343, -0.57992, 1], 
 802: [1.23103, 1.5343, -0.84342, 1], 
 803: [0.60103, 2.1643, -0.84342, 1], 
 804: [0.60103, 2.1643, -0.90642, 1], 
 805: [0.60103, 2.1643, -0.90642, 1], 
 806: [1.23103, 1.5343, -0.84342, 1], 
 807: [0.60103, 2.1643, -0.84342, 1], 
 808: [0.60103, 2.1643, -1.45301, 1], 
 809: [0.60103, 2.1643, -1.51601, 1], 
 810: [0.60103, 2.1643, -1.51601, 1], 
 811: [0.60103, 2.1643, -1.45301, 1], 
 812: [1.9893, 1.5343, -0.446466, 1], 
 813: [1.9893, 1.5343, 0.753534, 1], 
 814: [0.789298, 1.5343, 0.753534, 1], 
 815: [0.789298, 1.5343, -0.446466, 1], 
 816: [1.3893, 0.934297, 0.753534, 1], 
 817: [1.3893, 0.934297, -0.446466, 1], 
 818: [1.81356, 1.11003, 0.753534, 1], 
 819: [1.81356, 1.11003, -0.446466, 1], 
 820: [0.965034, 1.11003, 0.753534, 1], 
 821: [0.965034, 1.11003, -0.446466, 1], 
 822: [1.3893, 2.1343, 0.753534, 1], 
 823: [1.3893, 2.1343, -0.446466, 1], 
 824: [0.965034, 1.95856, 0.753534, 1], 
 825: [0.965034, 1.95856, -0.446466, 1], 
 826: [1.81356, 1.95856, 0.753534, 1], 
 827: [1.81356, 1.95856, -0.446466, 1], 
 828: [1.9893, 1.5343, -0.446466, 1], 
 829: [0.789298, 1.5343, -0.446466, 1], 
 830: [1.3893, 0.934297, -0.446466, 1], 
 831: [1.81356, 1.11003, -0.446466, 1], 
 832: [0.965034, 1.11003, -0.446466, 1], 
 833: [1.3893, 2.1343, -0.446466, 1], 
 834: [0.965034, 1.95856, -0.446466, 1], 
 835: [1.81356, 1.95856, -0.446466, 1], 
 836: [1.3893, 1.5343, -0.446466, 1], 
 837: [1.9893, 1.5343, 0.753534, 1], 
 838: [0.789298, 1.5343, 0.753534, 1], 
 839: [1.3893, 0.934297, 0.753534, 1], 
 840: [1.81356, 1.11003, 0.753534, 1], 
 841: [0.965034, 1.11003, 0.753534, 1], 
 842: [1.3893, 2.1343, 0.753534, 1], 
 843: [0.965034, 1.95856, 0.753534, 1], 
 844: [1.3893, 1.5343, 0.753534, 1], 
 845: [1.81356, 1.95856, 0.753534, 1], 
 846: [2.0193, 1.5343, 0.427034, 1], 
 847: [2.0193, 1.5343, 0.490034, 1], 
 848: [0.759298, 1.5343, 0.490034, 1], 
 849: [0.759298, 1.5343, 0.427034, 1], 
 850: [1.3893, 0.904297, 0.490034, 1], 
 851: [1.3893, 0.904297, 0.427034, 1], 
 852: [1.83478, 1.08882, 0.490034, 1], 
 853: [1.83478, 1.08882, 0.427034, 1], 
 854: [0.943821, 1.08882, 0.490034, 1], 
 855: [0.943821, 1.08882, 0.427034, 1], 
 856: [1.3893, 2.1643, 0.490034, 1], 
 857: [1.3893, 2.1643, 0.427034, 1], 
 858: [0.943821, 1.97977, 0.490034, 1], 
 859: [0.943821, 1.97977, 0.427034, 1], 
 860: [1.83478, 1.97977, 0.490034, 1], 
 861: [1.83478, 1.97977, 0.427034, 1], 
 862: [2.0193, 1.5343, 0.427034, 1], 
 863: [0.759298, 1.5343, 0.427034, 1], 
 864: [1.3893, 0.904297, 0.427034, 1], 
 865: [1.83478, 1.08882, 0.427034, 1], 
 866: [0.943821, 1.08882, 0.427034, 1], 
 867: [1.3893, 2.1643, 0.427034, 1], 
 868: [0.943821, 1.97977, 0.427034, 1], 
 869: [1.83478, 1.97977, 0.427034, 1], 
 870: [1.3893, 1.5343, 0.427034, 1], 
 871: [2.0193, 1.5343, 0.490034, 1], 
 872: [0.759298, 1.5343, 0.490034, 1], 
 873: [1.3893, 0.904297, 0.490034, 1], 
 874: [1.83478, 1.08882, 0.490034, 1], 
 875: [0.943821, 1.08882, 0.490034, 1], 
 876: [1.3893, 2.1643, 0.490034, 1], 
 877: [0.943821, 1.97977, 0.490034, 1], 
 878: [1.3893, 1.5343, 0.490034, 1], 
 879: [1.83478, 1.97977, 0.490034, 1], 
 880: [2.0193, 1.5343, -0.182558, 1], 
 881: [2.0193, 1.5343, -0.119558, 1], 
 882: [0.759298, 1.5343, -0.119558, 1], 
 883: [0.759298, 1.5343, -0.182558, 1], 
 884: [1.3893, 0.904297, -0.119558, 1], 
 885: [1.3893, 0.904297, -0.182558, 1], 
 886: [1.83478, 1.08882, -0.119558, 1], 
 887: [1.83478, 1.08882, -0.182558, 1], 
 888: [0.943821, 1.08882, -0.119558, 1], 
 889: [0.943821, 1.08882, -0.182558, 1], 
 890: [1.3893, 2.1643, -0.119558, 1], 
 891: [1.3893, 2.1643, -0.182558, 1], 
 892: [0.943821, 1.97977, -0.119558, 1], 
 893: [0.943821, 1.97977, -0.182558, 1], 
 894: [1.83478, 1.97977, -0.119558, 1], 
 895: [1.83478, 1.97977, -0.182558, 1], 
 896: [2.0193, 1.5343, -0.182558, 1], 
 897: [0.759298, 1.5343, -0.182558, 1], 
 898: [1.3893, 0.904297, -0.182558, 1], 
 899: [1.83478, 1.08882, -0.182558, 1], 
 900: [0.943821, 1.08882, -0.182558, 1], 
 901: [1.3893, 2.1643, -0.182558, 1], 
 902: [0.943821, 1.97977, -0.182558, 1], 
 903: [1.83478, 1.97977, -0.182558, 1], 
 904: [1.3893, 1.5343, -0.182558, 1], 
 905: [2.0193, 1.5343, -0.119558, 1], 
 906: [0.759298, 1.5343, -0.119558, 1], 
 907: [1.3893, 0.904297, -0.119558, 1], 
 908: [1.83478, 1.08882, -0.119558, 1], 
 909: [0.943821, 1.08882, -0.119558, 1], 
 910: [1.3893, 2.1643, -0.119558, 1], 
 911: [0.943821, 1.97977, -0.119558, 1], 
 912: [1.3893, 1.5343, -0.119558, 1], 
 913: [1.83478, 1.97977, -0.119558, 1], 
 914: [1.3893, 2.1343, 0.753534, 1], 
 915: [1.3893, 2.1343, -0.446466, 1], 
 916: [1.3893, 2.1343, -0.446466, 1], 
 917: [1.3893, 2.1343, 0.753534, 1], 
 918: [2.0193, 1.5343, 0.490034, 1], 
 919: [1.3893, 2.1643, 0.490034, 1], 
 920: [1.3893, 2.1643, 0.427034, 1], 
 921: [1.3893, 2.1643, 0.427034, 1], 
 922: [2.0193, 1.5343, 0.490034, 1], 
 923: [1.3893, 2.1643, 0.490034, 1], 
 924: [1.3893, 2.1643, -0.119558, 1], 
 925: [1.3893, 2.1643, -0.182558, 1], 
 926: [1.3893, 2.1643, -0.182558, 1], 
 927: [1.3893, 2.1643, -0.119558, 1]]
Number of polygons: 768
Polygon Connection List
[0: [14, 1, 15], 
1: [1, 0, 15], 
2: [8, 2, 9], 
3: [2, 3, 9], 
4: [6, 4, 7], 
5: [4, 5, 7], 
6: [0, 1, 7], 
7: [1, 6, 7], 
8: [4, 8, 5], 
9: [8, 9, 5], 
10: [12, 102, 13], 
11: [102, 11, 13], 
12: [2, 12, 3], 
13: [12, 13, 3], 
14: [10, 14, 103], 
15: [14, 15, 103], 
16: [23, 16, 24], 
17: [20, 17, 24], 
18: [19, 18, 24], 
19: [24, 16, 19], 
20: [18, 20, 24], 
21: [22, 104, 24], 
22: [17, 22, 24], 
23: [21, 23, 24], 
24: [32, 25, 33], 
25: [32, 26, 29], 
26: [32, 27, 28], 
27: [25, 32, 28], 
28: [32, 29, 27], 
29: [32, 30, 31], 
30: [32, 31, 26], 
31: [32, 33, 105], 
32: [48, 106, 49], 
33: [106, 34, 49], 
34: [42, 36, 43], 
35: [36, 37, 43], 
36: [40, 38, 41], 
37: [38, 39, 41], 
38: [34, 35, 41], 
39: [35, 40, 41], 
40: [38, 42, 39], 
41: [42, 43, 39], 
42: [46, 107, 47], 
43: [107, 45, 47], 
44: [36, 46, 37], 
45: [46, 47, 37], 
46: [44, 48, 108], 
47: [48, 49, 108], 
48: [57, 50, 58], 
49: [54, 51, 58], 
50: [53, 52, 58], 
51: [58, 50, 53], 
52: [52, 54, 58], 
53: [56, 109, 58], 
54: [51, 56, 58], 
55: [55, 57, 58], 
56: [66, 59, 67], 
57: [66, 60, 63], 
58: [66, 61, 62], 
59: [110, 66, 62], 
60: [66, 63, 61], 
61: [66, 64, 65], 
62: [66, 65, 60], 
63: [66, 67, 111], 
64: [82, 69, 83], 
65: [69, 68, 83], 
66: [76, 70, 77], 
67: [70, 71, 77], 
68: [74, 72, 75], 
69: [72, 73, 75], 
70: [68, 69, 75], 
71: [69, 74, 75], 
72: [72, 76, 73], 
73: [76, 77, 73], 
74: [80, 112, 81], 
75: [112, 79, 81], 
76: [70, 80, 71], 
77: [80, 81, 71], 
78: [78, 82, 113], 
79: [82, 83, 113], 
80: [91, 84, 92], 
81: [88, 85, 92], 
82: [87, 86, 92], 
83: [92, 84, 87], 
84: [86, 88, 92], 
85: [90, 114, 92], 
86: [85, 90, 92], 
87: [89, 91, 92], 
88: [100, 93, 101], 
89: [100, 94, 97], 
90: [100, 95, 96], 
91: [93, 100, 96], 
92: [100, 97, 95], 
93: [100, 98, 99], 
94: [100, 99, 94], 
95: [100, 101, 115], 
96: [130, 117, 131], 
97: [117, 116, 131], 
98: [124, 118, 125], 
99: [118, 119, 125], 
100: [122, 120, 123], 
101: [120, 121, 123], 
102: [116, 117, 123], 
103: [117, 122, 123], 
104: [120, 124, 121], 
105: [124, 125, 121], 
106: [128, 218, 129], 
107: [218, 127, 129], 
108: [118, 128, 119], 
109: [128, 129, 119], 
110: [126, 130, 219], 
111: [130, 131, 219], 
112: [139, 132, 140], 
113: [136, 133, 140], 
114: [135, 134, 140], 
115: [140, 132, 135], 
116: [134, 136, 140], 
117: [138, 220, 140], 
118: [133, 138, 140], 
119: [137, 139, 140], 
120: [148, 141, 149], 
121: [148, 142, 145], 
122: [148, 143, 144], 
123: [141, 148, 144], 
124: [148, 145, 143], 
125: [148, 146, 147], 
126: [148, 147, 142], 
127: [148, 149, 221], 
128: [164, 222, 165], 
129: [222, 150, 165], 
130: [158, 152, 159], 
131: [152, 153, 159], 
132: [156, 154, 157], 
133: [154, 155, 157], 
134: [150, 151, 157], 
135: [151, 156, 157], 
136: [154, 158, 155], 
137: [158, 159, 155], 
138: [162, 223, 163], 
139: [223, 161, 163], 
140: [152, 162, 153], 
141: [162, 163, 153], 
142: [160, 164, 224], 
143: [164, 165, 224], 
144: [173, 166, 174], 
145: [170, 167, 174], 
146: [169, 168, 174], 
147: [174, 166, 169], 
148: [168, 170, 174], 
149: [172, 225, 174], 
150: [167, 172, 174], 
151: [171, 173, 174], 
152: [182, 175, 183], 
153: [182, 176, 179], 
154: [182, 177, 178], 
155: [226, 182, 178], 
156: [182, 179, 177], 
157: [182, 180, 181], 
158: [182, 181, 176], 
159: [182, 183, 227], 
160: [198, 185, 199], 
161: [185, 184, 199], 
162: [192, 186, 193], 
163: [186, 187, 193], 
164: [190, 188, 191], 
165: [188, 189, 191], 
166: [184, 185, 191], 
167: [185, 190, 191], 
168: [188, 192, 189], 
169: [192, 193, 189], 
170: [196, 228, 197], 
171: [228, 195, 197], 
172: [186, 196, 187], 
173: [196, 197, 187], 
174: [194, 198, 229], 
175: [198, 199, 229], 
176: [207, 200, 208], 
177: [204, 201, 208], 
178: [203, 202, 208], 
179: [208, 200, 203], 
180: [202, 204, 208], 
181: [206, 230, 208], 
182: [201, 206, 208], 
183: [205, 207, 208], 
184: [216, 209, 217], 
185: [216, 210, 213], 
186: [216, 211, 212], 
187: [209, 216, 212], 
188: [216, 213, 211], 
189: [216, 214, 215], 
190: [216, 215, 210], 
191: [216, 217, 231], 
192: [246, 233, 247], 
193: [233, 232, 247], 
194: [240, 234, 241], 
195: [234, 235, 241], 
196: [238, 236, 239], 
197: [236, 237, 239], 
198: [232, 233, 239], 
199: [233, 238, 239], 
200: [236, 240, 237], 
201: [240, 241, 237], 
202: [244, 334, 245], 
203: [334, 243, 245], 
204: [234, 244, 235], 
205: [244, 245, 235], 
206: [242, 246, 335], 
207: [246, 247, 335], 
208: [255, 248, 256], 
209: [252, 249, 256], 
210: [251, 250, 256], 
211: [256, 248, 251], 
212: [250, 252, 256], 
213: [254, 336, 256], 
214: [249, 254, 256], 
215: [253, 255, 256], 
216: [264, 257, 265], 
217: [264, 258, 261], 
218: [264, 259, 260], 
219: [257, 264, 260], 
220: [264, 261, 259], 
221: [264, 262, 263], 
222: [264, 263, 258], 
223: [264, 265, 337], 
224: [280, 338, 281], 
225: [338, 266, 281], 
226: [274, 268, 275], 
227: [268, 269, 275], 
228: [272, 270, 273], 
229: [270, 271, 273], 
230: [266, 267, 273], 
231: [267, 272, 273], 
232: [270, 274, 271], 
233: [274, 275, 271], 
234: [278, 339, 279], 
235: [339, 277, 279], 
236: [268, 278, 269], 
237: [278, 279, 269], 
238: [276, 280, 340], 
239: [280, 281, 340], 
240: [289, 282, 290], 
241: [286, 283, 290], 
242: [285, 284, 290], 
243: [290, 282, 285], 
244: [284, 286, 290], 
245: [288, 341, 290], 
246: [283, 288, 290], 
247: [287, 289, 290], 
248: [298, 291, 299], 
249: [298, 292, 295], 
250: [298, 293, 294], 
251: [342, 298, 294], 
252: [298, 295, 293], 
253: [298, 296, 297], 
254: [298, 297, 292], 
255: [298, 299, 343], 
256: [314, 301, 315], 
257: [301, 300, 315], 
258: [308, 302, 309], 
259: [302, 303, 309], 
260: [306, 304, 307], 
261: [304, 305, 307], 
262: [300, 301, 307], 
263: [301, 306, 307], 
264: [304, 308, 305], 
265: [308, 309, 305], 
266: [312, 344, 313], 
267: [344, 311, 313], 
268: [302, 312, 303], 
269: [312, 313, 303], 
270: [310, 314, 345], 
271: [314, 315, 345], 
272: [323, 316, 324], 
273: [320, 317, 324], 
274: [319, 318, 324], 
275: [324, 316, 319], 
276: [318, 320, 324], 
277: [322, 346, 324], 
278: [317, 322, 324], 
279: [321, 323, 324], 
280: [332, 325, 333], 
281: [332, 326, 329], 
282: [332, 327, 328], 
283: [325, 332, 328], 
284: [332, 329, 327], 
285: [332, 330, 331], 
286: [332, 331, 326], 
287: [332, 333, 347], 
288: [362, 349, 363], 
289: [349, 348, 363], 
290: [356, 350, 357], 
291: [350, 351, 357], 
292: [354, 352, 355], 
293: [352, 353, 355], 
294: [348, 349, 355], 
295: [349, 354, 355], 
296: [352, 356, 353], 
297: [356, 357, 353], 
298: [360, 450, 361], 
299: [450, 359, 361], 
300: [350, 360, 351], 
301: [360, 361, 351], 
302: [358, 362, 451], 
303: [362, 363, 451], 
304: [371, 364, 372], 
305: [368, 365, 372], 
306: [367, 366, 372], 
307: [372, 364, 367], 
308: [366, 368, 372], 
309: [370, 452, 372], 
310: [365, 370, 372], 
311: [369, 371, 372], 
312: [380, 373, 381], 
313: [380, 374, 377], 
314: [380, 375, 376], 
315: [373, 380, 376], 
316: [380, 377, 375], 
317: [380, 378, 379], 
318: [380, 379, 374], 
319: [380, 381, 453], 
320: [396, 454, 397], 
321: [454, 382, 397], 
322: [390, 384, 391], 
323: [384, 385, 391], 
324: [388, 386, 389], 
325: [386, 387, 389], 
326: [382, 383, 389], 
327: [383, 388, 389], 
328: [386, 390, 387], 
329: [390, 391, 387], 
330: [394, 455, 395], 
331: [455, 393, 395], 
332: [384, 394, 385], 
333: [394, 395, 385], 
334: [392, 396, 456], 
335: [396, 397, 456], 
336: [405, 398, 406], 
337: [402, 399, 406], 
338: [401, 400, 406], 
339: [406, 398, 401], 
340: [400, 402, 406], 
341: [404, 457, 406], 
342: [399, 404, 406], 
343: [403, 405, 406], 
344: [414, 407, 415], 
345: [414, 408, 411], 
346: [414, 409, 410], 
347: [458, 414, 410], 
348: [414, 411, 409], 
349: [414, 412, 413], 
350: [414, 413, 408], 
351: [414, 415, 459], 
352: [430, 417, 431], 
353: [417, 416, 431], 
354: [424, 418, 425], 
355: [418, 419, 425], 
356: [422, 420, 423], 
357: [420, 421, 423], 
358: [416, 417, 423], 
359: [417, 422, 423], 
360: [420, 424, 421], 
361: [424, 425, 421], 
362: [428, 460, 429], 
363: [460, 427, 429], 
364: [418, 428, 419], 
365: [428, 429, 419], 
366: [426, 430, 461], 
367: [430, 431, 461], 
368: [439, 432, 440], 
369: [436, 433, 440], 
370: [435, 434, 440], 
371: [440, 432, 435], 
372: [434, 436, 440], 
373: [438, 462, 440], 
374: [433, 438, 440], 
375: [437, 439, 440], 
376: [448, 441, 449], 
377: [448, 442, 445], 
378: [448, 443, 444], 
379: [441, 448, 444], 
380: [448, 445, 443], 
381: [448, 446, 447], 
382: [448, 447, 442], 
383: [448, 449, 463], 
384: [478, 465, 479], 
385: [465, 464, 479], 
386: [472, 466, 473], 
387: [466, 467, 473], 
388: [470, 468, 471], 
389: [468, 469, 471], 
390: [464, 465, 471], 
391: [465, 470, 471], 
392: [468, 472, 469], 
393: [472, 473, 469], 
394: [476, 566, 477], 
395: [566, 475, 477], 
396: [466, 476, 467], 
397: [476, 477, 467], 
398: [474, 478, 567], 
399: [478, 479, 567], 
400: [487, 480, 488], 
401: [484, 481, 488], 
402: [483, 482, 488], 
403: [488, 480, 483], 
404: [482, 484, 488], 
405: [486, 568, 488], 
406: [481, 486, 488], 
407: [485, 487, 488], 
408: [496, 489, 497], 
409: [496, 490, 493], 
410: [496, 491, 492], 
411: [489, 496, 492], 
412: [496, 493, 491], 
413: [496, 494, 495], 
414: [496, 495, 490], 
415: [496, 497, 569], 
416: [512, 570, 513], 
417: [570, 498, 513], 
418: [506, 500, 507], 
419: [500, 501, 507], 
420: [504, 502, 505], 
421: [502, 503, 505], 
422: [498, 499, 505], 
423: [499, 504, 505], 
424: [502, 506, 503], 
425: [506, 507, 503], 
426: [510, 571, 511], 
427: [571, 509, 511], 
428: [500, 510, 501], 
429: [510, 511, 501], 
430: [508, 512, 572], 
431: [512, 513, 572], 
432: [521, 514, 522], 
433: [518, 515, 522], 
434: [517, 516, 522], 
435: [522, 514, 517], 
436: [516, 518, 522], 
437: [520, 573, 522], 
438: [515, 520, 522], 
439: [519, 521, 522], 
440: [530, 523, 531], 
441: [530, 524, 527], 
442: [530, 525, 526], 
443: [574, 530, 526], 
444: [530, 527, 525], 
445: [530, 528, 529], 
446: [530, 529, 524], 
447: [530, 531, 575], 
448: [546, 533, 547], 
449: [533, 532, 547], 
450: [540, 534, 541], 
451: [534, 535, 541], 
452: [538, 536, 539], 
453: [536, 537, 539], 
454: [532, 533, 539], 
455: [533, 538, 539], 
456: [536, 540, 537], 
457: [540, 541, 537], 
458: [544, 576, 545], 
459: [576, 543, 545], 
460: [534, 544, 535], 
461: [544, 545, 535], 
462: [542, 546, 577], 
463: [546, 547, 577], 
464: [555, 548, 556], 
465: [552, 549, 556], 
466: [551, 550, 556], 
467: [556, 548, 551], 
468: [550, 552, 556], 
469: [554, 578, 556], 
470: [549, 554, 556], 
471: [553, 555, 556], 
472: [564, 557, 565], 
473: [564, 558, 561], 
474: [564, 559, 560], 
475: [557, 564, 560], 
476: [564, 561, 559], 
477: [564, 562, 563], 
478: [564, 563, 558], 
479: [564, 565, 579], 
480: [594, 581, 595], 
481: [581, 580, 595], 
482: [588, 582, 589], 
483: [582, 583, 589], 
484: [586, 584, 587], 
485: [584, 585, 587], 
486: [580, 581, 587], 
487: [581, 586, 587], 
488: [584, 588, 585], 
489: [588, 589, 585], 
490: [592, 682, 593], 
491: [682, 591, 593], 
492: [582, 592, 583], 
493: [592, 593, 583], 
494: [590, 594, 683], 
495: [594, 595, 683], 
496: [603, 596, 604], 
497: [600, 597, 604], 
498: [599, 598, 604], 
499: [604, 596, 599], 
500: [598, 600, 604], 
501: [602, 684, 604], 
502: [597, 602, 604], 
503: [601, 603, 604], 
504: [612, 605, 613], 
505: [612, 606, 609], 
506: [612, 607, 608], 
507: [605, 612, 608], 
508: [612, 609, 607], 
509: [612, 610, 611], 
510: [612, 611, 606], 
511: [612, 613, 685], 
512: [628, 686, 629], 
513: [686, 614, 629], 
514: [622, 616, 623], 
515: [616, 617, 623], 
516: [620, 618, 621], 
517: [618, 619, 621], 
518: [614, 615, 621], 
519: [615, 620, 621], 
520: [618, 622, 619], 
521: [622, 623, 619], 
522: [626, 687, 627], 
523: [687, 625, 627], 
524: [616, 626, 617], 
525: [626, 627, 617], 
526: [624, 628, 688], 
527: [628, 629, 688], 
528: [637, 630, 638], 
529: [634, 631, 638], 
530: [633, 632, 638], 
531: [638, 630, 633], 
532: [632, 634, 638], 
533: [636, 689, 638], 
534: [631, 636, 638], 
535: [635, 637, 638], 
536: [646, 639, 647], 
537: [646, 640, 643], 
538: [646, 641, 642], 
539: [690, 646, 642], 
540: [646, 643, 641], 
541: [646, 644, 645], 
542: [646, 645, 640], 
543: [646, 647, 691], 
544: [662, 649, 663], 
545: [649, 648, 663], 
546: [656, 650, 657], 
547: [650, 651, 657], 
548: [654, 652, 655], 
549: [652, 653, 655], 
550: [648, 649, 655], 
551: [649, 654, 655], 
552: [652, 656, 653], 
553: [656, 657, 653], 
554: [660, 692, 661], 
555: [692, 659, 661], 
556: [650, 660, 651], 
557: [660, 661, 651], 
558: [658, 662, 693], 
559: [662, 663, 693], 
560: [671, 664, 672], 
561: [668, 665, 672], 
562: [667, 666, 672], 
563: [672, 664, 667], 
564: [666, 668, 672], 
565: [670, 694, 672], 
566: [665, 670, 672], 
567: [669, 671, 672], 
568: [680, 673, 681], 
569: [680, 674, 677], 
570: [680, 675, 676], 
571: [673, 680, 676], 
572: [680, 677, 675], 
573: [680, 678, 679], 
574: [680, 679, 674], 
575: [680, 681, 695], 
576: [710, 697, 711], 
577: [697, 696, 711], 
578: [704, 698, 705], 
579: [698, 699, 705], 
580: [702, 700, 703], 
581: [700, 701, 703], 
582: [696, 697, 703], 
583: [697, 702, 703], 
584: [700, 704, 701], 
585: [704, 705, 701], 
586: [708, 798, 709], 
587: [798, 707, 709], 
588: [698, 708, 699], 
589: [708, 709, 699], 
590: [706, 710, 799], 
591: [710, 711, 799], 
592: [719, 712, 720], 
593: [716, 713, 720], 
594: [715, 714, 720], 
595: [720, 712, 715], 
596: [714, 716, 720], 
597: [718, 800, 720], 
598: [713, 718, 720], 
599: [717, 719, 720], 
600: [728, 721, 729], 
601: [728, 722, 725], 
602: [728, 723, 724], 
603: [721, 728, 724], 
604: [728, 725, 723], 
605: [728, 726, 727], 
606: [728, 727, 722], 
607: [728, 729, 801], 
608: [744, 802, 745], 
609: [802, 730, 745], 
610: [738, 732, 739], 
611: [732, 733, 739], 
612: [736, 734, 737], 
613: [734, 735, 737], 
614: [730, 731, 737], 
615: [731, 736, 737], 
616: [734, 738, 735], 
617: [738, 739, 735], 
618: [742, 803, 743], 
619: [803, 741, 743], 
620: [732, 742, 733], 
621: [742, 743, 733], 
622: [740, 744, 804], 
623: [744, 745, 804], 
624: [753, 746, 754], 
625: [750, 747, 754], 
626: [749, 748, 754], 
627: [754, 746, 749], 
628: [748, 750, 754], 
629: [752, 805, 754], 
630: [747, 752, 754], 
631: [751, 753, 754], 
632: [762, 755, 763], 
633: [762, 756, 759], 
634: [762, 757, 758], 
635: [806, 762, 758], 
636: [762, 759, 757], 
637: [762, 760, 761], 
638: [762, 761, 756], 
639: [762, 763, 807], 
640: [778, 765, 779], 
641: [765, 764, 779], 
642: [772, 766, 773], 
643: [766, 767, 773], 
644: [770, 768, 771], 
645: [768, 769, 771], 
646: [764, 765, 771], 
647: [765, 770, 771], 
648: [768, 772, 769], 
649: [772, 773, 769], 
650: [776, 808, 777], 
651: [808, 775, 777], 
652: [766, 776, 767], 
653: [776, 777, 767], 
654: [774, 778, 809], 
655: [778, 779, 809], 
656: [787, 780, 788], 
657: [784, 781, 788], 
658: [783, 782, 788], 
659: [788, 780, 783], 
660: [782, 784, 788], 
661: [786, 810, 788], 
662: [781, 786, 788], 
663: [785, 787, 788], 
664: [796, 789, 797], 
665: [796, 790, 793], 
666: [796, 791, 792], 
667: [789, 796, 792], 
668: [796, 793, 791], 
669: [796, 794, 795], 
670: [796, 795, 790], 
671: [796, 797, 811], 
672: [826, 813, 827], 
673: [813, 812, 827], 
674: [820, 814, 821], 
675: [814, 815, 821], 
676: [818, 816, 819], 
677: [816, 817, 819], 
678: [812, 813, 819], 
679: [813, 818, 819], 
680: [816, 820, 817], 
681: [820, 821, 817], 
682: [824, 914, 825], 
683: [914, 823, 825], 
684: [814, 824, 815], 
685: [824, 825, 815], 
686: [822, 826, 915], 
687: [826, 827, 915], 
688: [835, 828, 836], 
689: [832, 829, 836], 
690: [831, 830, 836], 
691: [836, 828, 831], 
692: [830, 832, 836], 
693: [834, 916, 836], 
694: [829, 834, 836], 
695: [833, 835, 836], 
696: [844, 837, 845], 
697: [844, 838, 841], 
698: [844, 839, 840], 
699: [837, 844, 840], 
700: [844, 841, 839], 
701: [844, 842, 843], 
702: [844, 843, 838], 
703: [844, 845, 917], 
704: [860, 918, 861], 
705: [918, 846, 861], 
706: [854, 848, 855], 
707: [848, 849, 855], 
708: [852, 850, 853], 
709: [850, 851, 853], 
710: [846, 847, 853], 
711: [847, 852, 853], 
712: [850, 854, 851], 
713: [854, 855, 851], 
714: [858, 919, 859], 
715: [919, 857, 859], 
716: [848, 858, 849], 
717: [858, 859, 849], 
718: [856, 860, 920], 
719: [860, 861, 920], 
720: [869, 862, 870], 
721: [866, 863, 870], 
722: [865, 864, 870], 
723: [870, 862, 865], 
724: [864, 866, 870], 
725: [868, 921, 870], 
726: [863, 868, 870], 
727: [867, 869, 870], 
728: [878, 871, 879], 
729: [878, 872, 875], 
730: [878, 873, 874], 
731: [922, 878, 874], 
732: [878, 875, 873], 
733: [878, 876, 877], 
734: [878, 877, 872], 
735: [878, 879, 923], 
736: [894, 881, 895], 
737: [881, 880, 895], 
738: [888, 882, 889], 
739: [882, 883, 889], 
740: [886, 884, 887], 
741: [884, 885, 887], 
742: [880, 881, 887], 
743: [881, 886, 887], 
744: [884, 888, 885], 
745: [888, 889, 885], 
746: [892, 924, 893], 
747: [924, 891, 893], 
748: [882, 892, 883], 
749: [892, 893, 883], 
750: [890, 894, 925], 
751: [894, 895, 925], 
752: [903, 896, 904], 
753: [900, 897, 904], 
754: [899, 898, 904], 
755: [904, 896, 899], 
756: [898, 900, 904], 
757: [902, 926, 904], 
758: [897, 902, 904], 
759: [901, 903, 904], 
760: [912, 905, 913], 
761: [912, 906, 909], 
762: [912, 907, 908], 
763: [905, 912, 908], 
764: [912, 909, 907], 
765: [912, 910, 911], 
766: [912, 911, 906], 
767: [912, 913, 927]]
Per Vertex Normals
[0: [1, 2.0536e-008, 0], 
 1: [1, -1.0268e-008, 0], 
 2: [-1, 1.0268e-008, 0], 
 3: [-1, 2.0536e-008, 0], 
 4: [2.0536e-008, -1, 0], 
 5: [-2.0536e-008, -1, 0], 
 6: [0.707107, -0.707107, 0], 
 7: [0.707107, -0.707107, 0], 
 8: [-0.707107, -0.707107, 0], 
 9: [-0.707107, -0.707107, 0], 
 10: [0.382683, 0.92388, 0], 
 11: [-0.382683, 0.92388, 0], 
 12: [-0.707107, 0.707107, 0], 
 13: [-0.707107, 0.707107, 0], 
 14: [0.707107, 0.707107, 0], 
 15: [0.707107, 0.707107, 0], 
 16: [0, 0, -1], 
 17: [0, 0, -1], 
 18: [0, 0, -1], 
 19: [0, 0, -1], 
 20: [0, 0, -1], 
 21: [0, 0, -1], 
 22: [0, 0, -1], 
 23: [0, 0, -1], 
 24: [0, 0, -1], 
 25: [0, 0, 1], 
 26: [0, 0, 1], 
 27: [0, 0, 1], 
 28: [0, 0, 1], 
 29: [0, 0, 1], 
 30: [0, 0, 1], 
 31: [0, 0, 1], 
 32: [0, 0, 1], 
 33: [0, 0, 1], 
 34: [1, -2.0536e-008, 0], 
 35: [0.92388, -0.382683, 0], 
 36: [-1, -3.08039e-008, 0], 
 37: [-1, -1.2835e-008, 0], 
 38: [3.08039e-008, -1, 0], 
 39: [1.2835e-008, -1, 0], 
 40: [0.707107, -0.707107, 0], 
 41: [0.707107, -0.707107, 0], 
 42: [-0.707107, -0.707107, 0], 
 43: [-0.707107, -0.707107, 0], 
 44: [0.382683, 0.92388, 0], 
 45: [-0.382683, 0.92388, 0], 
 46: [-0.707107, 0.707107, 0], 
 47: [-0.707107, 0.707107, 0], 
 48: [0.707107, 0.707107, 0], 
 49: [0.707107, 0.707107, 0], 
 50: [0, 0, -1], 
 51: [0, 0, -1], 
 52: [0, 0, -1], 
 53: [0, 0, -1], 
 54: [0, 0, -1], 
 55: [0, 0, -1], 
 56: [0, 0, -1], 
 57: [0, 0, -1], 
 58: [0, 0, -1], 
 59: [0, 0, 1], 
 60: [0, 0, 1], 
 61: [0, 0, 1], 
 62: [0, 0, 1], 
 63: [0, 0, 1], 
 64: [0, 0, 1], 
 65: [0, 0, 1], 
 66: [0, 0, 1], 
 67: [0, 0, 1], 
 68: [1, 0, 0], 
 69: [1, 7.70098e-009, 0], 
 70: [-1, 1.2835e-008, 0], 
 71: [-1, -1.2835e-008, 0], 
 72: [1.0268e-008, -1, 0], 
 73: [3.33709e-008, -1, 0], 
 74: [0.707107, -0.707107, 0], 
 75: [0.707107, -0.707107, 0], 
 76: [-0.707107, -0.707107, 0], 
 77: [-0.707107, -0.707107, 0], 
 78: [0.382683, 0.92388, 0], 
 79: [-0.382683, 0.92388, 3.96002e-007], 
 80: [-0.707107, 0.707107, 0], 
 81: [-0.707107, 0.707107, 1.7726e-008], 
 82: [0.707107, 0.707107, 0], 
 83: [0.707107, 0.707107, 0], 
 84: [0, 0, -1], 
 85: [0, 0, -1], 
 86: [0, 0, -1], 
 87: [0, 0, -1], 
 88: [0, 0, -1], 
 89: [0, 0, -1], 
 90: [0, 0, -1], 
 91: [0, 0, -1], 
 92: [0, 0, -1], 
 93: [0, 0, 1], 
 94: [0, 0, 1], 
 95: [0, 0, 1], 
 96: [0, 0, 1], 
 97: [0, 0, 1], 
 98: [0, 0, 1], 
 99: [0, 0, 1], 
 100: [0, 0, 1], 
 101: [0, 0, 1], 
 102: [-0.382683, 0.92388, 0], 
 103: [0.382683, 0.92388, 0], 
 104: [0, 0, -1], 
 105: [0, 0, 1], 
 106: [0.92388, 0.382683, 0], 
 107: [-0.382683, 0.92388, 0], 
 108: [0.382683, 0.92388, 0], 
 109: [0, 0, -1], 
 110: [0, 0, 1], 
 111: [0, 0, 1], 
 112: [-0.382683, 0.92388, 3.63249e-007], 
 113: [0.382683, 0.92388, 0], 
 114: [0, 0, -1], 
 115: [0, 0, 1], 
 116: [1, 2.0536e-008, 0], 
 117: [1, -1.0268e-008, 0], 
 118: [-1, 0, 0], 
 119: [-1, 1.0268e-008, 0], 
 120: [2.0536e-008, -1, 0], 
 121: [-2.0536e-008, -1, 0], 
 122: [0.707107, -0.707107, 0], 
 123: [0.707107, -0.707107, 0], 
 124: [-0.707107, -0.707107, 0], 
 125: [-0.707107, -0.707107, 0], 
 126: [0.382683, 0.92388, 0], 
 127: [-0.382683, 0.92388, 0], 
 128: [-0.707107, 0.707107, 0], 
 129: [-0.707107, 0.707107, 0], 
 130: [0.707107, 0.707107, 0], 
 131: [0.707107, 0.707107, 0], 
 132: [0, 0, -1], 
 133: [0, 0, -1], 
 134: [0, 0, -1], 
 135: [0, 0, -1], 
 136: [0, 0, -1], 
 137: [0, 0, -1], 
 138: [0, 0, -1], 
 139: [0, 0, -1], 
 140: [0, 0, -1], 
 141: [0, 0, 1], 
 142: [0, 0, 1], 
 143: [0, 0, 1], 
 144: [0, 0, 1], 
 145: [0, 0, 1], 
 146: [0, 0, 1], 
 147: [0, 0, 1], 
 148: [0, 0, 1], 
 149: [0, 0, 1], 
 150: [1, 0, 0], 
 151: [0.92388, -0.382683, 0], 
 152: [-1, -1.2835e-008, 0], 
 153: [-1, 1.15515e-008, 0], 
 154: [1.15515e-008, -1, 0], 
 155: [-1.15515e-008, -1, 0], 
 156: [0.707107, -0.707107, 0], 
 157: [0.707107, -0.707107, 0], 
 158: [-0.707107, -0.707107, 0], 
 159: [-0.707107, -0.707107, 0], 
 160: [0.382683, 0.92388, 0], 
 161: [-0.382683, 0.92388, 0], 
 162: [-0.707107, 0.707107, 0], 
 163: [-0.707107, 0.707107, 0], 
 164: [0.707107, 0.707107, 0], 
 165: [0.707107, 0.707107, 0], 
 166: [0, 0, -1], 
 167: [0, 0, -1], 
 168: [0, 0, -1], 
 169: [0, 0, -1], 
 170: [0, 0, -1], 
 171: [0, 0, -1], 
 172: [0, 0, -1], 
 173: [0, 0, -1], 
 174: [0, 0, -1], 
 175: [0, 0, 1], 
 176: [0, 0, 1], 
 177: [0, 0, 1], 
 178: [0, 0, 1], 
 179: [0, 0, 1], 
 180: [0, 0, 1], 
 181: [0, 0, 1], 
 182: [0, 0, 1], 
 183: [0, 0, 1], 
 184: [1, 0, 0], 
 185: [1, -2.95204e-008, 0], 
 186: [-1, -3.33709e-008, 0], 
 187: [-1, 1.15515e-008, 0], 
 188: [3.08039e-008, -1, 0], 
 189: [-3.08039e-008, -1, 0], 
 190: [0.707107, -0.707107, 0], 
 191: [0.707107, -0.707107, 0], 
 192: [-0.707107, -0.707107, 0], 
 193: [-0.707107, -0.707107, 0], 
 194: [0.382683, 0.92388, 0], 
 195: [-0.382683, 0.92388, 0], 
 196: [-0.707107, 0.707107, 0], 
 197: [-0.707107, 0.707107, 0], 
 198: [0.707107, 0.707107, 0], 
 199: [0.707107, 0.707107, 0], 
 200: [0, 0, -1], 
 201: [0, 0, -1], 
 202: [0, 0, -1], 
 203: [0, 0, -1], 
 204: [0, 0, -1], 
 205: [0, 0, -1], 
 206: [0, 0, -1], 
 207: [0, 0, -1], 
 208: [0, 0, -1], 
 209: [0, 0, 1], 
 210: [0, 0, 1], 
 211: [0, 0, 1], 
 212: [0, 0, 1], 
 213: [0, 0, 1], 
 214: [0, 0, 1], 
 215: [0, 0, 1], 
 216: [0, 0, 1], 
 217: [0, 0, 1], 
 218: [-0.382683, 0.92388, 0], 
 219: [0.382683, 0.92388, 0], 
 220: [0, 0, -1], 
 221: [0, 0, 1], 
 222: [0.92388, 0.382683, 0], 
 223: [-0.382683, 0.92388, 0], 
 224: [0.382683, 0.92388, 0], 
 225: [0, 0, -1], 
 226: [0, 0, 1], 
 227: [0, 0, 1], 
 228: [-0.382683, 0.92388, 0], 
 229: [0.382683, 0.92388, 0], 
 230: [0, 0, -1], 
 231: [0, 0, 1], 
 232: [1, 2.0536e-008, 0], 
 233: [1, -1.0268e-008, 0], 
 234: [-1, 1.0268e-008, 0], 
 235: [-1, 3.08039e-008, 0], 
 236: [0, -1, 0], 
 237: [0, -1, 0], 
 238: [0.707107, -0.707107, 0], 
 239: [0.707107, -0.707107, 0], 
 240: [-0.707107, -0.707107, 0], 
 241: [-0.707107, -0.707107, 0], 
 242: [0.382684, 0.92388, 0], 
 243: [-0.382684, 0.92388, 0], 
 244: [-0.707107, 0.707107, 0], 
 245: [-0.707107, 0.707107, 0], 
 246: [0.707107, 0.707107, 0], 
 247: [0.707107, 0.707107, 0], 
 248: [0, 0, -1], 
 249: [0, 0, -1], 
 250: [0, 0, -1], 
 251: [0, 0, -1], 
 252: [0, 0, -1], 
 253: [0, 0, -1], 
 254: [0, 0, -1], 
 255: [0, 0, -1], 
 256: [0, 0, -1], 
 257: [0, 0, 1], 
 258: [0, 0, 1], 
 259: [0, 0, 1], 
 260: [0, 0, 1], 
 261: [0, 0, 1], 
 262: [0, 0, 1], 
 263: [0, 0, 1], 
 264: [0, 0, 1], 
 265: [0, 0, 1], 
 266: [1, -2.0536e-008, 0], 
 267: [0.923879, -0.382684, 0], 
 268: [-1, -1.2835e-008, 0], 
 269: [-1, 1.15515e-008, 0], 
 270: [1.15515e-008, -1, 0], 
 271: [-1.15515e-008, -1, 0], 
 272: [0.707107, -0.707107, 0], 
 273: [0.707107, -0.707107, 0], 
 274: [-0.707107, -0.707107, 0], 
 275: [-0.707107, -0.707107, 0], 
 276: [0.382683, 0.92388, 0], 
 277: [-0.382683, 0.92388, 0], 
 278: [-0.707107, 0.707107, 0], 
 279: [-0.707107, 0.707107, 0], 
 280: [0.707107, 0.707107, 0], 
 281: [0.707107, 0.707107, 0], 
 282: [0, 0, -1], 
 283: [0, 0, -1], 
 284: [0, 0, -1], 
 285: [0, 0, -1], 
 286: [0, 0, -1], 
 287: [0, 0, -1], 
 288: [0, 0, -1], 
 289: [0, 0, -1], 
 290: [0, 0, -1], 
 291: [0, 0, 1], 
 292: [0, 0, 1], 
 293: [0, 0, 1], 
 294: [0, 0, 1], 
 295: [0, 0, 1], 
 296: [0, 0, 1], 
 297: [0, 0, 1], 
 298: [0, 0, 1], 
 299: [0, 0, 1], 
 300: [1, -2.0536e-008, 0], 
 301: [1, -2.18195e-008, 0], 
 302: [-1, -1.15515e-008, 0], 
 303: [-1, -3.08039e-008, 0], 
 304: [-1.0268e-008, -1, 0], 
 305: [1.0268e-008, -1, 0], 
 306: [0.707107, -0.707107, 0], 
 307: [0.707107, -0.707107, 0], 
 308: [-0.707107, -0.707107, 0], 
 309: [-0.707107, -0.707107, 0], 
 310: [0.382683, 0.92388, 0], 
 311: [-0.382683, 0.92388, 0], 
 312: [-0.707107, 0.707107, 0], 
 313: [-0.707107, 0.707107, 0], 
 314: [0.707107, 0.707107, 0], 
 315: [0.707107, 0.707107, 0], 
 316: [0, 0, -1], 
 317: [0, 0, -1], 
 318: [0, 0, -1], 
 319: [0, 0, -1], 
 320: [0, 0, -1], 
 321: [0, 0, -1], 
 322: [0, 0, -1], 
 323: [0, 0, -1], 
 324: [0, 0, -1], 
 325: [0, 0, 1], 
 326: [0, 0, 1], 
 327: [0, 0, 1], 
 328: [0, 0, 1], 
 329: [0, 0, 1], 
 330: [0, 0, 1], 
 331: [0, 0, 1], 
 332: [0, 0, 1], 
 333: [0, 0, 1], 
 334: [-0.382684, 0.92388, 0], 
 335: [0.382684, 0.92388, 0], 
 336: [0, 0, -1], 
 337: [0, 0, 1], 
 338: [0.923879, 0.382684, 0], 
 339: [-0.382683, 0.92388, 0], 
 340: [0.382683, 0.92388, 0], 
 341: [0, 0, -1], 
 342: [0, 0, 1], 
 343: [0, 0, 1], 
 344: [-0.382683, 0.92388, 0], 
 345: [0.382683, 0.92388, 0], 
 346: [0, 0, -1], 
 347: [0, 0, 1], 
 348: [1, 2.0536e-008, 0], 
 349: [1, -1.0268e-008, 0], 
 350: [-1, 1.0268e-008, 0], 
 351: [-1, 2.0536e-008, 0], 
 352: [4.10719e-008, -1, 0], 
 353: [2.0536e-008, -1, 0], 
 354: [0.707107, -0.707107, 0], 
 355: [0.707107, -0.707107, 0], 
 356: [-0.707107, -0.707107, 0], 
 357: [-0.707107, -0.707107, 0], 
 358: [0.382684, 0.92388, 0], 
 359: [-0.382683, 0.92388, 0], 
 360: [-0.707107, 0.707107, 0], 
 361: [-0.707107, 0.707107, 0], 
 362: [0.707107, 0.707107, 0], 
 363: [0.707107, 0.707107, 0], 
 364: [0, 0, -1], 
 365: [0, 0, -1], 
 366: [0, 0, -1], 
 367: [0, 0, -1], 
 368: [0, 0, -1], 
 369: [0, 0, -1], 
 370: [0, 0, -1], 
 371: [0, 0, -1], 
 372: [0, 0, -1], 
 373: [0, 0, 1], 
 374: [0, 0, 1], 
 375: [0, 0, 1], 
 376: [0, 0, 1], 
 377: [0, 0, 1], 
 378: [0, 0, 1], 
 379: [0, 0, 1], 
 380: [0, 0, 1], 
 381: [0, 0, 1], 
 382: [1, -2.0536e-008, 0], 
 383: [0.923879, -0.382684, 0], 
 384: [-1, -3.33709e-008, 0], 
 385: [-1, 1.15515e-008, 0], 
 386: [1.15515e-008, -1, 0], 
 387: [-1.15515e-008, -1, 0], 
 388: [0.707107, -0.707107, 0], 
 389: [0.707107, -0.707107, 0], 
 390: [-0.707107, -0.707107, 0], 
 391: [-0.707107, -0.707107, 0], 
 392: [0.382683, 0.92388, 0], 
 393: [-0.382683, 0.92388, 0], 
 394: [-0.707107, 0.707107, 0], 
 395: [-0.707107, 0.707107, 0], 
 396: [0.707107, 0.707107, 0], 
 397: [0.707107, 0.707107, 0], 
 398: [0, 0, -1], 
 399: [0, 0, -1], 
 400: [0, 0, -1], 
 401: [0, 0, -1], 
 402: [0, 0, -1], 
 403: [0, 0, -1], 
 404: [0, 0, -1], 
 405: [0, 0, -1], 
 406: [0, 0, -1], 
 407: [0, 0, 1], 
 408: [0, 0, 1], 
 409: [0, 0, 1], 
 410: [0, 0, 1], 
 411: [0, 0, 1], 
 412: [0, 0, 1], 
 413: [0, 0, 1], 
 414: [0, 0, 1], 
 415: [0, 0, 1], 
 416: [1, -2.0536e-008, 0], 
 417: [1, -2.0536e-008, 0], 
 418: [-1, -3.33709e-008, 0], 
 419: [-1, 1.15515e-008, 0], 
 420: [1.15515e-008, -1, 0], 
 421: [-1.15515e-008, -1, 0], 
 422: [0.707107, -0.707107, 0], 
 423: [0.707107, -0.707107, 0], 
 424: [-0.707107, -0.707107, 0], 
 425: [-0.707107, -0.707107, 0], 
 426: [0.382683, 0.92388, 0], 
 427: [-0.382683, 0.92388, 0], 
 428: [-0.707107, 0.707107, 0], 
 429: [-0.707107, 0.707107, 0], 
 430: [0.707107, 0.707107, 0], 
 431: [0.707107, 0.707107, 0], 
 432: [0, 0, -1], 
 433: [0, 0, -1], 
 434: [0, 0, -1], 
 435: [0, 0, -1], 
 436: [0, 0, -1], 
 437: [0, 0, -1], 
 438: [0, 0, -1], 
 439: [0, 0, -1], 
 440: [0, 0, -1], 
 441: [0, 0, 1], 
 442: [0, 0, 1], 
 443: [0, 0, 1], 
 444: [0, 0, 1], 
 445: [0, 0, 1], 
 446: [0, 0, 1], 
 447: [0, 0, 1], 
 448: [0, 0, 1], 
 449: [0, 0, 1], 
 450: [-0.382683, 0.92388, 0], 
 451: [0.382684, 0.92388, 0], 
 452: [0, 0, -1], 
 453: [0, 0, 1], 
 454: [0.923879, 0.382684, 0], 
 455: [-0.382683, 0.92388, 0], 
 456: [0.382683, 0.92388, 0], 
 457: [0, 0, -1], 
 458: [0, 0, 1], 
 459: [0, 0, 1], 
 460: [-0.382683, 0.92388, 0], 
 461: [0.382683, 0.92388, 0], 
 462: [0, 0, -1], 
 463: [0, 0, 1], 
 464: [1, 2.0536e-008, 0], 
 465: [1, -1.0268e-008, 0], 
 466: [-1, 1.0268e-008, 0], 
 467: [-1, 2.0536e-008, 0], 
 468: [1.0268e-008, -1, 0], 
 469: [0, -1, 0], 
 470: [0.707107, -0.707107, 0], 
 471: [0.707107, -0.707107, 0], 
 472: [-0.707107, -0.707107, 0], 
 473: [-0.707107, -0.707107, 0], 
 474: [0.382684, 0.92388, 0], 
 475: [-0.382683, 0.92388, 0], 
 476: [-0.707107, 0.707107, 0], 
 477: [-0.707107, 0.707107, 0], 
 478: [0.707107, 0.707107, 0], 
 479: [0.707107, 0.707107, 0], 
 480: [0, 0, -1], 
 481: [0, 0, -1], 
 482: [0, 0, -1], 
 483: [0, 0, -1], 
 484: [0, 0, -1], 
 485: [0, 0, -1], 
 486: [0, 0, -1], 
 487: [0, 0, -1], 
 488: [0, 0, -1], 
 489: [0, 0, 1], 
 490: [0, 0, 1], 
 491: [0, 0, 1], 
 492: [0, 0, 1], 
 493: [0, 0, 1], 
 494: [0, 0, 1], 
 495: [0, 0, 1], 
 496: [0, 0, 1], 
 497: [0, 0, 1], 
 498: [1, -2.0536e-008, 0], 
 499: [0.92388, -0.382683, 0], 
 500: [-1, -3.08039e-008, 0], 
 501: [-1, 7.70098e-009, 0], 
 502: [7.70098e-009, -1, 0], 
 503: [-3.08039e-008, -1, 0], 
 504: [0.707107, -0.707107, 0], 
 505: [0.707107, -0.707107, 0], 
 506: [-0.707107, -0.707107, 0], 
 507: [-0.707107, -0.707107, 0], 
 508: [0.382683, 0.92388, 0], 
 509: [-0.382683, 0.92388, 0], 
 510: [-0.707107, 0.707107, 0], 
 511: [-0.707107, 0.707107, 0], 
 512: [0.707107, 0.707107, 0], 
 513: [0.707107, 0.707107, 0], 
 514: [0, 0, -1], 
 515: [0, 0, -1], 
 516: [0, 0, -1], 
 517: [0, 0, -1], 
 518: [0, 0, -1], 
 519: [0, 0, -1], 
 520: [0, 0, -1], 
 521: [0, 0, -1], 
 522: [0, 0, -1], 
 523: [0, 0, 1], 
 524: [0, 0, 1], 
 525: [0, 0, 1], 
 526: [0, 0, 1], 
 527: [0, 0, 1], 
 528: [0, 0, 1], 
 529: [0, 0, 1], 
 530: [0, 0, 1], 
 531: [0, 0, 1], 
 532: [1, -2.0536e-008, 0], 
 533: [1, -1.92525e-008, 0], 
 534: [-1, -3.08039e-008, 0], 
 535: [-1, 7.70098e-009, 0], 
 536: [7.70098e-009, -1, 0], 
 537: [-3.08039e-008, -1, 0], 
 538: [0.707107, -0.707107, 0], 
 539: [0.707107, -0.707107, 0], 
 540: [-0.707107, -0.707107, 0], 
 541: [-0.707107, -0.707107, 0], 
 542: [0.382683, 0.92388, 0], 
 543: [-0.382683, 0.92388, 3.62059e-007], 
 544: [-0.707107, 0.707107, 0], 
 545: [-0.707107, 0.707107, 1.62066e-008], 
 546: [0.707107, 0.707107, 0], 
 547: [0.707107, 0.707107, 0], 
 548: [0, 0, -1], 
 549: [0, 0, -1], 
 550: [0, 0, -1], 
 551: [0, 0, -1], 
 552: [0, 0, -1], 
 553: [0, 0, -1], 
 554: [0, 0, -1], 
 555: [0, 0, -1], 
 556: [0, 0, -1], 
 557: [0, 0, 1], 
 558: [0, 0, 1], 
 559: [0, 0, 1], 
 560: [0, 0, 1], 
 561: [0, 0, 1], 
 562: [0, 0, 1], 
 563: [0, 0, 1], 
 564: [0, 0, 1], 
 565: [0, 0, 1], 
 566: [-0.382683, 0.92388, 0], 
 567: [0.382684, 0.92388, 0], 
 568: [0, 0, -1], 
 569: [0, 0, 1], 
 570: [0.92388, 0.382683, 0], 
 571: [-0.382683, 0.92388, 0], 
 572: [0.382683, 0.92388, 0], 
 573: [0, 0, -1], 
 574: [0, 0, 1], 
 575: [0, 0, 1], 
 576: [-0.382683, 0.92388, 3.32113e-007], 
 577: [0.382683, 0.92388, 0], 
 578: [0, 0, -1], 
 579: [0, 0, 1], 
 580: [1, 6.16079e-008, 0], 
 581: [1, 4.10719e-008, 0], 
 582: [-1, 3.08039e-008, 0], 
 583: [-1, 7.18759e-008, 0], 
 584: [2.0536e-008, -1, 0], 
 585: [-2.0536e-008, -1, 0], 
 586: [0.707107, -0.707107, 0], 
 587: [0.707107, -0.707107, 0], 
 588: [-0.707107, -0.707107, 0], 
 589: [-0.707107, -0.707107, 0], 
 590: [0.382683, 0.92388, 0], 
 591: [-0.382683, 0.92388, 0], 
 592: [-0.707107, 0.707107, 0], 
 593: [-0.707107, 0.707107, 0], 
 594: [0.707107, 0.707107, 0], 
 595: [0.707107, 0.707107, 0], 
 596: [0, 0, -1], 
 597: [0, 0, -1], 
 598: [0, 0, -1], 
 599: [0, 0, -1], 
 600: [0, 0, -1], 
 601: [0, 0, -1], 
 602: [0, 0, -1], 
 603: [0, 0, -1], 
 604: [0, 0, -1], 
 605: [0, 0, 1], 
 606: [0, 0, 1], 
 607: [0, 0, 1], 
 608: [0, 0, 1], 
 609: [0, 0, 1], 
 610: [0, 0, 1], 
 611: [0, 0, 1], 
 612: [0, 0, 1], 
 613: [0, 0, 1], 
 614: [1, 0, 0], 
 615: [0.92388, -0.382683, 0], 
 616: [-1, -1.2835e-008, 0], 
 617: [-1, 1.2835e-008, 0], 
 618: [-3.33709e-008, -1, 0], 
 619: [-5.39069e-008, -1, 0], 
 620: [0.707107, -0.707107, 0], 
 621: [0.707107, -0.707107, 0], 
 622: [-0.707107, -0.707107, 0], 
 623: [-0.707107, -0.707107, 0], 
 624: [0.382683, 0.92388, 0], 
 625: [-0.382683, 0.92388, 0], 
 626: [-0.707107, 0.707107, 0], 
 627: [-0.707107, 0.707107, 0], 
 628: [0.707107, 0.707107, 0], 
 629: [0.707107, 0.707107, 0], 
 630: [0, 0, -1], 
 631: [0, 0, -1], 
 632: [0, 0, -1], 
 633: [0, 0, -1], 
 634: [0, 0, -1], 
 635: [0, 0, -1], 
 636: [0, 0, -1], 
 637: [0, 0, -1], 
 638: [0, 0, -1], 
 639: [0, 0, 1], 
 640: [0, 0, 1], 
 641: [0, 0, 1], 
 642: [0, 0, 1], 
 643: [0, 0, 1], 
 644: [0, 0, 1], 
 645: [0, 0, 1], 
 646: [0, 0, 1], 
 647: [0, 0, 1], 
 648: [1, 0, 0], 
 649: [1, 2.56699e-009, 0], 
 650: [-1, 7.70098e-009, 0], 
 651: [-1, -7.70098e-009, 0], 
 652: [-5.39069e-008, -1, 0], 
 653: [-3.33709e-008, -1, 0], 
 654: [0.707107, -0.707107, 0], 
 655: [0.707107, -0.707107, 0], 
 656: [-0.707107, -0.707107, 0], 
 657: [-0.707107, -0.707107, 0], 
 658: [0.382683, 0.92388, 0], 
 659: [-0.382683, 0.92388, 0], 
 660: [-0.707107, 0.707107, 0], 
 661: [-0.707107, 0.707107, 0], 
 662: [0.707107, 0.707107, 0], 
 663: [0.707107, 0.707107, 0], 
 664: [0, 0, -1], 
 665: [0, 0, -1], 
 666: [0, 0, -1], 
 667: [0, 0, -1], 
 668: [0, 0, -1], 
 669: [0, 0, -1], 
 670: [0, 0, -1], 
 671: [0, 0, -1], 
 672: [0, 0, -1], 
 673: [0, 0, 1], 
 674: [0, 0, 1], 
 675: [0, 0, 1], 
 676: [0, 0, 1], 
 677: [0, 0, 1], 
 678: [0, 0, 1], 
 679: [0, 0, 1], 
 680: [0, 0, 1], 
 681: [0, 0, 1], 
 682: [-0.382683, 0.92388, 0], 
 683: [0.382683, 0.92388, 0], 
 684: [0, 0, -1], 
 685: [0, 0, 1], 
 686: [0.92388, 0.382683, 0], 
 687: [-0.382683, 0.92388, 0], 
 688: [0.382683, 0.92388, 0], 
 689: [0, 0, -1], 
 690: [0, 0, 1], 
 691: [0, 0, 1], 
 692: [-0.382683, 0.92388, 0], 
 693: [0.382683, 0.92388, 0], 
 694: [0, 0, -1], 
 695: [0, 0, 1], 
 696: [1, 6.16079e-008, 0], 
 697: [1, 4.10719e-008, 0], 
 698: [-1, 4.10719e-008, 0], 
 699: [-1, 6.16079e-008, 0], 
 700: [2.0536e-008, -1, 0], 
 701: [-2.0536e-008, -1, 0], 
 702: [0.707107, -0.707107, 0], 
 703: [0.707107, -0.707107, 0], 
 704: [-0.707107, -0.707107, 0], 
 705: [-0.707107, -0.707107, 0], 
 706: [0.382683, 0.92388, 0], 
 707: [-0.382683, 0.92388, 0], 
 708: [-0.707107, 0.707107, 0], 
 709: [-0.707107, 0.707107, 0], 
 710: [0.707107, 0.707107, 0], 
 711: [0.707107, 0.707107, 0], 
 712: [0, 0, -1], 
 713: [0, 0, -1], 
 714: [0, 0, -1], 
 715: [0, 0, -1], 
 716: [0, 0, -1], 
 717: [0, 0, -1], 
 718: [0, 0, -1], 
 719: [0, 0, -1], 
 720: [0, 0, -1], 
 721: [0, 0, 1], 
 722: [0, 0, 1], 
 723: [0, 0, 1], 
 724: [0, 0, 1], 
 725: [0, 0, 1], 
 726: [0, 0, 1], 
 727: [0, 0, 1], 
 728: [0, 0, 1], 
 729: [0, 0, 1], 
 730: [1, 0, 0], 
 731: [0.92388, -0.382683, 0], 
 732: [-1, -1.15515e-008, 0], 
 733: [-1, 1.15515e-008, 0], 
 734: [1.2835e-008, -1, 0], 
 735: [-1.2835e-008, -1, 0], 
 736: [0.707107, -0.707107, 0], 
 737: [0.707107, -0.707107, 0], 
 738: [-0.707107, -0.707107, 0], 
 739: [-0.707107, -0.707107, 0], 
 740: [0.382683, 0.92388, 0], 
 741: [-0.382683, 0.92388, 0], 
 742: [-0.707107, 0.707107, 0], 
 743: [-0.707107, 0.707107, 0], 
 744: [0.707107, 0.707107, 0], 
 745: [0.707107, 0.707107, 0], 
 746: [0, 0, -1], 
 747: [0, 0, -1], 
 748: [0, 0, -1], 
 749: [0, 0, -1], 
 750: [0, 0, -1], 
 751: [0, 0, -1], 
 752: [0, 0, -1], 
 753: [0, 0, -1], 
 754: [0, 0, -1], 
 755: [0, 0, 1], 
 756: [0, 0, 1], 
 757: [0, 0, 1], 
 758: [0, 0, 1], 
 759: [0, 0, 1], 
 760: [0, 0, 1], 
 761: [0, 0, 1], 
 762: [0, 0, 1], 
 763: [0, 0, 1], 
 764: [1, 0, 0], 
 765: [1, -7.70098e-009, 0], 
 766: [-1, -1.15515e-008, 0], 
 767: [-1, 1.15515e-008, 0], 
 768: [3.33709e-008, -1, 0], 
 769: [-1.15515e-008, -1, 0], 
 770: [0.707107, -0.707107, 0], 
 771: [0.707107, -0.707107, 0], 
 772: [-0.707107, -0.707107, 0], 
 773: [-0.707107, -0.707107, 0], 
 774: [0.382683, 0.92388, 0], 
 775: [-0.382683, 0.92388, 3.62059e-007], 
 776: [-0.707107, 0.707107, 0], 
 777: [-0.707107, 0.707107, 1.62066e-008], 
 778: [0.707107, 0.707107, 0], 
 779: [0.707107, 0.707107, 0], 
 780: [0, 0, -1], 
 781: [0, 0, -1], 
 782: [0, 0, -1], 
 783: [0, 0, -1], 
 784: [0, 0, -1], 
 785: [0, 0, -1], 
 786: [0, 0, -1], 
 787: [0, 0, -1], 
 788: [0, 0, -1], 
 789: [0, 0, 1], 
 790: [0, 0, 1], 
 791: [0, 0, 1], 
 792: [0, 0, 1], 
 793: [0, 0, 1], 
 794: [0, 0, 1], 
 795: [0, 0, 1], 
 796: [0, 0, 1], 
 797: [0, 0, 1], 
 798: [-0.382683, 0.92388, 0], 
 799: [0.382683, 0.92388, 0], 
 800: [0, 0, -1], 
 801: [0, 0, 1], 
 802: [0.92388, 0.382683, 0], 
 803: [-0.382683, 0.92388, 0], 
 804: [0.382683, 0.92388, 0], 
 805: [0, 0, -1], 
 806: [0, 0, 1], 
 807: [0, 0, 1], 
 808: [-0.382683, 0.92388, 3.32113e-007], 
 809: [0.382683, 0.92388, 0], 
 810: [0, 0, -1], 
 811: [0, 0, 1], 
 812: [1, 6.16079e-008, 0], 
 813: [1, 4.10719e-008, 0], 
 814: [-1, 3.08039e-008, 0], 
 815: [-1, 6.16079e-008, 0], 
 816: [2.0536e-008, -1, 0], 
 817: [-2.0536e-008, -1, 0], 
 818: [0.707107, -0.707107, 0], 
 819: [0.707107, -0.707107, 0], 
 820: [-0.707107, -0.707107, 0], 
 821: [-0.707107, -0.707107, 0], 
 822: [0.382683, 0.92388, 0], 
 823: [-0.382683, 0.92388, 0], 
 824: [-0.707107, 0.707107, 0], 
 825: [-0.707107, 0.707107, 0], 
 826: [0.707107, 0.707107, 0], 
 827: [0.707107, 0.707107, 0], 
 828: [0, 0, -1], 
 829: [0, 0, -1], 
 830: [0, 0, -1], 
 831: [0, 0, -1], 
 832: [0, 0, -1], 
 833: [0, 0, -1], 
 834: [0, 0, -1], 
 835: [0, 0, -1], 
 836: [0, 0, -1], 
 837: [0, 0, 1], 
 838: [0, 0, 1], 
 839: [0, 0, 1], 
 840: [0, 0, 1], 
 841: [0, 0, 1], 
 842: [0, 0, 1], 
 843: [0, 0, 1], 
 844: [0, 0, 1], 
 845: [0, 0, 1], 
 846: [1, 0, 0], 
 847: [0.92388, -0.382683, 0], 
 848: [-1, -1.2835e-008, 0], 
 849: [-1, 1.2835e-008, 0], 
 850: [1.2835e-008, -1, 0], 
 851: [-1.2835e-008, -1, 0], 
 852: [0.707107, -0.707107, 0], 
 853: [0.707107, -0.707107, 0], 
 854: [-0.707107, -0.707107, 0], 
 855: [-0.707107, -0.707107, 0], 
 856: [0.382683, 0.92388, 0], 
 857: [-0.382683, 0.92388, 0], 
 858: [-0.707107, 0.707107, 0], 
 859: [-0.707107, 0.707107, 0], 
 860: [0.707107, 0.707107, 0], 
 861: [0.707107, 0.707107, 0], 
 862: [0, 0, -1], 
 863: [0, 0, -1], 
 864: [0, 0, -1], 
 865: [0, 0, -1], 
 866: [0, 0, -1], 
 867: [0, 0, -1], 
 868: [0, 0, -1], 
 869: [0, 0, -1], 
 870: [0, 0, -1], 
 871: [0, 0, 1], 
 872: [0, 0, 1], 
 873: [0, 0, 1], 
 874: [0, 0, 1], 
 875: [0, 0, 1], 
 876: [0, 0, 1], 
 877: [0, 0, 1], 
 878: [0, 0, 1], 
 879: [0, 0, 1], 
 880: [1, 0, 0], 
 881: [1, -7.70098e-009, 0], 
 882: [-1, -3.33709e-008, 0], 
 883: [-1, 3.33709e-008, 0], 
 884: [3.33709e-008, -1, 0], 
 885: [-3.33709e-008, -1, 0], 
 886: [0.707107, -0.707107, 0], 
 887: [0.707107, -0.707107, 0], 
 888: [-0.707107, -0.707107, 0], 
 889: [-0.707107, -0.707107, 0], 
 890: [0.382683, 0.92388, 0], 
 891: [-0.382683, 0.92388, 0], 
 892: [-0.707107, 0.707107, 0], 
 893: [-0.707107, 0.707107, 0], 
 894: [0.707107, 0.707107, 0], 
 895: [0.707107, 0.707107, 0], 
 896: [0, 0, -1], 
 897: [0, 0, -1], 
 898: [0, 0, -1], 
 899: [0, 0, -1], 
 900: [0, 0, -1], 
 901: [0, 0, -1], 
 902: [0, 0, -1], 
 903: [0, 0, -1], 
 904: [0, 0, -1], 
 905: [0, 0, 1], 
 906: [0, 0, 1], 
 907: [0, 0, 1], 
 908: [0, 0, 1], 
 909: [0, 0, 1], 
 910: [0, 0, 1], 
 911: [0, 0, 1], 
 912: [0, 0, 1], 
 913: [0, 0, 1], 
 914: [-0.382683, 0.92388, 0], 
 915: [0.382683, 0.92388, 0], 
 916: [0, 0, -1], 
 917: [0, 0, 1], 
 918: [0.92388, 0.382683, 0], 
 919: [-0.382683, 0.92388, 0], 
 920: [0.382683, 0.92388, 0], 
 921: [0, 0, -1], 
 922: [0, 0, 1], 
 923: [0, 0, 1], 
 924: [-0.382683, 0.92388, 0], 
 925: [0.382683, 0.92388, 0], 
 926: [0, 0, -1], 
 927: [0, 0, 1]]
Texture Coordinates
[0: [0.25, 0.0238095],
1: [0.25, 0.976191],
2: [0.75, 0.976191],
3: [0.75, 0.0238095],
4: [1, 0.976191],
5: [1, 0.0238095],
6: [0.850595, 0.976191],
7: [0.850595, 0.0238095],
8: [0.875, 0.976191],
9: [0.875, 0.0238095],
10: [0.5, 0.976191],
11: [0.5, 0.0238096],
12: [0.625, 0.976191],
13: [0.625, 0.0238096],
14: [0.375, 0.976191],
15: [0.375, 0.0238096],
16: [0.97619, 0.5],
17: [0.0238095, 0.5],
18: [0.5, 0.0238095],
19: [0.836717, 0.163282],
20: [0.163282, 0.163282],
21: [0.5, 0.976191],
22: [0.163282, 0.836718],
23: [0.836717, 0.836718],
24: [0.5, 0.5],
25: [0.97619, 0.5],
26: [0.0238095, 0.5],
27: [0.5, 0.0238095],
28: [0.836717, 0.163282],
29: [0.163282, 0.163282],
30: [0.5, 0.976191],
31: [0.163282, 0.836718],
32: [0.5, 0.5],
33: [0.836717, 0.836718],
34: [0.25, 0.717064],
35: [0.25, 0.767063],
36: [0.75, 0.767063],
37: [0.75, 0.717064],
38: [1, 0.767063],
39: [1, 0.717063],
40: [0.850595, 0.767063],
41: [0.850595, 0.717063],
42: [0.875, 0.767063],
43: [0.875, 0.717063],
44: [0.5, 0.767063],
45: [0.5, 0.717064],
46: [0.625, 0.767063],
47: [0.625, 0.717064],
48: [0.375, 0.767063],
49: [0.375, 0.717064],
50: [0.25, 0.717064],
51: [0.75, 0.717064],
52: [1, 0.717063],
53: [0.850595, 0.717063],
54: [0.875, 0.717063],
55: [0.5, 0.717064],
56: [0.625, 0.717064],
57: [0.375, 0.717064],
58: [0.5, 0.717063],
59: [0.25, 0.767063],
60: [0.75, 0.767063],
61: [1, 0.767063],
62: [0.850595, 0.767063],
63: [0.875, 0.767063],
64: [0.5, 0.767063],
65: [0.625, 0.767063],
66: [0.5, 0.767064],
67: [0.375, 0.767063],
68: [0.25, 0.233261],
69: [0.25, 0.283261],
70: [0.75, 0.283261],
71: [0.75, 0.233261],
72: [1, 0.283261],
73: [1, 0.233261],
74: [0.850595, 0.283261],
75: [0.850595, 0.233261],
76: [0.875, 0.283261],
77: [0.875, 0.233261],
78: [0.5, 0.283261],
79: [0.5, 0.233261],
80: [0.625, 0.283261],
81: [0.625, 0.233261],
82: [0.375, 0.283261],
83: [0.375, 0.233261],
84: [0.25, 0.233261],
85: [0.75, 0.233261],
86: [1, 0.233261],
87: [0.850595, 0.233261],
88: [0.875, 0.233261],
89: [0.5, 0.233261],
90: [0.625, 0.233261],
91: [0.375, 0.233261],
92: [0.5, 0.233261],
93: [0.25, 0.283261],
94: [0.75, 0.283261],
95: [1, 0.283261],
96: [0.850595, 0.283261],
97: [0.875, 0.283261],
98: [0.5, 0.283261],
99: [0.625, 0.283261],
100: [0.5, 0.283261],
101: [0.375, 0.283261],
102: [0.5, 0.976191],
103: [0.5, 0.0238096],
104: [0.5, 0.976191],
105: [0.5, 0.976191],
106: [0.25, 0.767063],
107: [0.5, 0.767063],
108: [0.5, 0.717064],
109: [0.5, 0.717064],
110: [0.25, 0.767063],
111: [0.5, 0.767063],
112: [0.5, 0.283261],
113: [0.5, 0.233261],
114: [0.5, 0.233261],
115: [0.5, 0.283261],
116: [0.25, 0.0238095],
117: [0.25, 0.976191],
118: [0.75, 0.976191],
119: [0.75, 0.0238095],
120: [1, 0.976191],
121: [1, 0.0238095],
122: [0.850595, 0.976191],
123: [0.850595, 0.0238095],
124: [0.875, 0.976191],
125: [0.875, 0.0238095],
126: [0.5, 0.976191],
127: [0.5, 0.0238096],
128: [0.625, 0.976191],
129: [0.625, 0.0238096],
130: [0.375, 0.976191],
131: [0.375, 0.0238096],
132: [0.97619, 0.5],
133: [0.0238095, 0.5],
134: [0.5, 0.0238095],
135: [0.836717, 0.163282],
136: [0.163282, 0.163282],
137: [0.5, 0.976191],
138: [0.163282, 0.836718],
139: [0.836717, 0.836718],
140: [0.5, 0.5],
141: [0.97619, 0.5],
142: [0.0238095, 0.5],
143: [0.5, 0.0238095],
144: [0.836717, 0.163282],
145: [0.163282, 0.163282],
146: [0.5, 0.976191],
147: [0.163282, 0.836718],
148: [0.5, 0.5],
149: [0.836717, 0.836718],
150: [0.25, 0.717064],
151: [0.25, 0.767063],
152: [0.75, 0.767063],
153: [0.75, 0.717064],
154: [1, 0.767063],
155: [1, 0.717063],
156: [0.850595, 0.767063],
157: [0.850595, 0.717063],
158: [0.875, 0.767063],
159: [0.875, 0.717063],
160: [0.5, 0.767063],
161: [0.5, 0.717064],
162: [0.625, 0.767063],
163: [0.625, 0.717064],
164: [0.375, 0.767063],
165: [0.375, 0.717064],
166: [0.25, 0.717064],
167: [0.75, 0.717064],
168: [1, 0.717063],
169: [0.850595, 0.717063],
170: [0.875, 0.717063],
171: [0.5, 0.717064],
172: [0.625, 0.717064],
173: [0.375, 0.717064],
174: [0.5, 0.717063],
175: [0.25, 0.767063],
176: [0.75, 0.767063],
177: [1, 0.767063],
178: [0.850595, 0.767063],
179: [0.875, 0.767063],
180: [0.5, 0.767063],
181: [0.625, 0.767063],
182: [0.5, 0.767064],
183: [0.375, 0.767063],
184: [0.25, 0.233261],
185: [0.25, 0.283261],
186: [0.75, 0.283261],
187: [0.75, 0.233261],
188: [1, 0.283261],
189: [1, 0.233261],
190: [0.850595, 0.283261],
191: [0.850595, 0.233261],
192: [0.875, 0.283261],
193: [0.875, 0.233261],
194: [0.5, 0.283261],
195: [0.5, 0.233261],
196: [0.625, 0.283261],
197: [0.625, 0.233261],
198: [0.375, 0.283261],
199: [0.375, 0.233261],
200: [0.25, 0.233261],
201: [0.75, 0.233261],
202: [1, 0.233261],
203: [0.850595, 0.233261],
204: [0.875, 0.233261],
205: [0.5, 0.233261],
206: [0.625, 0.233261],
207: [0.375, 0.233261],
208: [0.5, 0.233261],
209: [0.25, 0.283261],
210: [0.75, 0.283261],
211: [1, 0.283261],
212: [0.850595, 0.283261],
213: [0.875, 0.283261],
214: [0.5, 0.283261],
215: [0.625, 0.283261],
216: [0.5, 0.283261],
217: [0.375, 0.283261],
218: [0.5, 0.976191],
219: [0.5, 0.0238096],
220: [0.5, 0.976191],
221: [0.5, 0.976191],
222: [0.25, 0.767063],
223: [0.5, 0.767063],
224: [0.5, 0.717064],
225: [0.5, 0.717064],
226: [0.25, 0.767063],
227: [0.5, 0.767063],
228: [0.5, 0.283261],
229: [0.5, 0.233261],
230: [0.5, 0.233261],
231: [0.5, 0.283261],
232: [0.25, 0.0238095],
233: [0.25, 0.976191],
234: [0.75, 0.976191],
235: [0.75, 0.0238095],
236: [1, 0.976191],
237: [1, 0.0238095],
238: [0.850595, 0.976191],
239: [0.850595, 0.0238095],
240: [0.875, 0.976191],
241: [0.875, 0.0238095],
242: [0.5, 0.976191],
243: [0.5, 0.0238096],
244: [0.625, 0.976191],
245: [0.625, 0.0238096],
246: [0.375, 0.976191],
247: [0.375, 0.0238096],
248: [0.97619, 0.5],
249: [0.0238095, 0.5],
250: [0.5, 0.0238095],
251: [0.836717, 0.163282],
252: [0.163282, 0.163282],
253: [0.5, 0.976191],
254: [0.163282, 0.836718],
255: [0.836717, 0.836718],
256: [0.5, 0.5],
257: [0.97619, 0.5],
258: [0.0238095, 0.5],
259: [0.5, 0.0238095],
260: [0.836717, 0.163282],
261: [0.163282, 0.163282],
262: [0.5, 0.976191],
263: [0.163282, 0.836718],
264: [0.5, 0.5],
265: [0.836717, 0.836718],
266: [0.25, 0.717064],
267: [0.25, 0.767063],
268: [0.75, 0.767063],
269: [0.75, 0.717064],
270: [1, 0.767063],
271: [1, 0.717063],
272: [0.850595, 0.767063],
273: [0.850595, 0.717063],
274: [0.875, 0.767063],
275: [0.875, 0.717063],
276: [0.5, 0.767063],
277: [0.5, 0.717064],
278: [0.625, 0.767063],
279: [0.625, 0.717064],
280: [0.375, 0.767063],
281: [0.375, 0.717064],
282: [0.25, 0.717064],
283: [0.75, 0.717064],
284: [1, 0.717063],
285: [0.850595, 0.717063],
286: [0.875, 0.717063],
287: [0.5, 0.717064],
288: [0.625, 0.717064],
289: [0.375, 0.717064],
290: [0.5, 0.717063],
291: [0.25, 0.767063],
292: [0.75, 0.767063],
293: [1, 0.767063],
294: [0.850595, 0.767063],
295: [0.875, 0.767063],
296: [0.5, 0.767063],
297: [0.625, 0.767063],
298: [0.5, 0.767064],
299: [0.375, 0.767063],
300: [0.25, 0.233261],
301: [0.25, 0.283261],
302: [0.75, 0.283261],
303: [0.75, 0.233261],
304: [1, 0.283261],
305: [1, 0.233261],
306: [0.850595, 0.283261],
307: [0.850595, 0.233261],
308: [0.875, 0.283261],
309: [0.875, 0.233261],
310: [0.5, 0.283261],
311: [0.5, 0.233261],
312: [0.625, 0.283261],
313: [0.625, 0.233261],
314: [0.375, 0.283261],
315: [0.375, 0.233261],
316: [0.25, 0.233261],
317: [0.75, 0.233261],
318: [1, 0.233261],
319: [0.850595, 0.233261],
320: [0.875, 0.233261],
321: [0.5, 0.233261],
322: [0.625, 0.233261],
323: [0.375, 0.233261],
324: [0.5, 0.233261],
325: [0.25, 0.283261],
326: [0.75, 0.283261],
327: [1, 0.283261],
328: [0.850595, 0.283261],
329: [0.875, 0.283261],
330: [0.5, 0.283261],
331: [0.625, 0.283261],
332: [0.5, 0.283261],
333: [0.375, 0.283261],
334: [0.5, 0.976191],
335: [0.5, 0.0238096],
336: [0.5, 0.976191],
337: [0.5, 0.976191],
338: [0.25, 0.767063],
339: [0.5, 0.767063],
340: [0.5, 0.717064],
341: [0.5, 0.717064],
342: [0.25, 0.767063],
343: [0.5, 0.767063],
344: [0.5, 0.283261],
345: [0.5, 0.233261],
346: [0.5, 0.233261],
347: [0.5, 0.283261],
348: [0.25, 0.0238095],
349: [0.25, 0.976191],
350: [0.75, 0.976191],
351: [0.75, 0.0238095],
352: [1, 0.976191],
353: [1, 0.0238095],
354: [0.850595, 0.976191],
355: [0.850595, 0.0238095],
356: [0.875, 0.976191],
357: [0.875, 0.0238095],
358: [0.5, 0.976191],
359: [0.5, 0.0238096],
360: [0.625, 0.976191],
361: [0.625, 0.0238096],
362: [0.375, 0.976191],
363: [0.375, 0.0238096],
364: [0.97619, 0.5],
365: [0.0238095, 0.5],
366: [0.5, 0.0238095],
367: [0.836717, 0.163282],
368: [0.163282, 0.163282],
369: [0.5, 0.976191],
370: [0.163282, 0.836718],
371: [0.836717, 0.836718],
372: [0.5, 0.5],
373: [0.97619, 0.5],
374: [0.0238095, 0.5],
375: [0.5, 0.0238095],
376: [0.836717, 0.163282],
377: [0.163282, 0.163282],
378: [0.5, 0.976191],
379: [0.163282, 0.836718],
380: [0.5, 0.5],
381: [0.836717, 0.836718],
382: [0.25, 0.717064],
383: [0.25, 0.767063],
384: [0.75, 0.767063],
385: [0.75, 0.717064],
386: [1, 0.767063],
387: [1, 0.717063],
388: [0.850595, 0.767063],
389: [0.850595, 0.717063],
390: [0.875, 0.767063],
391: [0.875, 0.717063],
392: [0.5, 0.767063],
393: [0.5, 0.717064],
394: [0.625, 0.767063],
395: [0.625, 0.717064],
396: [0.375, 0.767063],
397: [0.375, 0.717064],
398: [0.25, 0.717064],
399: [0.75, 0.717064],
400: [1, 0.717063],
401: [0.850595, 0.717063],
402: [0.875, 0.717063],
403: [0.5, 0.717064],
404: [0.625, 0.717064],
405: [0.375, 0.717064],
406: [0.5, 0.717063],
407: [0.25, 0.767063],
408: [0.75, 0.767063],
409: [1, 0.767063],
410: [0.850595, 0.767063],
411: [0.875, 0.767063],
412: [0.5, 0.767063],
413: [0.625, 0.767063],
414: [0.5, 0.767064],
415: [0.375, 0.767063],
416: [0.25, 0.233261],
417: [0.25, 0.283261],
418: [0.75, 0.283261],
419: [0.75, 0.233261],
420: [1, 0.283261],
421: [1, 0.233261],
422: [0.850595, 0.283261],
423: [0.850595, 0.233261],
424: [0.875, 0.283261],
425: [0.875, 0.233261],
426: [0.5, 0.283261],
427: [0.5, 0.233261],
428: [0.625, 0.283261],
429: [0.625, 0.233261],
430: [0.375, 0.283261],
431: [0.375, 0.233261],
432: [0.25, 0.233261],
433: [0.75, 0.233261],
434: [1, 0.233261],
435: [0.850595, 0.233261],
436: [0.875, 0.233261],
437: [0.5, 0.233261],
438: [0.625, 0.233261],
439: [0.375, 0.233261],
440: [0.5, 0.233261],
441: [0.25, 0.283261],
442: [0.75, 0.283261],
443: [1, 0.283261],
444: [0.850595, 0.283261],
445: [0.875, 0.283261],
446: [0.5, 0.283261],
447: [0.625, 0.283261],
448: [0.5, 0.283261],
449: [0.375, 0.283261],
450: [0.5, 0.976191],
451: [0.5, 0.0238096],
452: [0.5, 0.976191],
453: [0.5, 0.976191],
454: [0.25, 0.767063],
455: [0.5, 0.767063],
456: [0.5, 0.717064],
457: [0.5, 0.717064],
458: [0.25, 0.767063],
459: [0.5, 0.767063],
460: [0.5, 0.283261],
461: [0.5, 0.233261],
462: [0.5, 0.233261],
463: [0.5, 0.283261],
464: [0.25, 0.0238095],
465: [0.25, 0.976191],
466: [0.75, 0.976191],
467: [0.75, 0.0238095],
468: [1, 0.976191],
469: [1, 0.0238095],
470: [0.850595, 0.976191],
471: [0.850595, 0.0238095],
472: [0.875, 0.976191],
473: [0.875, 0.0238095],
474: [0.5, 0.976191],
475: [0.5, 0.0238096],
476: [0.625, 0.976191],
477: [0.625, 0.0238096],
478: [0.375, 0.976191],
479: [0.375, 0.0238096],
480: [0.97619, 0.5],
481: [0.0238095, 0.5],
482: [0.5, 0.0238095],
483: [0.836717, 0.163282],
484: [0.163282, 0.163282],
485: [0.5, 0.976191],
486: [0.163282, 0.836718],
487: [0.836717, 0.836718],
488: [0.5, 0.5],
489: [0.97619, 0.5],
490: [0.0238095, 0.5],
491: [0.5, 0.0238095],
492: [0.836717, 0.163282],
493: [0.163282, 0.163282],
494: [0.5, 0.976191],
495: [0.163282, 0.836718],
496: [0.5, 0.5],
497: [0.836717, 0.836718],
498: [0.25, 0.717064],
499: [0.25, 0.767063],
500: [0.75, 0.767063],
501: [0.75, 0.717064],
502: [1, 0.767063],
503: [1, 0.717063],
504: [0.850595, 0.767063],
505: [0.850595, 0.717063],
506: [0.875, 0.767063],
507: [0.875, 0.717063],
508: [0.5, 0.767063],
509: [0.5, 0.717064],
510: [0.625, 0.767063],
511: [0.625, 0.717064],
512: [0.375, 0.767063],
513: [0.375, 0.717064],
514: [0.25, 0.717064],
515: [0.75, 0.717064],
516: [1, 0.717063],
517: [0.850595, 0.717063],
518: [0.875, 0.717063],
519: [0.5, 0.717064],
520: [0.625, 0.717064],
521: [0.375, 0.717064],
522: [0.5, 0.717063],
523: [0.25, 0.767063],
524: [0.75, 0.767063],
525: [1, 0.767063],
526: [0.850595, 0.767063],
527: [0.875, 0.767063],
528: [0.5, 0.767063],
529: [0.625, 0.767063],
530: [0.5, 0.767064],
531: [0.375, 0.767063],
532: [0.25, 0.233261],
533: [0.25, 0.283261],
534: [0.75, 0.283261],
535: [0.75, 0.233261],
536: [1, 0.283261],
537: [1, 0.233261],
538: [0.850595, 0.283261],
539: [0.850595, 0.233261],
540: [0.875, 0.283261],
541: [0.875, 0.233261],
542: [0.5, 0.283261],
543: [0.5, 0.233261],
544: [0.625, 0.283261],
545: [0.625, 0.233261],
546: [0.375, 0.283261],
547: [0.375, 0.233261],
548: [0.25, 0.233261],
549: [0.75, 0.233261],
550: [1, 0.233261],
551: [0.850595, 0.233261],
552: [0.875, 0.233261],
553: [0.5, 0.233261],
554: [0.625, 0.233261],
555: [0.375, 0.233261],
556: [0.5, 0.233261],
557: [0.25, 0.283261],
558: [0.75, 0.283261],
559: [1, 0.283261],
560: [0.850595, 0.283261],
561: [0.875, 0.283261],
562: [0.5, 0.283261],
563: [0.625, 0.283261],
564: [0.5, 0.283261],
565: [0.375, 0.283261],
566: [0.5, 0.976191],
567: [0.5, 0.0238096],
568: [0.5, 0.976191],
569: [0.5, 0.976191],
570: [0.25, 0.767063],
571: [0.5, 0.767063],
572: [0.5, 0.717064],
573: [0.5, 0.717064],
574: [0.25, 0.767063],
575: [0.5, 0.767063],
576: [0.5, 0.283261],
577: [0.5, 0.233261],
578: [0.5, 0.233261],
579: [0.5, 0.283261],
580: [0.25, 0.0238095],
581: [0.25, 0.976191],
582: [0.75, 0.976191],
583: [0.75, 0.0238095],
584: [1, 0.976191],
585: [1, 0.0238095],
586: [0.850595, 0.976191],
587: [0.850595, 0.0238095],
588: [0.875, 0.976191],
589: [0.875, 0.0238095],
590: [0.5, 0.976191],
591: [0.5, 0.0238096],
592: [0.625, 0.976191],
593: [0.625, 0.0238096],
594: [0.375, 0.976191],
595: [0.375, 0.0238096],
596: [0.97619, 0.5],
597: [0.0238095, 0.5],
598: [0.5, 0.0238095],
599: [0.836717, 0.163282],
600: [0.163282, 0.163282],
601: [0.5, 0.976191],
602: [0.163282, 0.836718],
603: [0.836717, 0.836718],
604: [0.5, 0.5],
605: [0.97619, 0.5],
606: [0.0238095, 0.5],
607: [0.5, 0.0238095],
608: [0.836717, 0.163282],
609: [0.163282, 0.163282],
610: [0.5, 0.976191],
611: [0.163282, 0.836718],
612: [0.5, 0.5],
613: [0.836717, 0.836718],
614: [0.25, 0.717064],
615: [0.25, 0.767063],
616: [0.75, 0.767063],
617: [0.75, 0.717064],
618: [1, 0.767063],
619: [1, 0.717063],
620: [0.850595, 0.767063],
621: [0.850595, 0.717063],
622: [0.875, 0.767063],
623: [0.875, 0.717063],
624: [0.5, 0.767063],
625: [0.5, 0.717064],
626: [0.625, 0.767063],
627: [0.625, 0.717064],
628: [0.375, 0.767063],
629: [0.375, 0.717064],
630: [0.25, 0.717064],
631: [0.75, 0.717064],
632: [1, 0.717063],
633: [0.850595, 0.717063],
634: [0.875, 0.717063],
635: [0.5, 0.717064],
636: [0.625, 0.717064],
637: [0.375, 0.717064],
638: [0.5, 0.717063],
639: [0.25, 0.767063],
640: [0.75, 0.767063],
641: [1, 0.767063],
642: [0.850595, 0.767063],
643: [0.875, 0.767063],
644: [0.5, 0.767063],
645: [0.625, 0.767063],
646: [0.5, 0.767064],
647: [0.375, 0.767063],
648: [0.25, 0.233261],
649: [0.25, 0.283261],
650: [0.75, 0.283261],
651: [0.75, 0.233261],
652: [1, 0.283261],
653: [1, 0.233261],
654: [0.850595, 0.283261],
655: [0.850595, 0.233261],
656: [0.875, 0.283261],
657: [0.875, 0.233261],
658: [0.5, 0.283261],
659: [0.5, 0.233261],
660: [0.625, 0.283261],
661: [0.625, 0.233261],
662: [0.375, 0.283261],
663: [0.375, 0.233261],
664: [0.25, 0.233261],
665: [0.75, 0.233261],
666: [1, 0.233261],
667: [0.850595, 0.233261],
668: [0.875, 0.233261],
669: [0.5, 0.233261],
670: [0.625, 0.233261],
671: [0.375, 0.233261],
672: [0.5, 0.233261],
673: [0.25, 0.283261],
674: [0.75, 0.283261],
675: [1, 0.283261],
676: [0.850595, 0.283261],
677: [0.875, 0.283261],
678: [0.5, 0.283261],
679: [0.625, 0.283261],
680: [0.5, 0.283261],
681: [0.375, 0.283261],
682: [0.5, 0.976191],
683: [0.5, 0.0238096],
684: [0.5, 0.976191],
685: [0.5, 0.976191],
686: [0.25, 0.767063],
687: [0.5, 0.767063],
688: [0.5, 0.717064],
689: [0.5, 0.717064],
690: [0.25, 0.767063],
691: [0.5, 0.767063],
692: [0.5, 0.283261],
693: [0.5, 0.233261],
694: [0.5, 0.233261],
695: [0.5, 0.283261],
696: [0.25, 0.0238095],
697: [0.25, 0.976191],
698: [0.75, 0.976191],
699: [0.75, 0.0238095],
700: [1, 0.976191],
701: [1, 0.0238095],
702: [0.850595, 0.976191],
703: [0.850595, 0.0238095],
704: [0.875, 0.976191],
705: [0.875, 0.0238095],
706: [0.5, 0.976191],
707: [0.5, 0.0238096],
708: [0.625, 0.976191],
709: [0.625, 0.0238096],
710: [0.375, 0.976191],
711: [0.375, 0.0238096],
712: [0.97619, 0.5],
713: [0.0238095, 0.5],
714: [0.5, 0.0238095],
715: [0.836717, 0.163282],
716: [0.163282, 0.163282],
717: [0.5, 0.976191],
718: [0.163282, 0.836718],
719: [0.836717, 0.836718],
720: [0.5, 0.5],
721: [0.97619, 0.5],
722: [0.0238095, 0.5],
723: [0.5, 0.0238095],
724: [0.836717, 0.163282],
725: [0.163282, 0.163282],
726: [0.5, 0.976191],
727: [0.163282, 0.836718],
728: [0.5, 0.5],
729: [0.836717, 0.836718],
730: [0.25, 0.717064],
731: [0.25, 0.767063],
732: [0.75, 0.767063],
733: [0.75, 0.717064],
734: [1, 0.767063],
735: [1, 0.717063],
736: [0.850595, 0.767063],
737: [0.850595, 0.717063],
738: [0.875, 0.767063],
739: [0.875, 0.717063],
740: [0.5, 0.767063],
741: [0.5, 0.717064],
742: [0.625, 0.767063],
743: [0.625, 0.717064],
744: [0.375, 0.767063],
745: [0.375, 0.717064],
746: [0.25, 0.717064],
747: [0.75, 0.717064],
748: [1, 0.717063],
749: [0.850595, 0.717063],
750: [0.875, 0.717063],
751: [0.5, 0.717064],
752: [0.625, 0.717064],
753: [0.375, 0.717064],
754: [0.5, 0.717063],
755: [0.25, 0.767063],
756: [0.75, 0.767063],
757: [1, 0.767063],
758: [0.850595, 0.767063],
759: [0.875, 0.767063],
760: [0.5, 0.767063],
761: [0.625, 0.767063],
762: [0.5, 0.767064],
763: [0.375, 0.767063],
764: [0.25, 0.233261],
765: [0.25, 0.283261],
766: [0.75, 0.283261],
767: [0.75, 0.233261],
768: [1, 0.283261],
769: [1, 0.233261],
770: [0.850595, 0.283261],
771: [0.850595, 0.233261],
772: [0.875, 0.283261],
773: [0.875, 0.233261],
774: [0.5, 0.283261],
775: [0.5, 0.233261],
776: [0.625, 0.283261],
777: [0.625, 0.233261],
778: [0.375, 0.283261],
779: [0.375, 0.233261],
780: [0.25, 0.233261],
781: [0.75, 0.233261],
782: [1, 0.233261],
783: [0.850595, 0.233261],
784: [0.875, 0.233261],
785: [0.5, 0.233261],
786: [0.625, 0.233261],
787: [0.375, 0.233261],
788: [0.5, 0.233261],
789: [0.25, 0.283261],
790: [0.75, 0.283261],
791: [1, 0.283261],
792: [0.850595, 0.283261],
793: [0.875, 0.283261],
794: [0.5, 0.283261],
795: [0.625, 0.283261],
796: [0.5, 0.283261],
797: [0.375, 0.283261],
798: [0.5, 0.976191],
799: [0.5, 0.0238096],
800: [0.5, 0.976191],
801: [0.5, 0.976191],
802: [0.25, 0.767063],
803: [0.5, 0.767063],
804: [0.5, 0.717064],
805: [0.5, 0.717064],
806: [0.25, 0.767063],
807: [0.5, 0.767063],
808: [0.5, 0.283261],
809: [0.5, 0.233261],
810: [0.5, 0.233261],
811: [0.5, 0.283261],
812: [0.25, 0.0238095],
813: [0.25, 0.976191],
814: [0.75, 0.976191],
815: [0.75, 0.0238095],
816: [1, 0.976191],
817: [1, 0.0238095],
818: [0.850595, 0.976191],
819: [0.850595, 0.0238095],
820: [0.875, 0.976191],
821: [0.875, 0.0238095],
822: [0.5, 0.976191],
823: [0.5, 0.0238096],
824: [0.625, 0.976191],
825: [0.625, 0.0238096],
826: [0.375, 0.976191],
827: [0.375, 0.0238096],
828: [0.97619, 0.5],
829: [0.0238095, 0.5],
830: [0.5, 0.0238095],
831: [0.836717, 0.163282],
832: [0.163282, 0.163282],
833: [0.5, 0.976191],
834: [0.163282, 0.836718],
835: [0.836717, 0.836718],
836: [0.5, 0.5],
837: [0.97619, 0.5],
838: [0.0238095, 0.5],
839: [0.5, 0.0238095],
840: [0.836717, 0.163282],
841: [0.163282, 0.163282],
842: [0.5, 0.976191],
843: [0.163282, 0.836718],
844: [0.5, 0.5],
845: [0.836717, 0.836718],
846: [0.25, 0.717064],
847: [0.25, 0.767063],
848: [0.75, 0.767063],
849: [0.75, 0.717064],
850: [1, 0.767063],
851: [1, 0.717063],
852: [0.850595, 0.767063],
853: [0.850595, 0.717063],
854: [0.875, 0.767063],
855: [0.875, 0.717063],
856: [0.5, 0.767063],
857: [0.5, 0.717064],
858: [0.625, 0.767063],
859: [0.625, 0.717064],
860: [0.375, 0.767063],
861: [0.375, 0.717064],
862: [0.25, 0.717064],
863: [0.75, 0.717064],
864: [1, 0.717063],
865: [0.850595, 0.717063],
866: [0.875, 0.717063],
867: [0.5, 0.717064],
868: [0.625, 0.717064],
869: [0.375, 0.717064],
870: [0.5, 0.717063],
871: [0.25, 0.767063],
872: [0.75, 0.767063],
873: [1, 0.767063],
874: [0.850595, 0.767063],
875: [0.875, 0.767063],
876: [0.5, 0.767063],
877: [0.625, 0.767063],
878: [0.5, 0.767064],
879: [0.375, 0.767063],
880: [0.25, 0.233261],
881: [0.25, 0.283261],
882: [0.75, 0.283261],
883: [0.75, 0.233261],
884: [1, 0.283261],
885: [1, 0.233261],
886: [0.850595, 0.283261],
887: [0.850595, 0.233261],
888: [0.875, 0.283261],
889: [0.875, 0.233261],
890: [0.5, 0.283261],
891: [0.5, 0.233261],
892: [0.625, 0.283261],
893: [0.625, 0.233261],
894: [0.375, 0.283261],
895: [0.375, 0.233261],
896: [0.25, 0.233261],
897: [0.75, 0.233261],
898: [1, 0.233261],
899: [0.850595, 0.233261],
900: [0.875, 0.233261],
901: [0.5, 0.233261],
902: [0.625, 0.233261],
903: [0.375, 0.233261],
904: [0.5, 0.233261],
905: [0.25, 0.283261],
906: [0.75, 0.283261],
907: [1, 0.283261],
908: [0.850595, 0.283261],
909: [0.875, 0.283261],
910: [0.5, 0.283261],
911: [0.625, 0.283261],
912: [0.5, 0.283261],
913: [0.375, 0.283261],
914: [0.5, 0.976191],
915: [0.5, 0.0238096],
916: [0.5, 0.976191],
917: [0.5, 0.976191],
918: [0.25, 0.767063],
919: [0.5, 0.767063],
920: [0.5, 0.717064],
921: [0.5, 0.717064],
922: [0.25, 0.767063],
923: [0.5, 0.767063],
924: [0.5, 0.283261],
925: [0.5, 0.233261],
926: [0.5, 0.233261],
927: [0.5, 0.283261]]
