Name: body
Transform: [0, 0, 0]
Rotation: [0, 0, 0, 1]
Scale: [1, 1, 1]
LOD: 0
Animation data
[]
[]
[]
SubObjects: [ ]
Shading Data:
Diffuse_Color: [0.8, 0.8, 0.8, 1]
Ambient: [0, 0, 0, 0]
Emmision_Color: [0, 0, 0, 0]
Specular_Color: [0.9829, 0.9829, 0.9829, 0]
Shininess: 29.644
Texture: ground_vehicle
Number of Vertices: 637
[0: [0.819928, 0.00925926, 2.28654, 1], 
 1: [0.803524, 0.00925926, -0.465243, 1], 
 2: [0.854646, 0.00925926, 0.81371, 1], 
 3: [0.792533, 0.00925926, -0.581672, 1], 
 4: [0, 0.00925926, -0.581672, 1], 
 5: [4.06878e-009, 0.00925926, 2.26154, 1], 
 6: [0.569764, 0.00925926, -0.581672, 1], 
 7: [0.569764, 0.00925926, 2.27335, 1], 
 8: [0.847672, 0.00925926, 1.39036, 1], 
 9: [0.569764, 0.00925926, 1.39036, 1], 
 10: [0.850217, 0.00925926, 0.404346, 1], 
 11: [0.569764, 0.00925926, 0.404346, 1], 
 12: [0, 0.00925926, 1.39036, 1], 
 13: [0.284882, 0.00925926, 2.26447, 1], 
 14: [0.284882, 0.00925926, 1.39036, 1], 
 15: [0.284882, 0.00925926, -0.581672, 1], 
 16: [0.284882, 0.00925926, 0.404346, 1], 
 17: [0, 0.00925926, 0.404346, 1], 
 18: [-6.40338e-009, -0.163676, -2.83971, 1], 
 19: [0.60259, -0.163677, -2.82883, 1], 
 20: [0.889122, -0.163677, -2.77415, 1], 
 21: [1.00359, -0.163677, -2.64579, 1], 
 22: [1.06859, -0.163677, -2.4155, 1], 
 23: [1.12115, -0.163677, -2.06138, 1], 
 24: [1.17691, -0.163677, -1.56311, 1], 
 25: [1.24222, -0.163677, -0.850565, 1], 
 26: [1.28635, -0.163677, 0.345756, 1], 
 27: [1.26925, -0.163677, 2.34519, 1], 
 28: [0.918175, -0.163677, 2.29327, 1], 
 29: [0.519382, -0.163677, 2.27133, 1], 
 30: [-4.7843e-009, -0.163677, 2.26154, 1], 
 31: [0, 0, -3, 1], 
 32: [1.40297, 0, 2.3465, 1], 
 33: [1.17354, 0, -2.4954, 1], 
 34: [0.942449, 0, -2.90672, 1], 
 35: [-1.80826e-009, -0.0813834, -2.98033, 1], 
 36: [0.935906, -0.0813834, -2.89045, 1], 
 37: [0.622375, -0.0813834, -2.96218, 1], 
 38: [0.625142, 0, -2.98083, 1], 
 39: [-1.15645e-008, -0.140716, -2.92505, 1], 
 40: [0.614596, -0.140716, -2.90975, 1], 
 41: [0.917512, -0.140716, -2.84473, 1], 
 42: [1.16066, -0.0813834, -2.4856, 1], 
 43: [1.0868, 0, -2.75279, 1], 
 44: [1.07659, -0.0813834, -2.73967, 1], 
 45: [1.04789, -0.140716, -2.70276, 1], 
 46: [1.12446, -0.140716, -2.45804, 1], 
 47: [1.30387, 0, -1.59644, 1], 
 48: [1.2883, -0.0813834, -1.59235, 1], 
 49: [1.23998, 0, -2.11579, 1], 
 50: [1.2254, -0.0813834, -2.10912, 1], 
 51: [1.18441, -0.140716, -2.09035, 1], 
 52: [1.2445, -0.140716, -1.58086, 1], 
 53: [1.37355, 0, -0.86892, 1], 
 54: [1.35744, -0.0813834, -0.866668, 1], 
 55: [1.31214, -0.140716, -0.860337, 1], 
 56: [1.38649, -0.0813834, 2.34926, 1], 
 57: [1.41954, 0, 0.338845, 1], 
 58: [1.40319, -0.0813834, 0.339693, 1], 
 59: [1.35725, -0.140716, 0.342077, 1], 
 60: [1.3404, -0.140716, 2.34766, 1], 
 61: [0, 0.403562, -2.37782, 1], 
 62: [1.03985, 0.396038, 2.303, 1], 
 63: [0.827155, 0.396038, -1.90211, 1], 
 64: [0, 0.329305, -2.90465, 1], 
 65: [1.15823, 0.364138, -2.32704, 1], 
 66: [0.592969, 0.396316, -2.28946, 1], 
 67: [0.862687, 0.363155, -2.78744, 1], 
 68: [0, 0.394526, -2.6425, 1], 
 69: [0.726306, 0.412437, -2.53605, 1], 
 70: [0.368188, 0.398267, -2.35999, 1], 
 71: [0.452321, 0.404531, -2.62377, 1], 
 72: [0, 0.368988, -2.80737, 1], 
 73: [0.810733, 0.399404, -2.69236, 1], 
 74: [0.506965, 0.386529, -2.7888, 1], 
 75: [0.542533, 0.348896, -2.88666, 1], 
 76: [0.997323, 0.412706, -2.10574, 1], 
 77: [0.729912, 0.396038, -2.14441, 1], 
 78: [0.888568, 0.415652, -2.36806, 1], 
 79: [1.10057, 0.400208, -2.2398, 1], 
 80: [0.986602, 0.404484, -2.51246, 1], 
 81: [1.04363, 0.36877, -2.6034, 1], 
 82: [0, 0.272319, -2.96236, 1], 
 83: [0.896913, 0.303164, -2.84707, 1], 
 84: [0.568929, 0.29017, -2.94479, 1], 
 85: [0, 0.172799, -2.99177, 1], 
 86: [0.9214, 0.193057, -2.88376, 1], 
 87: [0.594014, 0.184516, -2.97397, 1], 
 88: [1.18803, 0.303777, -2.3887, 1], 
 89: [1.07638, 0.308203, -2.66445, 1], 
 90: [1.19324, 0.193159, -2.44018, 1], 
 91: [1.09001, 0.196291, -2.71016, 1], 
 92: [1.34963, 0.316306, 2.33602, 1], 
 93: [0.96879, 0.396038, -1.01942, 1], 
 94: [1.30452, 0.346827, -1.40067, 1], 
 95: [1.14441, 0.401481, -1.19479, 1], 
 96: [0.903118, 0.396038, -1.53621, 1], 
 97: [1.0772, 0.406607, -1.72394, 1], 
 98: [1.24865, 0.384046, -1.31611, 1], 
 99: [1.18142, 0.391298, -1.85029, 1], 
 100: [1.23809, 0.354504, -1.93517, 1], 
 101: [1.19454, 0.387144, 2.31765, 1], 
 102: [1.02862, 0.396038, -0.299368, 1], 
 103: [1.20629, 0.399725, -0.459801, 1], 
 104: [1.06087, 0.396038, 0.776631, 1], 
 105: [1.23449, 0.396805, 0.661821, 1], 
 106: [1.36816, 0.344763, -0.658343, 1], 
 107: [1.31161, 0.381925, -0.574717, 1], 
 108: [1.29163, 0.359712, 2.32865, 1], 
 109: [1.33907, 0.377141, 0.575367, 1], 
 110: [1.39706, 0.338753, 0.509454, 1], 
 111: [1.331, 0.28746, -1.4654, 1], 
 112: [1.26557, 0.294723, -1.99759, 1], 
 113: [1.33111, 0.18174, -1.52566, 1], 
 114: [1.26659, 0.186878, -2.05297, 1], 
 115: [1.38422, 0.25506, 2.34057, 1], 
 116: [1.39553, 0.285236, -0.725096, 1], 
 117: [1.42733, 0.278595, 0.455604, 1], 
 118: [1.39742, 0.179854, -0.790162, 1], 
 119: [1.40149, 0.157336, 2.34291, 1], 
 120: [1.43448, 0.174613, 0.402671, 1], 
 121: [0.991557, 0.396038, -0.745416, 1], 
 122: [0.800633, 0.00925926, -0.465017, 1], 
 123: [0.819564, 0.00925926, 2.28652, 1], 
 124: [0.812224, 0.00925926, -0.270695, 1], 
 125: [0.890457, 0.349063, -0.500794, 1], 
 126: [0.904094, 0.349077, -0.282868, 1], 
 127: [0.821193, 0.216381, -0.478795, 1], 
 128: [0.834115, 0.216165, -0.273596, 1], 
 129: [0.913164, 0.349014, 2.29255, 1], 
 130: [0.934378, 0.349077, 0.780976, 1], 
 131: [0.841053, 0.00925926, 0.784182, 1], 
 132: [0.863291, 0.216165, 0.783418, 1], 
 133: [0.841807, 0.21619, 2.28757, 1], 
 134: [0.284882, 0.00925926, 2.26447, 1], 
 135: [0.569764, 0.00925926, 2.27335, 1], 
 136: [0.819928, 0.00925926, 2.28654, 1], 
 137: [0.841807, 0.21619, 2.28757, 1], 
 138: [0.913164, 0.349014, 2.29255, 1], 
 139: [1.03985, 0.396038, 2.303, 1], 
 140: [1.19454, 0.387144, 2.31765, 1], 
 141: [1.29163, 0.359712, 2.32865, 1], 
 142: [1.34963, 0.316306, 2.33602, 1], 
 143: [1.38422, 0.25506, 2.34057, 1], 
 144: [1.40149, 0.157336, 2.34291, 1], 
 145: [1.40297, -1.23299e-008, 2.3465, 1], 
 146: [1.38649, -0.0813834, 2.34926, 1], 
 147: [1.3404, -0.140716, 2.34766, 1], 
 148: [1.26925, -0.163677, 2.34519, 1], 
 149: [0.918175, -0.163677, 2.29327, 1], 
 150: [0.519382, -0.163677, 2.27133, 1], 
 151: [2.86918e-010, 1.02346, -0.721052, 1], 
 152: [0.997986, 0.396036, -0.717869, 1], 
 153: [-4.63643e-009, 0.402543, -2.46014, 1], 
 154: [0.830799, 0.894039, -0.721051, 1], 
 155: [2.0287e-009, 0.83328, -1.55928, 1], 
 156: [0.537824, 0.850243, -1.46773, 1], 
 157: [0.600644, 1.00907, -0.721053, 1], 
 158: [0.375167, 1.009, -1.08073, 1], 
 159: [0.556846, 1.00594, -0.915213, 1], 
 160: [0.39192, 1.01965, -0.721047, 1], 
 161: [0.355337, 1.02007, -0.820448, 1], 
 162: [0.477351, 1.00653, -1.02234, 1], 
 163: [0.300914, 1.02237, -0.876326, 1], 
 164: [0.235145, 1.02561, -0.90784, 1], 
 165: [0.781584, 0.864136, -1.17851, 1], 
 166: [0.701981, 0.989704, -0.721066, 1], 
 167: [0.66473, 0.981216, -1.00822, 1], 
 168: [0.780574, 0.95136, -0.721035, 1], 
 169: [0.737015, 0.936264, -1.0898, 1], 
 170: [0.456537, 0.98008, -1.24264, 1], 
 171: [0.576411, 0.979352, -1.16126, 1], 
 172: [0.673201, 0.856094, -1.37539, 1], 
 173: [0.637154, 0.934936, -1.26297, 1], 
 174: [0.506774, 0.936118, -1.34733, 1], 
 175: [-1.70096e-010, 1.01735, -1.15909, 1], 
 176: [0.261237, 1.01178, -1.12177, 1], 
 177: [0.163501, 1.029, -0.930674, 1], 
 178: [0.138298, 1.01456, -1.14902, 1], 
 179: [0.0873498, 1.03239, -0.946614, 1], 
 180: [-1.13853e-009, 1.03578, -0.953977, 1], 
 181: [0.393487, 0.844558, -1.51882, 1], 
 182: [0.320755, 0.981217, -1.29819, 1], 
 183: [0.363086, 0.937623, -1.39803, 1], 
 184: [-1.93655e-010, 0.983524, -1.34623, 1], 
 185: [0.171333, 0.982363, -1.33421, 1], 
 186: [0.225033, 0.83892, -1.54965, 1], 
 187: [0.20057, 0.939148, -1.42828, 1], 
 188: [1.55311e-009, 0.940659, -1.43512, 1], 
 189: [0.682658, 0.402551, -2.30808, 1], 
 190: [0.961132, 0.602799, -0.719753, 1], 
 191: [0.627272, 0.588914, -1.82345, 1], 
 192: [0.900099, 0.579913, -1.46449, 1], 
 193: [0.881661, 0.808774, -0.720982, 1], 
 194: [0.826635, 0.764913, -1.27216, 1], 
 195: [0.933073, 0.686905, -0.72057, 1], 
 196: [0.872437, 0.648565, -1.36044, 1], 
 197: [0.569218, 0.739035, -1.60327, 1], 
 198: [0.709659, 0.751031, -1.49782, 1], 
 199: [0.773416, 0.583835, -1.70948, 1], 
 200: [0.747405, 0.645017, -1.60278, 1], 
 201: [0.601953, 0.643026, -1.71276, 1], 
 202: [0.94468, 0.40247, -1.84075, 1], 
 203: [0.979974, 0.528636, -0.719084, 1], 
 204: [0.920389, 0.522497, -1.57928, 1], 
 205: [0.993064, 0.457531, -0.718476, 1], 
 206: [0.935968, 0.464851, -1.70027, 1], 
 207: [0.648999, 0.542443, -1.95338, 1], 
 208: [0.794209, 0.532082, -1.82957, 1], 
 209: [0.822777, 0.402524, -2.13317, 1], 
 210: [0.811246, 0.476841, -1.96188, 1], 
 211: [0.667888, 0.489193, -2.10147, 1], 
 212: [1.859e-009, 0.604611, -1.9, 1], 
 213: [0.4741, 0.59417, -1.87449, 1], 
 214: [0.424125, 0.727096, -1.65968, 1], 
 215: [0.454281, 0.641135, -1.76568, 1], 
 216: [6.54275e-009, 0.703324, -1.71373, 1], 
 217: [0.249618, 0.715209, -1.69616, 1], 
 218: [0.285885, 0.599361, -1.89854, 1], 
 219: [0.272755, 0.639241, -1.79804, 1], 
 220: [3.58656e-009, 0.637391, -1.8123, 1], 
 221: [0.515892, 0.402539, -2.40688, 1], 
 222: [0.490208, 0.552941, -2.00975, 1], 
 223: [0.504418, 0.501583, -2.16928, 1], 
 224: [6.24267e-010, 0.573916, -2.0235, 1], 
 225: [0.29595, 0.563402, -2.03079, 1], 
 226: [0.312808, 0.402545, -2.45339, 1], 
 227: [0.305062, 0.513951, -2.19327, 1], 
 228: [-3.57446e-009, 0.52633, -2.18321, 1], 
 229: [0.800633, 0.00927302, -0.465018, 1], 
 230: [-2.96856e-010, 0.00925925, -0.436504, 1], 
 231: [0.821193, 0.216381, -0.478795, 1], 
 232: [0.786133, 0.00925216, -0.463874, 1], 
 233: [1.867e-009, 0.925906, -0.508985, 1], 
 234: [0.809831, 0.747156, -0.557251, 1], 
 235: [0.496284, 0.869038, -0.522297, 1], 
 236: [2.60352e-011, 1.00995, -0.629616, 1], 
 237: [0.569604, 0.984543, -0.599938, 1], 
 238: [0.361113, 1.00008, -0.592591, 1], 
 239: [7.651e-009, 0.986096, -0.546243, 1], 
 240: [0.531894, 0.93973, -0.552961, 1], 
 241: [0.330093, 0.964892, -0.543707, 1], 
 242: [0.29914, 0.89872, -0.513897, 1], 
 243: [0.827231, 0.863056, -0.630696, 1], 
 244: [0.680599, 0.961341, -0.610313, 1], 
 245: [0.768366, 0.921095, -0.620679, 1], 
 246: [0.628685, 0.83618, -0.532895, 1], 
 247: [0.653787, 0.909395, -0.564138, 1], 
 248: [0.817572, 0.812837, -0.588301, 1], 
 249: [0.749677, 0.867115, -0.57612, 1], 
 250: [0.733029, 0.795498, -0.544845, 1], 
 251: [0.392449, 0.00925891, -0.438257, 1], 
 252: [-4.61771e-009, 0.748774, -0.465485, 1], 
 253: [0.461451, 0.704422, -0.478669, 1], 
 254: [0.268212, 0.727223, -0.470001, 1], 
 255: [-1.76794e-009, 0.394684, -0.435982, 1], 
 256: [0.426652, 0.395649, -0.446104, 1], 
 257: [0.237284, 0.39528, -0.43843, 1], 
 258: [0.209249, 0.00925548, -0.434608, 1], 
 259: [0.8028, 0.619507, -0.517728, 1], 
 260: [0.604215, 0.680087, -0.490281, 1], 
 261: [0.717136, 0.651732, -0.503704, 1], 
 262: [0.55347, 0.0092067, -0.445865, 1], 
 263: [0.579773, 0.395828, -0.457511, 1], 
 264: [0.795799, 0.395754, -0.48559, 1], 
 265: [0.701276, 0.395851, -0.471179, 1], 
 266: [0.682182, 0.00916374, -0.455445, 1], 
 267: [0.959485, 0.554262, -0.599751, 1], 
 268: [0.961627, 0.59141, -0.661526, 1], 
 269: [0.882904, 0.779297, -0.640325, 1], 
 270: [0.933218, 0.669533, -0.650228, 1], 
 271: [0.873458, 0.687557, -0.569283, 1], 
 272: [0.877066, 0.741004, -0.600159, 1], 
 273: [0.960263, 0.577878, -0.6279, 1], 
 274: [0.92891, 0.64794, -0.612571, 1], 
 275: [0.926003, 0.613332, -0.582254, 1], 
 276: [0.980591, 0.522047, -0.675853, 1], 
 277: [0.993319, 0.454875, -0.694184, 1], 
 278: [0.98109, 0.499263, -0.625732, 1], 
 279: [0.980772, 0.514014, -0.648957, 1], 
 280: [0.993519, 0.452, -0.67812, 1], 
 281: [0.993737, 0.445614, -0.663872, 1], 
 282: [0.958358, 0.389016, -0.537551, 1], 
 283: [0.958923, 0.49879, -0.567293, 1], 
 284: [0.870674, 0.581627, -0.531284, 1], 
 285: [0.923616, 0.536408, -0.546204, 1], 
 286: [0.890457, 0.349063, -0.500794, 1], 
 287: [0.867927, 0.395574, -0.499437, 1], 
 288: [0.95837, 0.395227, -0.538524, 1], 
 289: [0.921251, 0.39537, -0.515075, 1], 
 290: [0.920952, 0.37266, -0.512504, 1], 
 291: [0.981459, 0.463276, -0.599643, 1], 
 292: [0.993961, 0.428554, -0.648185, 1], 
 293: [0.981811, 0.394377, -0.575829, 1], 
 294: [0.98183, 0.395229, -0.576013, 1], 
 295: [0.989431, 0.395394, -0.602884, 1], 
 296: [0.994183, 0.395777, -0.633815, 1], 
 297: [-0.819928, 0.00925926, 2.28654, 1], 
 298: [-0.803524, 0.00925926, -0.465243, 1], 
 299: [-0.854646, 0.00925926, 0.81371, 1], 
 300: [-0.792533, 0.00925926, -0.581672, 1], 
 301: [-0.569764, 0.00925926, -0.581672, 1], 
 302: [-0.569764, 0.00925926, 2.27335, 1], 
 303: [-0.847672, 0.00925926, 1.39036, 1], 
 304: [-0.569764, 0.00925926, 1.39036, 1], 
 305: [-0.850217, 0.00925926, 0.404346, 1], 
 306: [-0.569764, 0.00925926, 0.404346, 1], 
 307: [-0.284882, 0.00925926, 2.26447, 1], 
 308: [-0.284882, 0.00925926, 1.39036, 1], 
 309: [-0.284882, 0.00925926, -0.581672, 1], 
 310: [-0.284882, 0.00925926, 0.404346, 1], 
 311: [-0.60259, -0.163677, -2.82883, 1], 
 312: [-0.889122, -0.163677, -2.77415, 1], 
 313: [-1.00359, -0.163677, -2.64579, 1], 
 314: [-1.06859, -0.163677, -2.4155, 1], 
 315: [-1.12115, -0.163677, -2.06138, 1], 
 316: [-1.17691, -0.163677, -1.56311, 1], 
 317: [-1.24222, -0.163677, -0.850565, 1], 
 318: [-1.28635, -0.163677, 0.345756, 1], 
 319: [-1.26925, -0.163677, 2.34519, 1], 
 320: [-0.918175, -0.163677, 2.29327, 1], 
 321: [-0.519382, -0.163677, 2.27133, 1], 
 322: [-1.40297, 0, 2.3465, 1], 
 323: [-1.17354, 0, -2.4954, 1], 
 324: [-0.942449, 0, -2.90672, 1], 
 325: [-0.935906, -0.0813834, -2.89045, 1], 
 326: [-0.622375, -0.0813834, -2.96218, 1], 
 327: [-0.625142, 0, -2.98083, 1], 
 328: [-0.614596, -0.140716, -2.90975, 1], 
 329: [-0.917512, -0.140716, -2.84473, 1], 
 330: [-1.16067, -0.0813834, -2.4856, 1], 
 331: [-1.0868, 0, -2.75279, 1], 
 332: [-1.07659, -0.0813834, -2.73967, 1], 
 333: [-1.04789, -0.140716, -2.70276, 1], 
 334: [-1.12446, -0.140716, -2.45804, 1], 
 335: [-1.30387, 0, -1.59644, 1], 
 336: [-1.2883, -0.0813834, -1.59235, 1], 
 337: [-1.23998, 0, -2.11579, 1], 
 338: [-1.2254, -0.0813834, -2.10912, 1], 
 339: [-1.18441, -0.140716, -2.09035, 1], 
 340: [-1.2445, -0.140716, -1.58086, 1], 
 341: [-1.37355, 0, -0.86892, 1], 
 342: [-1.35744, -0.0813834, -0.866668, 1], 
 343: [-1.31214, -0.140716, -0.860337, 1], 
 344: [-1.38649, -0.0813834, 2.34926, 1], 
 345: [-1.41954, 0, 0.338845, 1], 
 346: [-1.40319, -0.0813834, 0.339693, 1], 
 347: [-1.35725, -0.140716, 0.342077, 1], 
 348: [-1.3404, -0.140716, 2.34766, 1], 
 349: [-1.03985, 0.396038, 2.303, 1], 
 350: [-0.827155, 0.396038, -1.90211, 1], 
 351: [-1.15823, 0.364138, -2.32704, 1], 
 352: [-0.592969, 0.396316, -2.28946, 1], 
 353: [-0.862687, 0.363155, -2.78744, 1], 
 354: [-0.726306, 0.412437, -2.53605, 1], 
 355: [-0.368188, 0.398267, -2.35999, 1], 
 356: [-0.452321, 0.404531, -2.62377, 1], 
 357: [-0.810733, 0.399404, -2.69236, 1], 
 358: [-0.506965, 0.386529, -2.7888, 1], 
 359: [-0.542533, 0.348896, -2.88666, 1], 
 360: [-0.997323, 0.412706, -2.10574, 1], 
 361: [-0.729912, 0.396038, -2.14441, 1], 
 362: [-0.888568, 0.415652, -2.36806, 1], 
 363: [-1.10057, 0.400208, -2.2398, 1], 
 364: [-0.986602, 0.404484, -2.51246, 1], 
 365: [-1.04363, 0.36877, -2.6034, 1], 
 366: [-0.896913, 0.303164, -2.84707, 1], 
 367: [-0.568929, 0.29017, -2.94479, 1], 
 368: [-0.9214, 0.193057, -2.88376, 1], 
 369: [-0.594014, 0.184516, -2.97397, 1], 
 370: [-1.18803, 0.303777, -2.3887, 1], 
 371: [-1.07638, 0.308203, -2.66445, 1], 
 372: [-1.19324, 0.193159, -2.44018, 1], 
 373: [-1.09001, 0.196291, -2.71016, 1], 
 374: [-1.34963, 0.316306, 2.33602, 1], 
 375: [-0.96879, 0.396038, -1.01942, 1], 
 376: [-1.30452, 0.346827, -1.40067, 1], 
 377: [-1.14441, 0.401481, -1.19479, 1], 
 378: [-0.903118, 0.396038, -1.53621, 1], 
 379: [-1.0772, 0.406607, -1.72394, 1], 
 380: [-1.24865, 0.384046, -1.31611, 1], 
 381: [-1.18142, 0.391298, -1.85029, 1], 
 382: [-1.23809, 0.354504, -1.93517, 1], 
 383: [-1.19454, 0.387144, 2.31765, 1], 
 384: [-1.02862, 0.396038, -0.299368, 1], 
 385: [-1.20629, 0.399725, -0.459801, 1], 
 386: [-1.06088, 0.396038, 0.776631, 1], 
 387: [-1.23449, 0.396805, 0.661821, 1], 
 388: [-1.36816, 0.344763, -0.658343, 1], 
 389: [-1.31161, 0.381925, -0.574717, 1], 
 390: [-1.29163, 0.359712, 2.32865, 1], 
 391: [-1.33907, 0.377141, 0.575367, 1], 
 392: [-1.39706, 0.338753, 0.509454, 1], 
 393: [-1.331, 0.28746, -1.4654, 1], 
 394: [-1.26557, 0.294723, -1.99759, 1], 
 395: [-1.33111, 0.18174, -1.52566, 1], 
 396: [-1.26659, 0.186878, -2.05297, 1], 
 397: [-1.38422, 0.25506, 2.34057, 1], 
 398: [-1.39553, 0.285236, -0.725096, 1], 
 399: [-1.42733, 0.278595, 0.455604, 1], 
 400: [-1.39742, 0.179854, -0.790162, 1], 
 401: [-1.40149, 0.157336, 2.34291, 1], 
 402: [-1.43448, 0.174613, 0.402671, 1], 
 403: [-0.991557, 0.396038, -0.745416, 1], 
 404: [-0.800633, 0.00925926, -0.465017, 1], 
 405: [-0.819564, 0.00925926, 2.28652, 1], 
 406: [-0.812224, 0.00925926, -0.270695, 1], 
 407: [-0.890457, 0.349063, -0.500794, 1], 
 408: [-0.904094, 0.349077, -0.282868, 1], 
 409: [-0.821193, 0.216381, -0.478795, 1], 
 410: [-0.834115, 0.216165, -0.273596, 1], 
 411: [-0.913164, 0.349014, 2.29255, 1], 
 412: [-0.934378, 0.349077, 0.780976, 1], 
 413: [-0.841053, 0.00925926, 0.784182, 1], 
 414: [-0.863291, 0.216165, 0.783418, 1], 
 415: [-0.841807, 0.21619, 2.28757, 1], 
 416: [-0.284882, 0.00925926, 2.26447, 1], 
 417: [-0.569764, 0.00925926, 2.27335, 1], 
 418: [-0.819928, 0.00925926, 2.28654, 1], 
 419: [-0.841807, 0.21619, 2.28757, 1], 
 420: [-0.913164, 0.349014, 2.29255, 1], 
 421: [-1.03985, 0.396038, 2.303, 1], 
 422: [-1.19454, 0.387144, 2.31765, 1], 
 423: [-1.29163, 0.359712, 2.32865, 1], 
 424: [-1.34963, 0.316306, 2.33602, 1], 
 425: [-1.38422, 0.25506, 2.34057, 1], 
 426: [-1.40149, 0.157336, 2.34291, 1], 
 427: [-1.40297, -1.18209e-008, 2.3465, 1], 
 428: [-1.38649, -0.0813834, 2.34926, 1], 
 429: [-1.3404, -0.140716, 2.34766, 1], 
 430: [-1.26925, -0.163677, 2.34519, 1], 
 431: [-0.918175, -0.163677, 2.29327, 1], 
 432: [-0.519382, -0.163677, 2.27133, 1], 
 433: [-0.997986, 0.396036, -0.717869, 1], 
 434: [-0.830799, 0.894039, -0.721051, 1], 
 435: [-0.537824, 0.850243, -1.46773, 1], 
 436: [-0.600644, 1.00907, -0.721053, 1], 
 437: [-0.375167, 1.009, -1.08073, 1], 
 438: [-0.556846, 1.00594, -0.915213, 1], 
 439: [-0.39192, 1.01965, -0.721047, 1], 
 440: [-0.355337, 1.02007, -0.820448, 1], 
 441: [-0.477351, 1.00653, -1.02234, 1], 
 442: [-0.300914, 1.02237, -0.876326, 1], 
 443: [-0.235145, 1.02561, -0.90784, 1], 
 444: [-0.781584, 0.864136, -1.17851, 1], 
 445: [-0.701981, 0.989704, -0.721066, 1], 
 446: [-0.66473, 0.981216, -1.00822, 1], 
 447: [-0.780573, 0.95136, -0.721035, 1], 
 448: [-0.737015, 0.936264, -1.0898, 1], 
 449: [-0.456537, 0.98008, -1.24264, 1], 
 450: [-0.576411, 0.979352, -1.16126, 1], 
 451: [-0.673201, 0.856094, -1.37539, 1], 
 452: [-0.637154, 0.934936, -1.26297, 1], 
 453: [-0.506774, 0.936118, -1.34733, 1], 
 454: [-0.261237, 1.01178, -1.12177, 1], 
 455: [-0.163501, 1.029, -0.930674, 1], 
 456: [-0.138298, 1.01456, -1.14902, 1], 
 457: [-0.0873498, 1.03239, -0.946614, 1], 
 458: [-0.393487, 0.844558, -1.51882, 1], 
 459: [-0.320755, 0.981217, -1.29819, 1], 
 460: [-0.363086, 0.937623, -1.39803, 1], 
 461: [-0.171333, 0.982363, -1.33421, 1], 
 462: [-0.225033, 0.83892, -1.54965, 1], 
 463: [-0.20057, 0.939148, -1.42828, 1], 
 464: [-0.682658, 0.402551, -2.30808, 1], 
 465: [-0.961132, 0.602799, -0.719753, 1], 
 466: [-0.627272, 0.588914, -1.82345, 1], 
 467: [-0.900099, 0.579913, -1.46449, 1], 
 468: [-0.881661, 0.808774, -0.720982, 1], 
 469: [-0.826635, 0.764913, -1.27216, 1], 
 470: [-0.933073, 0.686905, -0.72057, 1], 
 471: [-0.872437, 0.648565, -1.36044, 1], 
 472: [-0.569218, 0.739035, -1.60327, 1], 
 473: [-0.709659, 0.751031, -1.49782, 1], 
 474: [-0.773416, 0.583835, -1.70948, 1], 
 475: [-0.747405, 0.645017, -1.60278, 1], 
 476: [-0.601953, 0.643026, -1.71276, 1], 
 477: [-0.94468, 0.40247, -1.84075, 1], 
 478: [-0.979974, 0.528636, -0.719084, 1], 
 479: [-0.920389, 0.522497, -1.57928, 1], 
 480: [-0.993064, 0.457531, -0.718476, 1], 
 481: [-0.935968, 0.464851, -1.70027, 1], 
 482: [-0.648999, 0.542443, -1.95338, 1], 
 483: [-0.794209, 0.532082, -1.82957, 1], 
 484: [-0.822777, 0.402524, -2.13317, 1], 
 485: [-0.811246, 0.476841, -1.96188, 1], 
 486: [-0.667888, 0.489193, -2.10147, 1], 
 487: [-0.4741, 0.59417, -1.87449, 1], 
 488: [-0.424125, 0.727096, -1.65968, 1], 
 489: [-0.454281, 0.641135, -1.76568, 1], 
 490: [-0.249618, 0.715209, -1.69616, 1], 
 491: [-0.285885, 0.599361, -1.89854, 1], 
 492: [-0.272755, 0.639241, -1.79804, 1], 
 493: [-0.515892, 0.402539, -2.40688, 1], 
 494: [-0.490208, 0.552941, -2.00975, 1], 
 495: [-0.504418, 0.501583, -2.16928, 1], 
 496: [-0.29595, 0.563402, -2.03079, 1], 
 497: [-0.312808, 0.402545, -2.45339, 1], 
 498: [-0.305062, 0.513951, -2.19327, 1], 
 499: [-0.800633, 0.00927303, -0.465018, 1], 
 500: [-0.821193, 0.216381, -0.478795, 1], 
 501: [-0.786133, 0.00925216, -0.463874, 1], 
 502: [-0.809831, 0.747156, -0.557251, 1], 
 503: [-0.496284, 0.869038, -0.522297, 1], 
 504: [-0.569604, 0.984543, -0.599938, 1], 
 505: [-0.361113, 1.00008, -0.592591, 1], 
 506: [-0.531894, 0.93973, -0.552961, 1], 
 507: [-0.330093, 0.964892, -0.543707, 1], 
 508: [-0.29914, 0.89872, -0.513897, 1], 
 509: [-0.827231, 0.863056, -0.630696, 1], 
 510: [-0.680599, 0.961341, -0.610313, 1], 
 511: [-0.768366, 0.921095, -0.620679, 1], 
 512: [-0.628685, 0.83618, -0.532895, 1], 
 513: [-0.653787, 0.909395, -0.564138, 1], 
 514: [-0.817572, 0.812837, -0.588301, 1], 
 515: [-0.749677, 0.867115, -0.57612, 1], 
 516: [-0.733029, 0.795498, -0.544845, 1], 
 517: [-0.392449, 0.00925891, -0.438257, 1], 
 518: [-0.461451, 0.704422, -0.478669, 1], 
 519: [-0.268212, 0.727223, -0.470001, 1], 
 520: [-0.426652, 0.395649, -0.446104, 1], 
 521: [-0.237284, 0.39528, -0.43843, 1], 
 522: [-0.209249, 0.00925548, -0.434608, 1], 
 523: [-0.8028, 0.619507, -0.517728, 1], 
 524: [-0.604215, 0.680087, -0.49028, 1], 
 525: [-0.717136, 0.651732, -0.503703, 1], 
 526: [-0.55347, 0.00920669, -0.445865, 1], 
 527: [-0.579773, 0.395828, -0.457511, 1], 
 528: [-0.795799, 0.395754, -0.48559, 1], 
 529: [-0.701276, 0.395851, -0.471179, 1], 
 530: [-0.682182, 0.00916373, -0.455445, 1], 
 531: [-0.959485, 0.554262, -0.599751, 1], 
 532: [-0.961627, 0.59141, -0.661526, 1], 
 533: [-0.882904, 0.779297, -0.640325, 1], 
 534: [-0.933218, 0.669533, -0.650228, 1], 
 535: [-0.873458, 0.687557, -0.569283, 1], 
 536: [-0.877066, 0.741004, -0.600159, 1], 
 537: [-0.960263, 0.577878, -0.6279, 1], 
 538: [-0.92891, 0.64794, -0.612571, 1], 
 539: [-0.926003, 0.613332, -0.582254, 1], 
 540: [-0.98059, 0.522047, -0.675853, 1], 
 541: [-0.993319, 0.454875, -0.694184, 1], 
 542: [-0.98109, 0.499263, -0.625732, 1], 
 543: [-0.980771, 0.514014, -0.648957, 1], 
 544: [-0.993519, 0.452, -0.67812, 1], 
 545: [-0.993737, 0.445614, -0.663872, 1], 
 546: [-0.958358, 0.389016, -0.537551, 1], 
 547: [-0.958923, 0.49879, -0.567293, 1], 
 548: [-0.870674, 0.581627, -0.531284, 1], 
 549: [-0.923615, 0.536408, -0.546204, 1], 
 550: [-0.890457, 0.349063, -0.500794, 1], 
 551: [-0.867927, 0.395574, -0.499437, 1], 
 552: [-0.95837, 0.395227, -0.538524, 1], 
 553: [-0.921251, 0.39537, -0.515075, 1], 
 554: [-0.920952, 0.37266, -0.512504, 1], 
 555: [-0.981459, 0.463276, -0.599643, 1], 
 556: [-0.993961, 0.428554, -0.648185, 1], 
 557: [-0.981811, 0.394377, -0.575829, 1], 
 558: [-0.98183, 0.395229, -0.576013, 1], 
 559: [-0.989431, 0.395394, -0.602884, 1], 
 560: [-0.994183, 0.395777, -0.633815, 1], 
 561: [0.625142, -1.19465e-008, -2.98083, 1], 
 562: [0.942449, -2.77048e-008, -2.90672, 1], 
 563: [-4.52025e-009, 1.36168e-008, -3, 1], 
 564: [1.0868, 8.23823e-010, -2.75279, 1], 
 565: [1.17354, 1.36143e-008, -2.4954, 1], 
 566: [1.23998, 5.76169e-009, -2.11579, 1], 
 567: [1.30387, -3.5465e-008, -1.59644, 1], 
 568: [1.37355, 3.46721e-009, -0.86892, 1], 
 569: [1.41954, -2.9803e-009, 0.338845, 1], 
 570: [1.40297, -1.43785e-009, 2.3465, 1], 
 571: [-0.942449, -5.57441e-008, -2.90672, 1], 
 572: [-0.625142, -1.46378e-008, -2.98083, 1], 
 573: [-1.17354, -3.15106e-009, -2.4954, 1], 
 574: [-1.0868, -1.41299e-008, -2.75279, 1], 
 575: [-1.30387, -5.74898e-008, -1.59644, 1], 
 576: [-1.23998, -4.81421e-008, -2.11579, 1], 
 577: [-1.37355, -1.04963e-008, -0.86892, 1], 
 578: [-1.40297, 1.28602e-008, 2.3465, 1], 
 579: [-1.41954, 7.30389e-009, 0.338845, 1], 
 580: [0.477351, 1.00653, -1.02234, 1], 
 581: [0.375167, 1.009, -1.08073, 1], 
 582: [0.600644, 1.00907, -0.721053, 1], 
 583: [0.556846, 1.00594, -0.915213, 1], 
 584: [0.506774, 0.936118, -1.34733, 1], 
 585: [0.537824, 0.850243, -1.46773, 1], 
 586: [0.456537, 0.98008, -1.24264, 1], 
 587: [0.601953, 0.643026, -1.71276, 1], 
 588: [0.627272, 0.588915, -1.82345, 1], 
 589: [0.569218, 0.739035, -1.60327, 1], 
 590: [0.667888, 0.489193, -2.10147, 1], 
 591: [0.682658, 0.402551, -2.30808, 1], 
 592: [0.648999, 0.542443, -1.95338, 1], 
 593: [0.361113, 1.00008, -0.592591, 1], 
 594: [0.569604, 0.984543, -0.599938, 1], 
 595: [-6.23645e-009, 0.986096, -0.546243, 1], 
 596: [0.330093, 0.964892, -0.543707, 1], 
 597: [-0.375167, 1.009, -1.08073, 1], 
 598: [-0.477351, 1.00653, -1.02234, 1], 
 599: [-0.556846, 1.00594, -0.915213, 1], 
 600: [-0.600644, 1.00907, -0.721053, 1], 
 601: [-0.537824, 0.850243, -1.46773, 1], 
 602: [-0.506774, 0.936118, -1.34733, 1], 
 603: [-0.456537, 0.98008, -1.24264, 1], 
 604: [-0.627272, 0.588914, -1.82345, 1], 
 605: [-0.601953, 0.643026, -1.71276, 1], 
 606: [-0.569218, 0.739035, -1.60327, 1], 
 607: [-0.682658, 0.402552, -2.30808, 1], 
 608: [-0.667888, 0.489193, -2.10147, 1], 
 609: [-0.648999, 0.542443, -1.95338, 1], 
 610: [-0.569604, 0.984543, -0.599938, 1], 
 611: [-0.361113, 1.00008, -0.592591, 1], 
 612: [-0.330093, 0.964892, -0.543707, 1], 
 613: [0.989431, 0.395394, -0.602884, 1], 
 614: [0.98183, 0.395229, -0.576013, 1], 
 615: [0.531894, 0.93973, -0.552961, 1], 
 616: [0.330093, 0.964892, -0.543707, 1], 
 617: [0.653787, 0.909395, -0.564138, 1], 
 618: [0.733029, 0.795498, -0.544845, 1], 
 619: [0.749677, 0.867115, -0.57612, 1], 
 620: [0.8028, 0.619507, -0.517728, 1], 
 621: [0.809831, 0.747156, -0.557251, 1], 
 622: [0.95837, 0.395227, -0.538524, 1], 
 623: [0.921251, 0.39537, -0.515075, 1], 
 624: [0.867927, 0.395574, -0.499437, 1], 
 625: [0.870674, 0.581627, -0.531284, 1], 
 626: [-0.330093, 0.964892, -0.543707, 1], 
 627: [-0.531894, 0.93973, -0.552961, 1], 
 628: [-0.653787, 0.909395, -0.564138, 1], 
 629: [-0.749677, 0.867115, -0.57612, 1], 
 630: [-0.733029, 0.795498, -0.544845, 1], 
 631: [-0.809831, 0.747156, -0.557251, 1], 
 632: [-0.8028, 0.619507, -0.517728, 1], 
 633: [-0.870674, 0.581627, -0.531284, 1], 
 634: [-0.867927, 0.395574, -0.499437, 1], 
 635: [-0.921251, 0.39537, -0.515075, 1], 
 636: [-0.920952, 0.37266, -0.512504, 1]]
Number of polygons: 962
Polygon Connection List
[0: [15, 4, 16], 
1: [4, 17, 16], 
2: [10, 1, 11], 
3: [6, 11, 3], 
4: [1, 3, 11], 
5: [0, 8, 7], 
6: [8, 9, 7], 
7: [11, 9, 10], 
8: [10, 9, 2], 
9: [8, 2, 9], 
10: [12, 5, 14], 
11: [5, 13, 14], 
12: [7, 9, 13], 
13: [13, 9, 14], 
14: [6, 15, 11], 
15: [15, 16, 11], 
16: [16, 14, 11], 
17: [14, 9, 11], 
18: [17, 12, 16], 
19: [12, 14, 16], 
20: [27, 28, 26], 
21: [18, 19, 30], 
22: [30, 19, 29], 
23: [19, 20, 29], 
24: [20, 21, 29], 
25: [21, 22, 29], 
26: [22, 23, 29], 
27: [23, 24, 29], 
28: [24, 25, 29], 
29: [25, 26, 29], 
30: [26, 28, 29], 
31: [60, 27, 59], 
32: [26, 59, 27], 
33: [46, 22, 45], 
34: [21, 45, 22], 
35: [41, 20, 40], 
36: [19, 40, 20], 
37: [562, 36, 561], 
38: [37, 561, 36], 
39: [563, 561, 35], 
40: [561, 37, 35], 
41: [39, 40, 18], 
42: [40, 19, 18], 
43: [37, 40, 35], 
44: [35, 40, 39], 
45: [36, 41, 37], 
46: [41, 40, 37], 
47: [564, 565, 44], 
48: [42, 44, 565], 
49: [562, 564, 36], 
50: [564, 44, 36], 
51: [45, 21, 41], 
52: [20, 41, 21], 
53: [44, 45, 36], 
54: [45, 41, 36], 
55: [42, 46, 44], 
56: [46, 45, 44], 
57: [51, 52, 23], 
58: [23, 52, 24], 
59: [566, 567, 50], 
60: [48, 50, 567], 
61: [565, 566, 42], 
62: [566, 50, 42], 
63: [46, 51, 22], 
64: [22, 51, 23], 
65: [42, 50, 46], 
66: [51, 46, 50], 
67: [50, 48, 51], 
68: [52, 51, 48], 
69: [52, 55, 24], 
70: [24, 55, 25], 
71: [54, 48, 568], 
72: [48, 567, 568], 
73: [48, 54, 52], 
74: [55, 52, 54], 
75: [58, 569, 56], 
76: [56, 569, 570], 
77: [58, 54, 569], 
78: [569, 54, 568], 
79: [55, 59, 25], 
80: [25, 59, 26], 
81: [54, 58, 55], 
82: [59, 55, 58], 
83: [58, 56, 59], 
84: [60, 59, 56], 
85: [57, 120, 32], 
86: [32, 120, 119], 
87: [91, 90, 43], 
88: [33, 43, 90], 
89: [81, 80, 65], 
90: [79, 65, 80], 
91: [75, 74, 67], 
92: [74, 73, 67], 
93: [69, 71, 66], 
94: [70, 66, 71], 
95: [71, 68, 70], 
96: [68, 61, 70], 
97: [74, 71, 73], 
98: [71, 69, 73], 
99: [72, 68, 74], 
100: [68, 71, 74], 
101: [64, 72, 75], 
102: [72, 74, 75], 
103: [78, 77, 76], 
104: [77, 63, 76], 
105: [69, 66, 78], 
106: [66, 77, 78], 
107: [79, 80, 76], 
108: [76, 80, 78], 
109: [73, 69, 80], 
110: [80, 69, 78], 
111: [81, 67, 80], 
112: [67, 73, 80], 
113: [86, 34, 87], 
114: [34, 38, 87], 
115: [84, 75, 83], 
116: [75, 67, 83], 
117: [82, 64, 84], 
118: [64, 75, 84], 
119: [83, 86, 84], 
120: [84, 86, 87], 
121: [85, 82, 87], 
122: [82, 84, 87], 
123: [31, 85, 38], 
124: [38, 85, 87], 
125: [81, 65, 89], 
126: [65, 88, 89], 
127: [67, 81, 83], 
128: [83, 81, 89], 
129: [89, 88, 91], 
130: [88, 90, 91], 
131: [83, 89, 86], 
132: [86, 89, 91], 
133: [86, 91, 34], 
134: [43, 34, 91], 
135: [92, 110, 108], 
136: [108, 110, 109], 
137: [98, 94, 99], 
138: [99, 94, 100], 
139: [97, 96, 95], 
140: [96, 93, 95], 
141: [76, 63, 97], 
142: [63, 96, 97], 
143: [95, 98, 97], 
144: [97, 98, 99], 
145: [79, 76, 99], 
146: [76, 97, 99], 
147: [65, 79, 100], 
148: [79, 99, 100], 
149: [105, 104, 101], 
150: [104, 62, 101], 
151: [95, 93, 103], 
152: [93, 102, 103], 
153: [103, 102, 105], 
154: [102, 104, 105], 
155: [94, 98, 106], 
156: [106, 98, 107], 
157: [98, 95, 107], 
158: [95, 103, 107], 
159: [108, 109, 101], 
160: [101, 109, 105], 
161: [107, 103, 109], 
162: [109, 103, 105], 
163: [106, 107, 110], 
164: [110, 107, 109], 
165: [113, 47, 114], 
166: [47, 49, 114], 
167: [94, 111, 100], 
168: [100, 111, 112], 
169: [100, 112, 65], 
170: [88, 65, 112], 
171: [112, 111, 114], 
172: [111, 113, 114], 
173: [88, 112, 90], 
174: [90, 112, 114], 
175: [90, 114, 33], 
176: [49, 33, 114], 
177: [117, 110, 115], 
178: [110, 92, 115], 
179: [111, 94, 116], 
180: [94, 106, 116], 
181: [116, 106, 117], 
182: [106, 110, 117], 
183: [118, 53, 113], 
184: [53, 47, 113], 
185: [111, 116, 113], 
186: [113, 116, 118], 
187: [120, 117, 119], 
188: [117, 115, 119], 
189: [118, 116, 120], 
190: [116, 117, 120], 
191: [53, 118, 57], 
192: [57, 118, 120], 
193: [133, 132, 123], 
194: [131, 123, 132], 
195: [127, 122, 128], 
196: [122, 124, 128], 
197: [102, 121, 126], 
198: [121, 125, 126], 
199: [125, 127, 126], 
200: [127, 128, 126], 
201: [62, 104, 129], 
202: [104, 130, 129], 
203: [104, 102, 130], 
204: [102, 126, 130], 
205: [128, 124, 132], 
206: [124, 131, 132], 
207: [126, 128, 130], 
208: [128, 132, 130], 
209: [129, 130, 133], 
210: [133, 130, 132], 
211: [30, 150, 5], 
212: [5, 150, 134], 
213: [134, 150, 135], 
214: [150, 149, 135], 
215: [135, 149, 136], 
216: [149, 148, 136], 
217: [136, 148, 137], 
218: [137, 148, 138], 
219: [138, 148, 139], 
220: [139, 148, 140], 
221: [140, 148, 141], 
222: [141, 148, 142], 
223: [142, 148, 143], 
224: [143, 148, 144], 
225: [148, 145, 144], 
226: [145, 148, 146], 
227: [146, 148, 147], 
228: [228, 227, 153], 
229: [226, 153, 227], 
230: [186, 155, 187], 
231: [155, 188, 187], 
232: [156, 174, 172], 
233: [172, 174, 173], 
234: [580, 581, 163], 
235: [581, 164, 163], 
236: [582, 583, 160], 
237: [160, 583, 161], 
238: [151, 160, 161], 
239: [583, 580, 161], 
240: [580, 163, 161], 
241: [163, 151, 161], 
242: [164, 151, 163], 
243: [154, 165, 168], 
244: [168, 165, 169], 
245: [167, 159, 166], 
246: [157, 166, 159], 
247: [168, 169, 166], 
248: [166, 169, 167], 
249: [170, 158, 171], 
250: [158, 162, 171], 
251: [167, 171, 159], 
252: [162, 159, 171], 
253: [165, 172, 169], 
254: [172, 173, 169], 
255: [169, 173, 167], 
256: [173, 171, 167], 
257: [174, 170, 173], 
258: [170, 171, 173], 
259: [178, 175, 179], 
260: [175, 180, 179], 
261: [581, 176, 164], 
262: [164, 176, 177], 
263: [151, 164, 177], 
264: [176, 178, 177], 
265: [177, 178, 179], 
266: [151, 177, 179], 
267: [180, 151, 179], 
268: [181, 183, 585], 
269: [585, 183, 584], 
270: [586, 182, 581], 
271: [182, 176, 581], 
272: [183, 182, 584], 
273: [182, 586, 584], 
274: [184, 175, 185], 
275: [175, 178, 185], 
276: [185, 178, 182], 
277: [178, 176, 182], 
278: [186, 187, 181], 
279: [181, 187, 183], 
280: [187, 185, 183], 
281: [185, 182, 183], 
282: [188, 184, 187], 
283: [184, 185, 187], 
284: [189, 211, 209], 
285: [209, 211, 210], 
286: [191, 201, 199], 
287: [199, 201, 200], 
288: [192, 196, 190], 
289: [195, 190, 196], 
290: [193, 194, 154], 
291: [154, 194, 165], 
292: [195, 196, 193], 
293: [193, 196, 194], 
294: [156, 172, 197], 
295: [197, 172, 198], 
296: [194, 198, 165], 
297: [172, 165, 198], 
298: [199, 200, 192], 
299: [192, 200, 196], 
300: [200, 198, 196], 
301: [198, 194, 196], 
302: [201, 197, 200], 
303: [197, 198, 200], 
304: [152, 202, 205], 
305: [205, 202, 206], 
306: [203, 204, 190], 
307: [190, 204, 192], 
308: [205, 206, 203], 
309: [203, 206, 204], 
310: [207, 191, 208], 
311: [191, 199, 208], 
312: [208, 199, 204], 
313: [199, 192, 204], 
314: [209, 210, 202], 
315: [202, 210, 206], 
316: [210, 208, 206], 
317: [208, 204, 206], 
318: [207, 208, 211], 
319: [211, 208, 210], 
320: [212, 220, 218], 
321: [220, 219, 218], 
322: [587, 588, 215], 
323: [588, 213, 215], 
324: [214, 181, 589], 
325: [181, 585, 589], 
326: [589, 587, 214], 
327: [587, 215, 214], 
328: [216, 155, 217], 
329: [155, 186, 217], 
330: [217, 186, 214], 
331: [186, 181, 214], 
332: [215, 213, 219], 
333: [213, 218, 219], 
334: [214, 215, 217], 
335: [217, 215, 219], 
336: [219, 220, 217], 
337: [220, 216, 217], 
338: [221, 223, 591], 
339: [591, 223, 590], 
340: [222, 213, 592], 
341: [213, 588, 592], 
342: [222, 592, 223], 
343: [223, 592, 590], 
344: [225, 224, 218], 
345: [224, 212, 218], 
346: [213, 222, 218], 
347: [218, 222, 225], 
348: [226, 227, 221], 
349: [221, 227, 223], 
350: [227, 225, 223], 
351: [225, 222, 223], 
352: [227, 228, 225], 
353: [228, 224, 225], 
354: [613, 614, 293], 
355: [264, 265, 232], 
356: [232, 265, 266], 
357: [250, 234, 249], 
358: [248, 249, 234], 
359: [616, 242, 615], 
360: [242, 235, 615], 
361: [160, 593, 582], 
362: [593, 594, 582], 
363: [151, 236, 160], 
364: [236, 593, 160], 
365: [238, 241, 237], 
366: [241, 240, 237], 
367: [236, 595, 593], 
368: [595, 596, 593], 
369: [239, 233, 616], 
370: [233, 242, 616], 
371: [245, 243, 168], 
372: [168, 243, 154], 
373: [157, 237, 166], 
374: [237, 244, 166], 
375: [166, 244, 168], 
376: [244, 245, 168], 
377: [246, 617, 235], 
378: [617, 615, 235], 
379: [247, 244, 240], 
380: [240, 244, 237], 
381: [249, 248, 245], 
382: [243, 245, 248], 
383: [247, 249, 244], 
384: [249, 245, 244], 
385: [246, 618, 617], 
386: [618, 619, 617], 
387: [256, 257, 251], 
388: [251, 257, 258], 
389: [254, 253, 242], 
390: [242, 253, 235], 
391: [242, 233, 254], 
392: [252, 254, 233], 
393: [257, 256, 254], 
394: [254, 256, 253], 
395: [252, 255, 254], 
396: [255, 257, 254], 
397: [257, 255, 258], 
398: [258, 255, 230], 
399: [261, 620, 618], 
400: [618, 620, 621], 
401: [253, 260, 235], 
402: [260, 246, 235], 
403: [260, 261, 246], 
404: [246, 261, 618], 
405: [263, 256, 262], 
406: [262, 256, 251], 
407: [256, 263, 253], 
408: [263, 260, 253], 
409: [265, 264, 261], 
410: [261, 264, 620], 
411: [260, 263, 261], 
412: [263, 265, 261], 
413: [262, 266, 263], 
414: [266, 265, 263], 
415: [152, 280, 281], 
416: [273, 274, 267], 
417: [274, 275, 267], 
418: [270, 268, 195], 
419: [195, 268, 190], 
420: [243, 269, 154], 
421: [269, 193, 154], 
422: [269, 270, 193], 
423: [193, 270, 195], 
424: [234, 271, 248], 
425: [271, 272, 248], 
426: [248, 272, 243], 
427: [272, 269, 243], 
428: [268, 270, 273], 
429: [270, 274, 273], 
430: [270, 269, 274], 
431: [269, 272, 274], 
432: [272, 271, 274], 
433: [275, 274, 271], 
434: [205, 277, 152], 
435: [190, 268, 203], 
436: [268, 276, 203], 
437: [203, 276, 205], 
438: [276, 277, 205], 
439: [279, 273, 278], 
440: [278, 273, 267], 
441: [273, 279, 268], 
442: [279, 276, 268], 
443: [152, 277, 280], 
444: [279, 280, 276], 
445: [280, 277, 276], 
446: [278, 281, 279], 
447: [281, 280, 279], 
448: [622, 623, 282], 
449: [623, 290, 282], 
450: [285, 283, 275], 
451: [275, 283, 267], 
452: [259, 284, 234], 
453: [284, 271, 234], 
454: [271, 284, 275], 
455: [284, 285, 275], 
456: [232, 229, 264], 
457: [229, 231, 264], 
458: [264, 231, 624], 
459: [231, 286, 624], 
460: [264, 624, 620], 
461: [624, 625, 620], 
462: [289, 288, 285], 
463: [285, 288, 283], 
464: [287, 289, 284], 
465: [284, 289, 285], 
466: [286, 290, 624], 
467: [290, 623, 624], 
468: [281, 292, 152], 
469: [283, 291, 267], 
470: [267, 291, 278], 
471: [291, 292, 278], 
472: [278, 292, 281], 
473: [614, 622, 293], 
474: [293, 622, 282], 
475: [288, 294, 283], 
476: [294, 291, 283], 
477: [152, 292, 296], 
478: [294, 295, 291], 
479: [296, 292, 295], 
480: [292, 291, 295], 
481: [309, 310, 4], 
482: [310, 17, 4], 
483: [305, 306, 298], 
484: [301, 300, 306], 
485: [306, 300, 298], 
486: [297, 302, 303], 
487: [302, 304, 303], 
488: [304, 306, 303], 
489: [303, 306, 299], 
490: [306, 305, 299], 
491: [12, 308, 5], 
492: [308, 307, 5], 
493: [308, 304, 307], 
494: [307, 304, 302], 
495: [301, 306, 309], 
496: [306, 310, 309], 
497: [310, 306, 308], 
498: [306, 304, 308], 
499: [17, 310, 12], 
500: [310, 308, 12], 
501: [319, 318, 320], 
502: [18, 30, 311], 
503: [30, 321, 311], 
504: [311, 321, 312], 
505: [312, 321, 313], 
506: [313, 321, 314], 
507: [314, 321, 315], 
508: [315, 321, 316], 
509: [316, 321, 317], 
510: [317, 321, 318], 
511: [318, 321, 320], 
512: [348, 347, 319], 
513: [318, 319, 347], 
514: [334, 333, 314], 
515: [313, 314, 333], 
516: [329, 328, 312], 
517: [311, 312, 328], 
518: [571, 572, 325], 
519: [326, 325, 572], 
520: [563, 35, 572], 
521: [35, 326, 572], 
522: [39, 18, 328], 
523: [18, 311, 328], 
524: [326, 35, 328], 
525: [35, 39, 328], 
526: [325, 326, 329], 
527: [329, 326, 328], 
528: [574, 332, 573], 
529: [330, 573, 332], 
530: [571, 325, 574], 
531: [574, 325, 332], 
532: [333, 329, 313], 
533: [312, 313, 329], 
534: [332, 325, 333], 
535: [333, 325, 329], 
536: [330, 332, 334], 
537: [334, 332, 333], 
538: [339, 315, 340], 
539: [315, 316, 340], 
540: [576, 338, 575], 
541: [336, 575, 338], 
542: [573, 330, 576], 
543: [576, 330, 338], 
544: [334, 314, 339], 
545: [314, 315, 339], 
546: [330, 334, 338], 
547: [339, 338, 334], 
548: [338, 339, 336], 
549: [340, 336, 339], 
550: [340, 316, 343], 
551: [316, 317, 343], 
552: [342, 577, 336], 
553: [577, 575, 336], 
554: [336, 340, 342], 
555: [343, 342, 340], 
556: [346, 344, 579], 
557: [344, 578, 579], 
558: [577, 342, 579], 
559: [579, 342, 346], 
560: [343, 317, 347], 
561: [317, 318, 347], 
562: [342, 343, 346], 
563: [347, 346, 343], 
564: [346, 347, 344], 
565: [348, 344, 347], 
566: [345, 322, 402], 
567: [322, 401, 402], 
568: [373, 331, 372], 
569: [323, 372, 331], 
570: [365, 351, 364], 
571: [363, 364, 351], 
572: [359, 353, 358], 
573: [358, 353, 357], 
574: [354, 352, 356], 
575: [355, 356, 352], 
576: [356, 355, 68], 
577: [68, 355, 61], 
578: [358, 357, 356], 
579: [356, 357, 354], 
580: [72, 358, 68], 
581: [358, 356, 68], 
582: [64, 359, 72], 
583: [359, 358, 72], 
584: [362, 360, 361], 
585: [361, 360, 350], 
586: [354, 362, 352], 
587: [352, 362, 361], 
588: [363, 360, 364], 
589: [360, 362, 364], 
590: [357, 364, 354], 
591: [364, 362, 354], 
592: [365, 364, 353], 
593: [364, 357, 353], 
594: [368, 369, 324], 
595: [324, 369, 327], 
596: [367, 366, 359], 
597: [359, 366, 353], 
598: [82, 367, 64], 
599: [367, 359, 64], 
600: [366, 367, 368], 
601: [367, 369, 368], 
602: [85, 369, 82], 
603: [369, 367, 82], 
604: [31, 327, 85], 
605: [327, 369, 85], 
606: [365, 371, 351], 
607: [371, 370, 351], 
608: [353, 366, 365], 
609: [366, 371, 365], 
610: [371, 373, 370], 
611: [373, 372, 370], 
612: [366, 368, 371], 
613: [368, 373, 371], 
614: [368, 324, 373], 
615: [331, 373, 324], 
616: [374, 390, 392], 
617: [390, 391, 392], 
618: [382, 376, 381], 
619: [381, 376, 380], 
620: [379, 377, 378], 
621: [378, 377, 375], 
622: [360, 379, 350], 
623: [379, 378, 350], 
624: [381, 380, 379], 
625: [379, 380, 377], 
626: [363, 381, 360], 
627: [381, 379, 360], 
628: [351, 382, 363], 
629: [382, 381, 363], 
630: [387, 383, 386], 
631: [386, 383, 349], 
632: [377, 385, 375], 
633: [375, 385, 384], 
634: [385, 387, 384], 
635: [384, 387, 386], 
636: [389, 380, 388], 
637: [388, 380, 376], 
638: [380, 389, 377], 
639: [389, 385, 377], 
640: [390, 383, 391], 
641: [383, 387, 391], 
642: [389, 391, 385], 
643: [391, 387, 385], 
644: [388, 392, 389], 
645: [392, 391, 389], 
646: [395, 396, 335], 
647: [335, 396, 337], 
648: [394, 393, 382], 
649: [382, 393, 376], 
650: [382, 351, 394], 
651: [370, 394, 351], 
652: [394, 396, 393], 
653: [396, 395, 393], 
654: [370, 372, 394], 
655: [372, 396, 394], 
656: [372, 323, 396], 
657: [337, 396, 323], 
658: [399, 397, 392], 
659: [392, 397, 374], 
660: [393, 398, 376], 
661: [398, 388, 376], 
662: [398, 399, 388], 
663: [388, 399, 392], 
664: [400, 395, 341], 
665: [341, 395, 335], 
666: [393, 395, 398], 
667: [395, 400, 398], 
668: [402, 401, 399], 
669: [399, 401, 397], 
670: [400, 402, 398], 
671: [402, 399, 398], 
672: [341, 345, 400], 
673: [345, 402, 400], 
674: [414, 415, 413], 
675: [413, 415, 405], 
676: [409, 410, 404], 
677: [410, 406, 404], 
678: [384, 408, 403], 
679: [408, 407, 403], 
680: [407, 408, 409], 
681: [408, 410, 409], 
682: [349, 411, 386], 
683: [411, 412, 386], 
684: [386, 412, 384], 
685: [412, 408, 384], 
686: [410, 414, 406], 
687: [414, 413, 406], 
688: [408, 412, 410], 
689: [412, 414, 410], 
690: [412, 411, 414], 
691: [415, 414, 411], 
692: [30, 5, 432], 
693: [5, 416, 432], 
694: [416, 417, 432], 
695: [432, 417, 431], 
696: [417, 418, 431], 
697: [431, 418, 430], 
698: [418, 419, 430], 
699: [419, 420, 430], 
700: [420, 421, 430], 
701: [421, 422, 430], 
702: [422, 423, 430], 
703: [423, 424, 430], 
704: [424, 425, 430], 
705: [425, 426, 430], 
706: [430, 426, 427], 
707: [427, 428, 430], 
708: [428, 429, 430], 
709: [228, 153, 498], 
710: [497, 498, 153], 
711: [462, 463, 155], 
712: [463, 188, 155], 
713: [435, 451, 453], 
714: [451, 452, 453], 
715: [598, 442, 597], 
716: [442, 443, 597], 
717: [600, 439, 599], 
718: [439, 440, 599], 
719: [151, 440, 439], 
720: [599, 440, 598], 
721: [440, 442, 598], 
722: [442, 440, 151], 
723: [443, 442, 151], 
724: [434, 447, 444], 
725: [447, 448, 444], 
726: [446, 445, 438], 
727: [436, 438, 445], 
728: [447, 445, 448], 
729: [445, 446, 448], 
730: [449, 450, 437], 
731: [450, 441, 437], 
732: [446, 438, 450], 
733: [441, 450, 438], 
734: [444, 448, 451], 
735: [448, 452, 451], 
736: [448, 446, 452], 
737: [452, 446, 450], 
738: [453, 452, 449], 
739: [452, 450, 449], 
740: [456, 457, 175], 
741: [175, 457, 180], 
742: [597, 443, 454], 
743: [443, 455, 454], 
744: [151, 455, 443], 
745: [454, 455, 456], 
746: [455, 457, 456], 
747: [151, 457, 455], 
748: [180, 457, 151], 
749: [458, 601, 460], 
750: [601, 602, 460], 
751: [603, 597, 459], 
752: [459, 597, 454], 
753: [460, 602, 459], 
754: [602, 603, 459], 
755: [184, 461, 175], 
756: [461, 456, 175], 
757: [461, 459, 456], 
758: [456, 459, 454], 
759: [462, 458, 463], 
760: [458, 460, 463], 
761: [463, 460, 461], 
762: [460, 459, 461], 
763: [188, 463, 184], 
764: [463, 461, 184], 
765: [464, 484, 486], 
766: [484, 485, 486], 
767: [475, 476, 474], 
768: [474, 476, 466], 
769: [467, 465, 471], 
770: [470, 471, 465], 
771: [468, 434, 469], 
772: [434, 444, 469], 
773: [470, 468, 471], 
774: [468, 469, 471], 
775: [473, 451, 472], 
776: [472, 451, 435], 
777: [469, 444, 473], 
778: [451, 473, 444], 
779: [471, 475, 467], 
780: [467, 475, 474], 
781: [475, 471, 473], 
782: [471, 469, 473], 
783: [476, 475, 472], 
784: [475, 473, 472], 
785: [433, 480, 477], 
786: [480, 481, 477], 
787: [478, 465, 479], 
788: [465, 467, 479], 
789: [480, 478, 481], 
790: [478, 479, 481], 
791: [482, 483, 466], 
792: [483, 474, 466], 
793: [483, 479, 474], 
794: [474, 479, 467], 
795: [484, 477, 485], 
796: [477, 481, 485], 
797: [485, 481, 483], 
798: [481, 479, 483], 
799: [482, 486, 483], 
800: [486, 485, 483], 
801: [212, 491, 220], 
802: [491, 492, 220], 
803: [605, 489, 604], 
804: [489, 487, 604], 
805: [488, 606, 458], 
806: [458, 606, 601], 
807: [606, 488, 605], 
808: [488, 489, 605], 
809: [216, 490, 155], 
810: [490, 462, 155], 
811: [490, 488, 462], 
812: [462, 488, 458], 
813: [489, 492, 487], 
814: [492, 491, 487], 
815: [488, 490, 489], 
816: [490, 492, 489], 
817: [492, 490, 220], 
818: [220, 490, 216], 
819: [493, 607, 495], 
820: [607, 608, 495], 
821: [494, 609, 487], 
822: [609, 604, 487], 
823: [494, 495, 609], 
824: [495, 608, 609], 
825: [496, 491, 224], 
826: [224, 491, 212], 
827: [496, 494, 491], 
828: [491, 494, 487], 
829: [497, 493, 498], 
830: [493, 495, 498], 
831: [498, 495, 496], 
832: [495, 494, 496], 
833: [498, 496, 228], 
834: [228, 496, 224], 
835: [559, 557, 558], 
836: [530, 529, 501], 
837: [501, 529, 528], 
838: [516, 515, 502], 
839: [514, 502, 515], 
840: [626, 627, 508], 
841: [627, 503, 508], 
842: [439, 600, 611], 
843: [600, 610, 611], 
844: [151, 439, 236], 
845: [236, 439, 611], 
846: [505, 504, 507], 
847: [504, 506, 507], 
848: [236, 611, 595], 
849: [595, 611, 612], 
850: [239, 626, 233], 
851: [233, 626, 508], 
852: [511, 447, 509], 
853: [447, 434, 509], 
854: [436, 445, 504], 
855: [445, 510, 504], 
856: [445, 447, 510], 
857: [447, 511, 510], 
858: [512, 503, 628], 
859: [503, 627, 628], 
860: [513, 506, 510], 
861: [506, 504, 510], 
862: [515, 511, 514], 
863: [509, 514, 511], 
864: [513, 510, 515], 
865: [515, 510, 511], 
866: [512, 628, 630], 
867: [630, 628, 629], 
868: [522, 521, 517], 
869: [517, 521, 520], 
870: [503, 518, 508], 
871: [508, 518, 519], 
872: [233, 508, 252], 
873: [252, 508, 519], 
874: [521, 519, 520], 
875: [519, 518, 520], 
876: [252, 519, 255], 
877: [255, 519, 521], 
878: [521, 522, 255], 
879: [522, 230, 255], 
880: [525, 630, 632], 
881: [630, 631, 632], 
882: [518, 503, 524], 
883: [503, 512, 524], 
884: [524, 512, 525], 
885: [512, 630, 525], 
886: [517, 520, 526], 
887: [526, 520, 527], 
888: [520, 518, 527], 
889: [518, 524, 527], 
890: [529, 525, 528], 
891: [525, 632, 528], 
892: [524, 525, 527], 
893: [527, 525, 529], 
894: [526, 527, 530], 
895: [530, 527, 529], 
896: [433, 545, 544], 
897: [537, 531, 538], 
898: [531, 539, 538], 
899: [534, 470, 532], 
900: [470, 465, 532], 
901: [509, 434, 533], 
902: [434, 468, 533], 
903: [470, 534, 468], 
904: [468, 534, 533], 
905: [502, 514, 535], 
906: [514, 536, 535], 
907: [514, 509, 536], 
908: [509, 533, 536], 
909: [532, 537, 534], 
910: [534, 537, 538], 
911: [534, 538, 533], 
912: [533, 538, 536], 
913: [536, 538, 535], 
914: [539, 535, 538], 
915: [480, 433, 541], 
916: [465, 478, 532], 
917: [478, 540, 532], 
918: [478, 480, 540], 
919: [480, 541, 540], 
920: [531, 537, 542], 
921: [542, 537, 543], 
922: [537, 532, 543], 
923: [532, 540, 543], 
924: [433, 544, 541], 
925: [543, 540, 544], 
926: [544, 540, 541], 
927: [542, 543, 545], 
928: [545, 543, 544], 
929: [552, 546, 553], 
930: [546, 554, 553], 
931: [549, 539, 547], 
932: [539, 531, 547], 
933: [523, 502, 548], 
934: [502, 535, 548], 
935: [535, 539, 548], 
936: [539, 549, 548], 
937: [501, 528, 499], 
938: [499, 528, 500], 
939: [528, 634, 500], 
940: [634, 550, 500], 
941: [528, 632, 634], 
942: [632, 633, 634], 
943: [553, 549, 552], 
944: [549, 547, 552], 
945: [551, 548, 553], 
946: [548, 549, 553], 
947: [550, 634, 636], 
948: [636, 634, 635], 
949: [545, 433, 556], 
950: [547, 531, 555], 
951: [531, 542, 555], 
952: [555, 542, 556], 
953: [542, 545, 556], 
954: [558, 557, 552], 
955: [557, 546, 552], 
956: [552, 547, 558], 
957: [547, 555, 558], 
958: [433, 560, 556], 
959: [558, 555, 559], 
960: [560, 559, 556], 
961: [559, 555, 556]]
Per Vertex Normals
[0: [0, 1, -3.07314e-010], 
 1: [0, 1, 1.35971e-009], 
 2: [0, 1, 6.00063e-010], 
 3: [0, 1, -2.43768e-010], 
 4: [0, 1, -5.19012e-011], 
 5: [-1.2495e-007, 0.711295, 0.702894], 
 6: [0, 1, -1.77693e-010], 
 7: [0, 1, -1.27193e-011], 
 8: [0, 1, -5.43756e-010], 
 9: [0, 1, -3.41789e-010], 
 10: [0, 1, 1.2491e-010], 
 11: [0, 1, -1.37353e-010], 
 12: [0, 1, -3.86237e-010], 
 13: [1.61316e-009, 1, 3.14239e-010], 
 14: [1.64439e-010, 1, -2.7026e-010], 
 15: [0, 1, 2.37957e-010], 
 16: [0, 1, -2.63907e-010], 
 17: [0, 1, -1.44929e-010], 
 18: [8.2536e-009, -0.991106, -0.133078], 
 19: [0.0144737, -0.989609, -0.143056], 
 20: [0.0945959, -0.984188, -0.149749], 
 21: [0.176786, -0.980774, -0.0826445], 
 22: [0.175862, -0.983697, -0.0375802], 
 23: [0.16565, -0.985949, -0.0215534], 
 24: [0.15988, -0.987002, -0.0163021], 
 25: [0.159295, -0.98718, -0.0100809], 
 26: [0.158028, -0.987432, -0.00215375], 
 27: [0.163783, -0.986495, 0.00137717], 
 28: [0, -1, -6.6471e-009], 
 29: [-3.98813e-012, -1, -4.98944e-009], 
 30: [-4.67294e-008, -0.71137, 0.702817], 
 31: [1.89993e-007, 0.0475597, -0.998868], 
 32: [0.999854, 0.0040838, 0.0165752], 
 33: [0.964091, -0.0266807, -0.264229], 
 34: [0.50537, 0.139987, -0.851472], 
 35: [-5.66355e-008, -0.470575, -0.88236], 
 36: [0.452334, -0.41983, -0.786852], 
 37: [0.11109, -0.452675, -0.884729], 
 38: [0.138889, 0.0606046, -0.988452], 
 39: [-3.72453e-008, -0.854873, -0.518838], 
 40: [0.062789, -0.840842, -0.537626], 
 41: [0.302522, -0.806578, -0.50785], 
 42: [0.894699, -0.38464, -0.227083], 
 43: [0.835454, 0.0936126, -0.541528], 
 44: [0.788863, -0.392316, -0.473058], 
 45: [0.543017, -0.784089, -0.300561], 
 46: [0.597731, -0.788689, -0.143831], 
 47: [0.988245, -0.104561, -0.111527], 
 48: [0.90834, -0.406565, -0.0981049], 
 49: [0.984342, -0.0890568, -0.152116], 
 50: [0.909021, -0.395089, -0.132608], 
 51: [0.591847, -0.801842, -0.0822571], 
 52: [0.581604, -0.811161, -0.0612777], 
 53: [0.992202, -0.102398, -0.0710555], 
 54: [0.909324, -0.41167, -0.0604713], 
 55: [0.579523, -0.814078, -0.0378133], 
 56: [0.908336, -0.418173, 0.00755694], 
 57: [0.996534, -0.0815818, -0.0162753], 
 58: [0.909994, -0.414403, -0.0134675], 
 59: [0.577571, -0.816298, -0.0083025], 
 60: [0.577085, -0.816669, 0.00485038], 
 61: [-1.15087e-009, 0.999418, -0.0341217], 
 62: [-0.138802, 0.990318, -0.00191163], 
 63: [-0.0609042, 0.997855, 0.0240126], 
 64: [2.14782e-008, 0.831112, -0.556104], 
 65: [0.618464, 0.768732, -0.162951], 
 66: [-0.0378256, 0.998529, 0.0388513], 
 67: [0.248048, 0.854732, -0.455966], 
 68: [5.93844e-010, 0.996672, -0.0815191], 
 69: [-0.0104094, 0.999633, -0.0249934], 
 70: [-0.00484687, 0.999928, 0.0109586], 
 71: [-0.0168596, 0.998748, -0.0470976], 
 72: [1.75834e-008, 0.96298, -0.269573], 
 73: [0.0900874, 0.976128, -0.197631], 
 74: [0.00411803, 0.969308, -0.245813], 
 75: [0.0536686, 0.837249, -0.544182], 
 76: [0.0274907, 0.999573, 0.00993269], 
 77: [-0.0610018, 0.997337, 0.0399755], 
 78: [0.00923655, 0.999956, -0.00134553], 
 79: [0.276033, 0.959452, -0.0570697], 
 80: [0.196728, 0.973198, -0.119096], 
 81: [0.469711, 0.831134, -0.297637], 
 82: [-9.01775e-008, 0.507247, -0.861801], 
 83: [0.412107, 0.561778, -0.717338], 
 84: [0.113347, 0.516128, -0.848978], 
 85: [1.85577e-008, 0.164374, -0.986398], 
 86: [0.488019, 0.25767, -0.833932], 
 87: [0.136445, 0.181539, -0.973872], 
 88: [0.881135, 0.398949, -0.25385], 
 89: [0.717693, 0.514811, -0.468921], 
 90: [0.959567, 0.0794006, -0.270051], 
 91: [0.823193, 0.205594, -0.529231], 
 92: [0.755927, 0.654072, 0.0276676], 
 93: [-0.0259913, 0.999654, 0.00398928], 
 94: [0.715724, 0.695077, -0.0678773], 
 95: [0.0633947, 0.997986, -0.00236444], 
 96: [-0.0432257, 0.998993, 0.0120155], 
 97: [0.0464815, 0.998909, 0.00448402], 
 98: [0.338192, 0.94068, -0.0273207], 
 99: [0.317877, 0.947547, -0.0332927], 
 100: [0.688461, 0.718924, -0.0957583], 
 101: [0.166526, 0.985993, 0.00934463], 
 102: [-0.183901, 0.98288, 0.0112408], 
 103: [0.0743487, 0.997232, -0.000272914], 
 104: [-0.174334, 0.984681, 0.00343918], 
 105: [0.0950741, 0.99546, 0.00450771], 
 106: [0.734338, 0.677848, -0.0356373], 
 107: [0.355531, 0.93458, -0.0125489], 
 108: [0.449539, 0.892997, 0.0216865], 
 109: [0.385998, 0.92246, 0.00853899], 
 110: [0.752188, 0.658919, 0.00623624], 
 111: [0.955271, 0.278904, -0.0983371], 
 112: [0.937964, 0.314769, -0.145411], 
 113: [0.994008, -0.0209784, -0.107279], 
 114: [0.988224, 0.00169876, -0.153002], 
 115: [0.94255, 0.332976, 0.0269594], 
 116: [0.962317, 0.266018, -0.0564036], 
 117: [0.963833, 0.266496, -0.00222824], 
 118: [0.997733, -0.0217378, -0.0636932], 
 119: [0.995828, 0.0888591, 0.0207594], 
 120: [0.999953, -0.00359191, -0.00903956], 
 121: [-0.360081, 0.932542, 0.0265904], 
 122: [-0.99268, 0.104296, 0.0609006], 
 123: [-0.994166, 0.106924, -0.0142031], 
 124: [-0.993448, 0.1058, 0.0432173], 
 125: [-0.585815, 0.809618, 0.0366075], 
 126: [-0.658264, 0.752122, 0.0316434], 
 127: [-0.951568, 0.301538, 0.059949], 
 128: [-0.955377, 0.29224, 0.0430163], 
 129: [-0.648385, 0.761259, -0.00904088], 
 130: [-0.654861, 0.755735, 0.00463995], 
 131: [-0.994251, 0.106883, 0.0064332], 
 132: [-0.955356, 0.295391, 0.00623302], 
 133: [-0.954644, 0.297444, -0.0135212], 
 134: [-0.0144902, 0.0200016, 0.999695], 
 135: [-0.0448708, 0.00215607, 0.99899], 
 136: [-0.0959608, 0.00074223, 0.995385], 
 137: [-0.117625, 0.0182459, 0.99289], 
 138: [-0.103429, 0.0302289, 0.994177], 
 139: [-0.094018, 0.0364642, 0.994902], 
 140: [-0.0962314, 0.036672, 0.994683], 
 141: [-0.101483, 0.0357561, 0.994195], 
 142: [-0.0935164, 0.03467, 0.995014], 
 143: [-0.0677664, 0.0296101, 0.997262], 
 144: [-0.0298355, 0.0193792, 0.999367], 
 145: [-0.042411, 0.0266255, 0.998745], 
 146: [-0.0643155, 0.0422702, 0.997034], 
 147: [-0.0347251, -8.22466e-006, 0.999397], 
 148: [-0.0889807, 0.0161586, 0.995902], 
 149: [-0.115259, -0.0273054, 0.99296], 
 150: [-0.0375653, 0.00332235, 0.999289], 
 151: [1.76723e-008, 0.995701, 0.0926281], 
 152: [0.997609, 0.0679896, -0.0123876], 
 153: [1.49223e-007, 0.916016, -0.401143], 
 154: [0.802088, 0.595036, 0.0508594], 
 155: [1.3593e-007, 0.764044, -0.645164], 
 156: [0.326787, 0.783332, -0.528773], 
 157: [0.186924, 0.978107, 0.0914662], 
 158: [0.0946604, 0.987378, -0.126979], 
 159: [0.164135, 0.983864, -0.0712098], 
 160: [0.0359997, 0.996728, 0.0723744], 
 161: [0.0409578, 0.999121, -0.00895248], 
 162: [0.117108, 0.987051, -0.109616], 
 163: [0.0454783, 0.998951, -0.0053314], 
 164: [0.0466267, 0.998906, -0.0036457], 
 165: [0.723333, 0.645573, -0.244999], 
 166: [0.326696, 0.939291, 0.104895], 
 167: [0.30368, 0.946635, -0.107984], 
 168: [0.603376, 0.792294, 0.0905934], 
 169: [0.57665, 0.79617, -0.183271], 
 170: [0.152504, 0.963723, -0.219045], 
 171: [0.20837, 0.960024, -0.186911], 
 172: [0.47901, 0.755081, -0.447663], 
 173: [0.387497, 0.857411, -0.338662], 
 174: [0.263309, 0.874921, -0.406425], 
 175: [3.41676e-009, 0.991583, -0.129476], 
 176: [0.0557233, 0.992591, -0.107973], 
 177: [0.0455439, 0.998923, -0.00887046], 
 178: [0.0385948, 0.991951, -0.120598], 
 179: [0.0415377, 0.999004, -0.0163097], 
 180: [-3.45675e-008, 0.999754, -0.022159], 
 181: [0.13565, 0.785957, -0.603218], 
 182: [0.0892533, 0.962055, -0.257844], 
 183: [0.133877, 0.870016, -0.474498], 
 184: [1.79881e-009, 0.950766, -0.309911], 
 185: [0.0482123, 0.955758, -0.290176], 
 186: [0.0476419, 0.771685, -0.634218], 
 187: [0.0584995, 0.849355, -0.52457], 
 188: [2.41011e-007, 0.834697, -0.550709], 
 189: [0.409353, 0.851457, -0.327797], 
 190: [0.956989, 0.289419, -0.0201956], 
 191: [0.30273, 0.897432, -0.320891], 
 192: [0.756893, 0.623076, -0.197204], 
 193: [0.886719, 0.462033, 0.0159953], 
 194: [0.787411, 0.557149, -0.26376], 
 195: [0.933865, 0.357387, -0.0130494], 
 196: [0.803466, 0.551399, -0.224504], 
 197: [0.371154, 0.744619, -0.554785], 
 198: [0.529476, 0.697211, -0.483272], 
 199: [0.441664, 0.837757, -0.321085], 
 200: [0.504861, 0.756719, -0.415321], 
 201: [0.344823, 0.826588, -0.444802], 
 202: [0.710766, 0.658434, -0.24754], 
 203: [0.975505, 0.219119, -0.0194325], 
 204: [0.777831, 0.602609, -0.178445], 
 205: [0.990717, 0.133956, -0.0231429], 
 206: [0.83088, 0.529642, -0.170638], 
 207: [0.306208, 0.908902, -0.28308], 
 208: [0.455553, 0.844048, -0.282938], 
 209: [0.459163, 0.827714, -0.322581], 
 210: [0.517035, 0.803134, -0.296059], 
 211: [0.386316, 0.863949, -0.323037], 
 212: [1.24648e-008, 0.955136, -0.296167], 
 213: [0.108339, 0.938451, -0.327982], 
 214: [0.129933, 0.778147, -0.614495], 
 215: [0.123268, 0.863774, -0.48857], 
 216: [-1.26397e-007, 0.801169, -0.598439], 
 217: [0.0484025, 0.787486, -0.614429], 
 218: [0.0467889, 0.94953, -0.310166], 
 219: [0.0511215, 0.876895, -0.477955], 
 220: [-1.97145e-007, 0.887452, -0.460899], 
 221: [0.143029, 0.914382, -0.378746], 
 222: [0.119897, 0.951402, -0.283654], 
 223: [0.150013, 0.929454, -0.337064], 
 224: [7.26956e-009, 0.964048, -0.265728], 
 225: [0.0565219, 0.959894, -0.274606], 
 226: [0.0465894, 0.918743, -0.392098], 
 227: [0.0590999, 0.937588, -0.342688], 
 228: [-4.44759e-008, 0.938055, -0.346487], 
 229: [0.0810686, 0.0539899, 0.995245], 
 230: [-1.4823e-007, -0.0013544, 0.999999], 
 231: [0.13059, 0.0559442, 0.989857], 
 232: [0.0850417, 0.0462705, 0.995302], 
 233: [-0.000290446, 0.384437, 0.923151], 
 234: [0.425517, 0.319929, 0.846511], 
 235: [0.113123, 0.293494, 0.949244], 
 236: [2.67436e-009, 0.978235, 0.2075], 
 237: [0.185409, 0.762, 0.620467], 
 238: [0.0801047, 0.784235, 0.615271], 
 239: [6.16092e-009, 0.526329, 0.850281], 
 240: [0.150145, 0.64826, 0.746469], 
 241: [0.0892809, 0.758609, 0.6454], 
 242: [0.0619099, 0.312687, 0.947836], 
 243: [0.714704, 0.534659, 0.45093], 
 244: [0.310495, 0.772286, 0.554226], 
 245: [0.51821, 0.665181, 0.537581], 
 246: [0.177877, 0.286965, 0.941281], 
 247: [0.267851, 0.559172, 0.78459], 
 248: [0.534032, 0.396199, 0.746884], 
 249: [0.407918, 0.444979, 0.797243], 
 250: [0.338324, 0.309438, 0.888698], 
 251: [0.0358647, 0.013301, 0.999268], 
 252: [-0.000388816, 0.165341, 0.986236], 
 253: [0.0845466, 0.168949, 0.981992], 
 254: [0.0440857, 0.165916, 0.985154], 
 255: [-3.26486e-008, 0.0474417, 0.998874], 
 256: [0.0567412, 0.0573847, 0.996738], 
 257: [0.02366, 0.0521989, 0.998356], 
 258: [0.0082685, 0.00522972, 0.999952], 
 259: [0.327937, 0.262885, 0.907386], 
 260: [0.134929, 0.171008, 0.975987], 
 261: [0.189929, 0.18047, 0.965069], 
 262: [0.0634374, 0.0214397, 0.997756], 
 263: [0.094494, 0.0675516, 0.993231], 
 264: [0.170035, 0.0918619, 0.981147], 
 265: [0.127791, 0.0797573, 0.988589], 
 266: [0.0810736, 0.0315482, 0.996209], 
 267: [0.878998, 0.282428, 0.384184], 
 268: [0.952238, 0.288668, 0.0995649], 
 269: [0.836451, 0.44033, 0.326282], 
 270: [0.912611, 0.359676, 0.194356], 
 271: [0.576861, 0.320904, 0.751167], 
 272: [0.701756, 0.380789, 0.602112], 
 273: [0.928219, 0.297487, 0.223409], 
 274: [0.828165, 0.365235, 0.425142], 
 275: [0.709028, 0.334669, 0.620706], 
 276: [0.974905, 0.219321, 0.0381939], 
 277: [0.991228, 0.131951, 0.00754032], 
 278: [0.960854, 0.199632, 0.19211], 
 279: [0.97107, 0.218107, 0.0972209], 
 280: [0.991264, 0.128948, 0.0277342], 
 281: [0.99137, 0.111197, 0.0694291], 
 282: [0.670552, 0.107229, 0.734072], 
 283: [0.791131, 0.217827, 0.571545], 
 284: [0.457326, 0.273954, 0.846051], 
 285: [0.562209, 0.252712, 0.787437], 
 286: [0.225656, 0.0809797, 0.970836], 
 287: [0.278433, 0.158051, 0.947362], 
 288: [0.69183, 0.166563, 0.702587], 
 289: [0.411214, 0.170501, 0.895451], 
 290: [0.367382, 0.101208, 0.924547], 
 291: [0.940137, 0.154448, 0.303789], 
 292: [0.99129, 0.0791426, 0.105268], 
 293: [0.901539, 0.0712635, 0.426789], 
 294: [0.901132, 0.128179, 0.414163], 
 295: [0.971278, 0.0967388, 0.217395], 
 296: [0.991973, 0.0563642, 0.113191], 
 297: [0, 1, -4.20265e-010], 
 298: [0, 1, -5.81361e-009], 
 299: [0, 1, 4.87912e-010], 
 300: [0, 1, -1.34921e-009], 
 301: [0, 1, -2.14894e-010], 
 302: [0, 1, -5.98029e-011], 
 303: [0, 1, -3.20407e-010], 
 304: [0, 1, -1.98156e-010], 
 305: [0, 1, 1.1272e-010], 
 306: [0, 1, -6.71818e-012], 
 307: [-1.61316e-009, 1, -2.44746e-010], 
 308: [-1.64439e-010, 1, -2.26903e-010], 
 309: [0, 1, -2.89858e-010], 
 310: [0, 1, -2.59506e-011], 
 311: [-0.0144737, -0.989609, -0.143055], 
 312: [-0.0945962, -0.984188, -0.149749], 
 313: [-0.176785, -0.980774, -0.0826443], 
 314: [-0.175862, -0.983697, -0.0375802], 
 315: [-0.16565, -0.985949, -0.0215534], 
 316: [-0.15988, -0.987002, -0.0163021], 
 317: [-0.159295, -0.98718, -0.0100809], 
 318: [-0.158029, -0.987432, -0.00215376], 
 319: [-0.163783, -0.986495, 0.00137714], 
 320: [0, -1, 4.98971e-009], 
 321: [2.71416e-011, -1, 4.22211e-009], 
 322: [-0.999854, 0.00408432, 0.0165752], 
 323: [-0.964091, -0.0266801, -0.264229], 
 324: [-0.505369, 0.139987, -0.851472], 
 325: [-0.452334, -0.419831, -0.786852], 
 326: [-0.11109, -0.452675, -0.884729], 
 327: [-0.138889, 0.0606045, -0.988452], 
 328: [-0.0627891, -0.840842, -0.537626], 
 329: [-0.302522, -0.806578, -0.50785], 
 330: [-0.894698, -0.384641, -0.227083], 
 331: [-0.835454, 0.0936125, -0.541528], 
 332: [-0.788863, -0.392315, -0.473059], 
 333: [-0.543018, -0.784088, -0.300562], 
 334: [-0.597731, -0.788689, -0.143831], 
 335: [-0.988245, -0.104561, -0.111527], 
 336: [-0.90834, -0.406563, -0.0981051], 
 337: [-0.984342, -0.089057, -0.152116], 
 338: [-0.909021, -0.395089, -0.132608], 
 339: [-0.591848, -0.801842, -0.0822574], 
 340: [-0.581605, -0.81116, -0.0612777], 
 341: [-0.992202, -0.102398, -0.0710556], 
 342: [-0.909324, -0.411672, -0.0604711], 
 343: [-0.579523, -0.814079, -0.0378132], 
 344: [-0.908336, -0.418173, 0.00755695], 
 345: [-0.996534, -0.0815807, -0.0162753], 
 346: [-0.909993, -0.414404, -0.0134675], 
 347: [-0.577571, -0.816298, -0.00830247], 
 348: [-0.577086, -0.816669, 0.00485034], 
 349: [0.138803, 0.990318, -0.00191167], 
 350: [0.0609042, 0.997855, 0.0240126], 
 351: [-0.618463, 0.768733, -0.162951], 
 352: [0.0378255, 0.998529, 0.0388513], 
 353: [-0.248048, 0.854732, -0.455966], 
 354: [0.0104094, 0.999633, -0.0249935], 
 355: [0.00484689, 0.999928, 0.0109585], 
 356: [0.0168597, 0.998748, -0.0470977], 
 357: [-0.0900876, 0.976128, -0.197632], 
 358: [-0.00411801, 0.969308, -0.245813], 
 359: [-0.0536685, 0.837249, -0.544182], 
 360: [-0.0274907, 0.999573, 0.00993265], 
 361: [0.0610018, 0.997337, 0.0399755], 
 362: [-0.00923658, 0.999956, -0.0013455], 
 363: [-0.276033, 0.959452, -0.0570699], 
 364: [-0.196728, 0.973198, -0.119096], 
 365: [-0.469712, 0.831134, -0.297637], 
 366: [-0.412108, 0.561778, -0.717337], 
 367: [-0.113347, 0.516128, -0.848978], 
 368: [-0.488019, 0.25767, -0.833932], 
 369: [-0.136445, 0.181539, -0.973872], 
 370: [-0.881135, 0.398949, -0.25385], 
 371: [-0.717692, 0.514811, -0.468921], 
 372: [-0.959567, 0.0794003, -0.27005], 
 373: [-0.823192, 0.205594, -0.529231], 
 374: [-0.755927, 0.654071, 0.0276675], 
 375: [0.0259913, 0.999654, 0.0039893], 
 376: [-0.715724, 0.695077, -0.0678772], 
 377: [-0.0633948, 0.997986, -0.00236447], 
 378: [0.0432257, 0.998993, 0.0120155], 
 379: [-0.0464815, 0.998909, 0.00448406], 
 380: [-0.338192, 0.94068, -0.0273206], 
 381: [-0.317877, 0.947547, -0.0332926], 
 382: [-0.688461, 0.718924, -0.0957585], 
 383: [-0.166526, 0.985993, 0.00934462], 
 384: [0.183901, 0.98288, 0.0112408], 
 385: [-0.0743486, 0.997232, -0.000272885], 
 386: [0.174334, 0.984681, 0.00343918], 
 387: [-0.0950743, 0.99546, 0.00450771], 
 388: [-0.734338, 0.677848, -0.0356373], 
 389: [-0.355531, 0.93458, -0.0125488], 
 390: [-0.449539, 0.892997, 0.0216865], 
 391: [-0.385999, 0.92246, 0.00853901], 
 392: [-0.752189, 0.658918, 0.00623627], 
 393: [-0.955271, 0.278904, -0.098337], 
 394: [-0.937964, 0.314769, -0.145411], 
 395: [-0.994008, -0.0209787, -0.107278], 
 396: [-0.988224, 0.00169902, -0.153002], 
 397: [-0.94255, 0.332975, 0.0269593], 
 398: [-0.962317, 0.266018, -0.0564036], 
 399: [-0.963833, 0.266496, -0.00222821], 
 400: [-0.997733, -0.0217377, -0.0636933], 
 401: [-0.995828, 0.0888592, 0.0207594], 
 402: [-0.999953, -0.00359116, -0.0090395], 
 403: [0.360081, 0.932542, 0.0265904], 
 404: [0.99268, 0.104296, 0.0609006], 
 405: [0.994164, 0.106936, -0.0142205], 
 406: [0.993448, 0.1058, 0.0432171], 
 407: [0.585815, 0.809618, 0.0366075], 
 408: [0.658264, 0.752122, 0.0316435], 
 409: [0.951568, 0.301538, 0.0599492], 
 410: [0.955377, 0.29224, 0.0430164], 
 411: [0.64844, 0.761211, -0.00916146], 
 412: [0.65489, 0.75571, 0.0047004], 
 413: [0.99425, 0.106889, 0.00644194], 
 414: [0.955345, 0.295426, 0.00629739], 
 415: [0.95462, 0.297515, -0.0136485], 
 416: [0.0144894, 0.0200036, 0.999695], 
 417: [0.0448707, 0.00215644, 0.99899], 
 418: [0.0959605, 0.000742888, 0.995385], 
 419: [0.117625, 0.0182456, 0.99289], 
 420: [0.103429, 0.0302289, 0.994177], 
 421: [0.0940185, 0.0364641, 0.994902], 
 422: [0.0962316, 0.0366722, 0.994683], 
 423: [0.101486, 0.0357567, 0.994194], 
 424: [0.0935232, 0.0346704, 0.995013], 
 425: [0.0677595, 0.0296095, 0.997262], 
 426: [0.0298331, 0.0193775, 0.999367], 
 427: [0.0424073, 0.0266242, 0.998746], 
 428: [0.0643182, 0.0422713, 0.997034], 
 429: [0.0347345, 5.24499e-006, 0.999397], 
 430: [0.0889817, 0.0161599, 0.995902], 
 431: [0.115259, -0.0273042, 0.99296], 
 432: [0.0375654, 0.00332269, 0.999289], 
 433: [-0.997609, 0.0679888, -0.0123877], 
 434: [-0.802088, 0.595037, 0.0508592], 
 435: [-0.326788, 0.783332, -0.528772], 
 436: [-0.186924, 0.978107, 0.0914657], 
 437: [-0.0946605, 0.987378, -0.126979], 
 438: [-0.164135, 0.983864, -0.07121], 
 439: [-0.0359998, 0.996728, 0.0723741], 
 440: [-0.0409578, 0.999121, -0.00895272], 
 441: [-0.117108, 0.987051, -0.109616], 
 442: [-0.0454783, 0.998951, -0.00533113], 
 443: [-0.0466272, 0.998906, -0.00364548], 
 444: [-0.723333, 0.645573, -0.244999], 
 445: [-0.326696, 0.939291, 0.104895], 
 446: [-0.30368, 0.946635, -0.107985], 
 447: [-0.603376, 0.792294, 0.0905933], 
 448: [-0.57665, 0.79617, -0.183271], 
 449: [-0.152504, 0.963723, -0.219045], 
 450: [-0.208369, 0.960024, -0.186911], 
 451: [-0.47901, 0.755081, -0.447662], 
 452: [-0.387497, 0.857411, -0.338663], 
 453: [-0.263309, 0.874921, -0.406426], 
 454: [-0.0557234, 0.992591, -0.107973], 
 455: [-0.0455441, 0.998923, -0.00887037], 
 456: [-0.0385948, 0.991951, -0.120598], 
 457: [-0.041537, 0.999004, -0.01631], 
 458: [-0.13565, 0.785957, -0.603217], 
 459: [-0.0892531, 0.962055, -0.257845], 
 460: [-0.133878, 0.870016, -0.474499], 
 461: [-0.0482123, 0.955758, -0.290176], 
 462: [-0.0476423, 0.771685, -0.634218], 
 463: [-0.0584997, 0.849355, -0.52457], 
 464: [-0.409353, 0.851457, -0.327797], 
 465: [-0.956989, 0.289419, -0.0201968], 
 466: [-0.30273, 0.897432, -0.320891], 
 467: [-0.756893, 0.623076, -0.197204], 
 468: [-0.886719, 0.462033, 0.0159955], 
 469: [-0.78741, 0.55715, -0.26376], 
 470: [-0.933865, 0.357387, -0.0130493], 
 471: [-0.803466, 0.551399, -0.224504], 
 472: [-0.371154, 0.744619, -0.554785], 
 473: [-0.529476, 0.697211, -0.483272], 
 474: [-0.441664, 0.837757, -0.321085], 
 475: [-0.504861, 0.756719, -0.415321], 
 476: [-0.344823, 0.826588, -0.444802], 
 477: [-0.710767, 0.658433, -0.24754], 
 478: [-0.975504, 0.21912, -0.0194318], 
 479: [-0.777831, 0.602608, -0.178444], 
 480: [-0.990717, 0.133956, -0.0231428], 
 481: [-0.830882, 0.52964, -0.170638], 
 482: [-0.306208, 0.908902, -0.28308], 
 483: [-0.455553, 0.844048, -0.282938], 
 484: [-0.459163, 0.827714, -0.322581], 
 485: [-0.517035, 0.803134, -0.296058], 
 486: [-0.386315, 0.863949, -0.323037], 
 487: [-0.108339, 0.938451, -0.327982], 
 488: [-0.129933, 0.778147, -0.614496], 
 489: [-0.123268, 0.863774, -0.488569], 
 490: [-0.0484027, 0.787486, -0.614429], 
 491: [-0.0467891, 0.94953, -0.310166], 
 492: [-0.0511219, 0.876895, -0.477955], 
 493: [-0.143029, 0.914382, -0.378745], 
 494: [-0.119897, 0.951402, -0.283654], 
 495: [-0.150013, 0.929454, -0.337064], 
 496: [-0.0565223, 0.959894, -0.274606], 
 497: [-0.0465894, 0.918743, -0.392097], 
 498: [-0.0591001, 0.937588, -0.342688], 
 499: [-0.0810682, 0.05399, 0.995245], 
 500: [-0.130592, 0.0559444, 0.989856], 
 501: [-0.0850415, 0.0462705, 0.995302], 
 502: [-0.425517, 0.31993, 0.846511], 
 503: [-0.113123, 0.293494, 0.949244], 
 504: [-0.185409, 0.762, 0.620468], 
 505: [-0.0801049, 0.784235, 0.615271], 
 506: [-0.150145, 0.648259, 0.746469], 
 507: [-0.089281, 0.758609, 0.6454], 
 508: [-0.0615797, 0.312474, 0.947928], 
 509: [-0.714704, 0.53466, 0.450929], 
 510: [-0.310495, 0.772286, 0.554226], 
 511: [-0.51821, 0.665181, 0.53758], 
 512: [-0.177877, 0.286965, 0.941281], 
 513: [-0.267851, 0.559171, 0.784591], 
 514: [-0.534032, 0.396199, 0.746884], 
 515: [-0.407918, 0.444979, 0.797243], 
 516: [-0.338323, 0.309439, 0.888699], 
 517: [-0.0358647, 0.013301, 0.999268], 
 518: [-0.0845464, 0.168949, 0.981992], 
 519: [-0.043741, 0.166299, 0.985105], 
 520: [-0.0567412, 0.0573847, 0.996738], 
 521: [-0.02366, 0.0521989, 0.998356], 
 522: [-0.00826866, 0.00522971, 0.999952], 
 523: [-0.327937, 0.262885, 0.907386], 
 524: [-0.134929, 0.171008, 0.975987], 
 525: [-0.18993, 0.18047, 0.965069], 
 526: [-0.0634375, 0.0214397, 0.997755], 
 527: [-0.0944939, 0.0675516, 0.993231], 
 528: [-0.170036, 0.0918618, 0.981147], 
 529: [-0.12779, 0.0797572, 0.988589], 
 530: [-0.0810738, 0.0315482, 0.996209], 
 531: [-0.878998, 0.282428, 0.384183], 
 532: [-0.952239, 0.288668, 0.0995636], 
 533: [-0.836451, 0.44033, 0.326281], 
 534: [-0.912611, 0.359676, 0.194356], 
 535: [-0.57686, 0.320904, 0.751167], 
 536: [-0.701756, 0.380789, 0.602111], 
 537: [-0.928219, 0.297486, 0.22341], 
 538: [-0.828165, 0.365235, 0.425142], 
 539: [-0.709028, 0.33467, 0.620706], 
 540: [-0.974905, 0.219321, 0.0381936], 
 541: [-0.991227, 0.131952, 0.00753823], 
 542: [-0.960855, 0.199633, 0.192108], 
 543: [-0.97107, 0.218108, 0.0972177], 
 544: [-0.991264, 0.128947, 0.0277344], 
 545: [-0.99137, 0.111196, 0.069429], 
 546: [-0.670552, 0.107225, 0.734072], 
 547: [-0.79113, 0.217828, 0.571546], 
 548: [-0.457326, 0.273954, 0.846051], 
 549: [-0.562208, 0.252711, 0.787438], 
 550: [-0.225654, 0.080981, 0.970836], 
 551: [-0.278433, 0.158051, 0.947362], 
 552: [-0.704345, 0.1362, 0.696669], 
 553: [-0.452824, 0.143647, 0.879952], 
 554: [-0.527103, 0.0887288, 0.845157], 
 555: [-0.940137, 0.154448, 0.303789], 
 556: [-0.99129, 0.0791404, 0.105267], 
 557: [-0.901528, 0.0713485, 0.426797], 
 558: [-0.911113, 0.095326, 0.400982], 
 559: [-0.971215, 0.0961646, 0.217929], 
 560: [-0.991974, 0.0563559, 0.113188], 
 561: [0.124138, -0.224733, -0.966481], 
 562: [0.484488, -0.208739, -0.849529], 
 563: [-2.86029e-008, -0.234891, -0.972022], 
 564: [0.838695, -0.186905, -0.511524], 
 565: [0.953238, -0.17847, -0.243896], 
 566: [0.972079, -0.185038, -0.144302], 
 567: [0.975673, -0.191694, -0.106378], 
 568: [0.978537, -0.195399, -0.065461], 
 569: [0.980301, -0.196967, -0.0146181], 
 570: [0.980134, -0.198174, 0.00808628], 
 571: [-0.484488, -0.208741, -0.849529], 
 572: [-0.124137, -0.224733, -0.966481], 
 573: [-0.953238, -0.178472, -0.243896], 
 574: [-0.838695, -0.186904, -0.511525], 
 575: [-0.975673, -0.191694, -0.106378], 
 576: [-0.972079, -0.18504, -0.144302], 
 577: [-0.978536, -0.195401, -0.065461], 
 578: [-0.980133, -0.198176, 0.00808633], 
 579: [-0.980301, -0.196968, -0.014618], 
 580: [0.054303, 0.99777, -0.0388043], 
 581: [0.0585528, 0.994658, -0.0850097], 
 582: [0.0600743, 0.994601, 0.0846122], 
 583: [0.0539293, 0.998108, -0.0295403], 
 584: [0.168957, 0.882183, -0.439554], 
 585: [0.18293, 0.797165, -0.575383], 
 586: [0.105926, 0.965176, -0.239195], 
 587: [0.163877, 0.841669, -0.514527], 
 588: [0.140238, 0.923912, -0.355977], 
 589: [0.176889, 0.771933, -0.610597], 
 590: [0.207565, 0.920055, -0.332288], 
 591: [0.218062, 0.904874, -0.365584], 
 592: [0.162732, 0.941091, -0.296421], 
 593: [0.0347553, 0.959961, 0.27797], 
 594: [0.0801354, 0.97276, 0.217523], 
 595: [6.70714e-009, 0.950166, 0.311745], 
 596: [0.0465349, 0.796524, 0.602814], 
 597: [-0.0585527, 0.994658, -0.0850095], 
 598: [-0.054303, 0.99777, -0.0388039], 
 599: [-0.0539293, 0.998108, -0.0295404], 
 600: [-0.0600741, 0.994601, 0.084612], 
 601: [-0.18293, 0.797165, -0.575382], 
 602: [-0.168957, 0.882182, -0.439554], 
 603: [-0.105926, 0.965176, -0.239195], 
 604: [-0.140238, 0.923912, -0.355977], 
 605: [-0.163877, 0.841669, -0.514527], 
 606: [-0.176889, 0.771933, -0.610598], 
 607: [-0.218062, 0.904874, -0.365584], 
 608: [-0.207565, 0.920055, -0.332288], 
 609: [-0.162733, 0.941091, -0.296421], 
 610: [-0.0801349, 0.97276, 0.217523], 
 611: [-0.0347553, 0.959961, 0.277969], 
 612: [-0.0465348, 0.796526, 0.602811], 
 613: [0.961525, 0.0370117, 0.272213], 
 614: [0.919704, 0.0629553, 0.387533], 
 615: [0.135823, 0.337566, 0.931451], 
 616: [0.0722577, 0.390374, 0.917816], 
 617: [0.202293, 0.328496, 0.922588], 
 618: [0.24059, 0.276449, 0.930426], 
 619: [0.260767, 0.3348, 0.905489], 
 620: [0.238765, 0.173821, 0.955394], 
 621: [0.314052, 0.264979, 0.911678], 
 622: [0.71563, 0.106894, 0.690251], 
 623: [0.411829, 0.0990541, 0.905861], 
 624: [0.216349, 0.0995008, 0.971232], 
 625: [0.277499, 0.158111, 0.947626], 
 626: [-0.0722578, 0.390375, 0.917816], 
 627: [-0.135823, 0.337566, 0.931451], 
 628: [-0.202293, 0.328496, 0.922588], 
 629: [-0.260768, 0.3348, 0.905488], 
 630: [-0.24059, 0.276449, 0.930426], 
 631: [-0.314051, 0.264979, 0.911679], 
 632: [-0.238766, 0.173821, 0.955394], 
 633: [-0.2775, 0.15811, 0.947626], 
 634: [-0.21635, 0.0995013, 0.971232], 
 635: [-0.280245, 0.104321, 0.954243], 
 636: [-0.281011, 0.106351, 0.953794]]
Texture Coordinates
[0: [0.0347403, 0.288632],
1: [0.364954, 0.286663],
2: [0.21148, 0.292798],
3: [0.378926, 0.285344],
4: [0.378926, 0.19024],
5: [0.494312, 0.210117],
6: [0.378926, 0.258612],
7: [0.0363227, 0.258612],
8: [0.142281, 0.291961],
9: [0.142281, 0.258612],
10: [0.260604, 0.292266],
11: [0.260604, 0.258612],
12: [0.142281, 0.19024],
13: [0.0373888, 0.224426],
14: [0.142281, 0.224426],
15: [0.378926, 0.224426],
16: [0.260604, 0.224426],
17: [0.260604, 0.19024],
18: [0.93774, 0.650892],
19: [0.936434, 0.723203],
20: [0.929872, 0.757587],
21: [0.914469, 0.771322],
22: [0.886834, 0.779122],
23: [0.844339, 0.78543],
24: [0.784547, 0.792121],
25: [0.699042, 0.799959],
26: [0.555483, 0.805253],
27: [0.315552, 0.803202],
28: [0.321781, 0.761073],
29: [0.324415, 0.713218],
30: [0.542668, 0.510592],
31: [0.669125, 0.19024],
32: [0.0275446, 0.358597],
33: [0.608573, 0.331066],
34: [0.657931, 0.303334],
35: [0.954614, 0.650892],
36: [0.943828, 0.763201],
37: [0.952435, 0.725577],
38: [0.666824, 0.265257],
39: [0.94798, 0.650892],
40: [0.946144, 0.724643],
41: [0.938341, 0.760993],
42: [0.895246, 0.790172],
43: [0.63946, 0.320656],
44: [0.925734, 0.780082],
45: [0.921305, 0.776638],
46: [0.891939, 0.785828],
47: [0.500698, 0.346705],
48: [0.788056, 0.805487],
49: [0.56302, 0.339038],
50: [0.850068, 0.79794],
51: [0.847816, 0.793021],
52: [0.786677, 0.800232],
53: [0.413395, 0.355067],
54: [0.700974, 0.813785],
55: [0.700214, 0.808349],
56: [0.315063, 0.817271],
57: [0.268464, 0.360585],
58: [0.556211, 0.819275],
59: [0.555925, 0.813763],
60: [0.315255, 0.81174],
61: [0.594464, 0.19024],
62: [0.0327655, 0.315023],
63: [0.537379, 0.289499],
64: [0.657683, 0.19024],
65: [0.58837, 0.329228],
66: [0.58386, 0.261397],
67: [0.643618, 0.293763],
68: [0.626225, 0.19024],
69: [0.613451, 0.277397],
70: [0.592324, 0.234423],
71: [0.623977, 0.244519],
72: [0.64601, 0.19024],
73: [0.632208, 0.287528],
74: [0.643781, 0.251076],
75: [0.655525, 0.255344],
76: [0.561813, 0.309919],
77: [0.566454, 0.27783],
78: [0.593293, 0.296869],
79: [0.577901, 0.322309],
80: [0.61062, 0.308633],
81: [0.621533, 0.315476],
82: [0.664608, 0.19024],
83: [0.650774, 0.29787],
84: [0.6625, 0.258512],
85: [0.668138, 0.19024],
86: [0.655177, 0.300808],
87: [0.666002, 0.261522],
88: [0.595769, 0.332804],
89: [0.62886, 0.319406],
90: [0.601947, 0.333429],
91: [0.634344, 0.321042],
92: [0.0288028, 0.352196],
93: [0.431455, 0.306495],
94: [0.477206, 0.346782],
95: [0.4525, 0.32757],
96: [0.49347, 0.298615],
97: [0.515998, 0.319504],
98: [0.467058, 0.340079],
99: [0.531159, 0.332011],
100: [0.541345, 0.338811],
101: [0.0310067, 0.333585],
102: [0.345049, 0.313675],
103: [0.364301, 0.334995],
104: [0.215929, 0.317545],
105: [0.229706, 0.33838],
106: [0.388126, 0.354419],
107: [0.378091, 0.347634],
108: [0.0296871, 0.345236],
109: [0.240081, 0.350929],
110: [0.24799, 0.357888],
111: [0.484973, 0.34996],
112: [0.548836, 0.342109],
113: [0.492205, 0.349974],
114: [0.555481, 0.342232],
115: [0.0282569, 0.356347],
116: [0.396136, 0.357704],
117: [0.254452, 0.361521],
118: [0.403944, 0.35793],
119: [0.0279756, 0.35842],
120: [0.260804, 0.362378],
121: [0.398575, 0.309227],
122: [0.364927, 0.286316],
123: [0.034743, 0.288588],
124: [0.341608, 0.287707],
125: [0.36922, 0.297095],
126: [0.343069, 0.298732],
127: [0.36658, 0.288784],
128: [0.341957, 0.290334],
129: [0.0340185, 0.29982],
130: [0.215408, 0.302366],
131: [0.215023, 0.291167],
132: [0.215115, 0.293835],
133: [0.0346166, 0.291257],
134: [0.950885, 0.272725],
135: [0.950885, 0.315458],
136: [0.950885, 0.352982],
137: [0.919846, 0.356264],
138: [0.899922, 0.366968],
139: [0.892868, 0.385971],
140: [0.894203, 0.409174],
141: [0.898317, 0.423738],
142: [0.904828, 0.432438],
143: [0.914015, 0.437626],
144: [0.928674, 0.440217],
145: [0.952274, 0.440439],
146: [0.964482, 0.437967],
147: [0.973382, 0.431053],
148: [0.976826, 0.42038],
149: [0.976826, 0.367719],
150: [0.976826, 0.3079],
151: [0.149019, 0.471198],
152: [0.0599596, 0.874099],
153: [0.149019, 0.819015],
154: [0.060596, 0.9737],
155: [0.149019, 0.638844],
156: [0.209931, 0.964941],
157: [0.0605964, 0.996706],
158: [0.132532, 0.996692],
159: [0.0994284, 0.996079],
160: [0.0706352, 0.471197],
161: [0.0779519, 0.491077],
162: [0.120853, 0.996199],
163: [0.0888365, 0.502253],
164: [0.10199, 0.508556],
165: [0.152089, 0.967719],
166: [0.0605989, 0.992833],
167: [0.118031, 0.991135],
168: [0.0605927, 0.985164],
169: [0.134346, 0.982145],
170: [0.164915, 0.990908],
171: [0.148639, 0.990763],
172: [0.191464, 0.966111],
173: [0.168981, 0.981879],
174: [0.185852, 0.982116],
175: [0.149019, 0.558805],
176: [0.0967718, 0.551342],
177: [0.116319, 0.513122],
178: [0.12136, 0.556792],
179: [0.131549, 0.51631],
180: [0.149019, 0.517783],
181: [0.0703218, 0.630752],
182: [0.0848682, 0.586625],
183: [0.0764022, 0.606594],
184: [0.149019, 0.596234],
185: [0.114753, 0.593829],
186: [0.104013, 0.636918],
187: [0.108905, 0.612644],
188: [0.149019, 0.614011],
189: [0.378002, 0.875402],
190: [0.0603363, 0.915452],
191: [0.281075, 0.912675],
192: [0.209283, 0.910875],
193: [0.0605821, 0.956647],
194: [0.170817, 0.947875],
195: [0.0604998, 0.932273],
196: [0.188474, 0.924605],
197: [0.23704, 0.942699],
198: [0.215951, 0.945098],
199: [0.258281, 0.911659],
200: [0.236941, 0.923895],
201: [0.258937, 0.923497],
202: [0.284536, 0.875386],
203: [0.0602026, 0.900619],
204: [0.232243, 0.899391],
205: [0.060081, 0.886398],
206: [0.256439, 0.887862],
207: [0.307061, 0.903381],
208: [0.2823, 0.901308],
209: [0.34302, 0.875397],
210: [0.308761, 0.89026],
211: [0.33668, 0.892731],
212: [0.149019, 0.706988],
213: [0.0541993, 0.701886],
214: [0.0641943, 0.658924],
215: [0.058163, 0.680123],
216: [0.149019, 0.669733],
217: [0.0990957, 0.66622],
218: [0.0918422, 0.706696],
219: [0.0944682, 0.686595],
220: [0.149019, 0.689448],
221: [0.0458409, 0.808363],
222: [0.0509777, 0.728938],
223: [0.0481357, 0.760844],
224: [0.149019, 0.731688],
225: [0.0898293, 0.733146],
226: [0.0864576, 0.817666],
227: [0.0880069, 0.765642],
228: [0.149019, 0.763629],
229: [0.950883, 0.350088],
230: [0.950885, 0.229993],
231: [0.919817, 0.353172],
232: [0.950886, 0.347913],
233: [0.813388, 0.229993],
234: [0.027836, 0.944323],
235: [0.821918, 0.304435],
236: [0.149019, 0.452911],
237: [0.12364, 0.462448],
238: [0.0909091, 0.109547],
239: [0.80436, 0.229993],
240: [0.181818, 0.219093],
241: [0.0909091, 0.219093],
242: [0.817466, 0.274864],
243: [0.042525, 0.967503],
244: [0.105385, 0.736413],
245: [0.0405216, 0.979111],
246: [0.826847, 0.324296],
247: [0.15097, 0.597932],
248: [0.034046, 0.957459],
249: [0.0316097, 0.968315],
250: [0.0253548, 0.953992],
251: [0.950885, 0.28886],
252: [0.839958, 0.229993],
253: [0.846611, 0.299211],
254: [0.843191, 0.270225],
255: [0.893072, 0.229993],
256: [0.892927, 0.293991],
257: [0.892982, 0.265586],
258: [0.950886, 0.26138],
259: [0.0199314, 0.918793],
260: [0.850261, 0.320625],
261: [0.854514, 0.337563],
262: [0.950893, 0.313013],
263: [0.8929, 0.316959],
264: [0.892911, 0.349363],
265: [0.892897, 0.335184],
266: [0.9509, 0.33232],
267: [0.0363359, 0.905744],
268: [0.048691, 0.913174],
269: [0.0444507, 0.950751],
270: [0.0464313, 0.928799],
271: [0.0302423, 0.932403],
272: [0.0364177, 0.943093],
273: [0.0419658, 0.910468],
274: [0.0389, 0.92448],
275: [0.0328365, 0.917558],
276: [0.0515564, 0.899301],
277: [0.0552226, 0.885867],
278: [0.0415322, 0.894744],
279: [0.0461771, 0.897695],
280: [0.0520097, 0.885292],
281: [0.0491602, 0.884015],
282: [0.893922, 0.373747],
283: [0.0298443, 0.89465],
284: [0.0226425, 0.911217],
285: [0.0256266, 0.902174],
286: [0.899915, 0.363561],
287: [0.0162731, 0.874007],
288: [0.0240906, 0.873937],
289: [0.0194007, 0.873966],
290: [0.896375, 0.368136],
291: [0.0363143, 0.887547],
292: [0.0460227, 0.880603],
293: [0.893118, 0.377265],
294: [0.0315884, 0.873938],
295: [0.0369626, 0.873971],
296: [0.0431488, 0.874047],
297: [0.0347403, 0.091849],
298: [0.364954, 0.0938175],
299: [0.21148, 0.0876829],
300: [0.378926, 0.0951364],
301: [0.378926, 0.121869],
302: [0.0363227, 0.121869],
303: [0.142281, 0.0885198],
304: [0.142281, 0.121869],
305: [0.260604, 0.0882144],
306: [0.260604, 0.121869],
307: [0.0373888, 0.156055],
308: [0.142281, 0.156055],
309: [0.378926, 0.156055],
310: [0.260604, 0.156055],
311: [0.936434, 0.578581],
312: [0.929872, 0.544197],
313: [0.914469, 0.530461],
314: [0.886834, 0.522662],
315: [0.844339, 0.516354],
316: [0.784547, 0.509663],
317: [0.699042, 0.501825],
318: [0.555483, 0.49653],
319: [0.315552, 0.498582],
320: [0.321781, 0.540711],
321: [0.324415, 0.588566],
322: [0.0275446, 0.0218838],
323: [0.608573, 0.0494153],
324: [0.657931, 0.0771466],
325: [0.943828, 0.538583],
326: [0.952435, 0.576207],
327: [0.666824, 0.115223],
328: [0.946144, 0.57714],
329: [0.938341, 0.54079],
330: [0.895246, 0.511612],
331: [0.63946, 0.0598249],
332: [0.925734, 0.521702],
333: [0.921305, 0.525145],
334: [0.891939, 0.515956],
335: [0.500698, 0.0337756],
336: [0.788056, 0.496296],
337: [0.56302, 0.0414431],
338: [0.850068, 0.503844],
339: [0.847816, 0.508763],
340: [0.786677, 0.501552],
341: [0.413395, 0.0254141],
342: [0.700974, 0.487999],
343: [0.700214, 0.493435],
344: [0.315063, 0.484513],
345: [0.268464, 0.0198961],
346: [0.556211, 0.482509],
347: [0.555925, 0.488021],
348: [0.315255, 0.490044],
349: [0.0327655, 0.065458],
350: [0.537379, 0.0909818],
351: [0.58837, 0.0512531],
352: [0.58386, 0.119084],
353: [0.643618, 0.086718],
354: [0.613451, 0.103084],
355: [0.592324, 0.146058],
356: [0.623977, 0.135962],
357: [0.632208, 0.0929524],
358: [0.643781, 0.129405],
359: [0.655525, 0.125136],
360: [0.561813, 0.0705617],
361: [0.566454, 0.102651],
362: [0.593293, 0.0836123],
363: [0.577901, 0.0581722],
364: [0.61062, 0.0718482],
365: [0.621533, 0.0650046],
366: [0.650774, 0.0826109],
367: [0.6625, 0.121969],
368: [0.655177, 0.0796724],
369: [0.666002, 0.118959],
370: [0.595769, 0.0476773],
371: [0.62886, 0.0610745],
372: [0.601947, 0.0470514],
373: [0.634344, 0.0594387],
374: [0.0288028, 0.0282844],
375: [0.431455, 0.0739856],
376: [0.477206, 0.0336986],
377: [0.4525, 0.052911],
378: [0.49347, 0.0818663],
379: [0.515998, 0.060977],
380: [0.467058, 0.040402],
381: [0.531159, 0.0484698],
382: [0.541345, 0.0416698],
383: [0.0310067, 0.0468956],
384: [0.345049, 0.0668062],
385: [0.364301, 0.0454859],
386: [0.215929, 0.0629354],
387: [0.229706, 0.0421013],
388: [0.388126, 0.0260613],
389: [0.378091, 0.0328471],
390: [0.0296871, 0.0352444],
391: [0.240081, 0.0295514],
392: [0.247991, 0.0225927],
393: [0.484973, 0.0305209],
394: [0.548836, 0.0383721],
395: [0.492205, 0.0305072],
396: [0.555481, 0.0382492],
397: [0.0282569, 0.0241336],
398: [0.396137, 0.0227771],
399: [0.254452, 0.0189603],
400: [0.403944, 0.0225503],
401: [0.0279757, 0.022061],
402: [0.260804, 0.0181025],
403: [0.398575, 0.0712536],
404: [0.364927, 0.0941645],
405: [0.0347431, 0.0918927],
406: [0.341608, 0.0927735],
407: [0.36922, 0.0833856],
408: [0.343069, 0.0817491],
409: [0.36658, 0.0916972],
410: [0.341957, 0.0901466],
411: [0.0340185, 0.0806607],
412: [0.215408, 0.078115],
413: [0.215023, 0.089314],
414: [0.215115, 0.0866455],
415: [0.0346166, 0.0892235],
416: [0.950885, 0.187261],
417: [0.950885, 0.144528],
418: [0.950885, 0.107004],
419: [0.919846, 0.103722],
420: [0.899922, 0.0930183],
421: [0.892868, 0.074015],
422: [0.894203, 0.0508119],
423: [0.898317, 0.036248],
424: [0.904828, 0.027548],
425: [0.914015, 0.0223595],
426: [0.928674, 0.0197688],
427: [0.952274, 0.0195472],
428: [0.964482, 0.0220188],
429: [0.973382, 0.0289332],
430: [0.976826, 0.0396058],
431: [0.976826, 0.0922667],
432: [0.976826, 0.152086],
433: [0.0599596, 0.874099],
434: [0.060596, 0.9737],
435: [0.209931, 0.964941],
436: [0.0605964, 0.996706],
437: [0.132532, 0.996692],
438: [0.0994284, 0.996079],
439: [0.227403, 0.471197],
440: [0.220087, 0.491077],
441: [0.120853, 0.996199],
442: [0.209202, 0.502253],
443: [0.196048, 0.508556],
444: [0.152089, 0.967719],
445: [0.0605989, 0.992833],
446: [0.118031, 0.991135],
447: [0.0605928, 0.985164],
448: [0.134346, 0.982145],
449: [0.164915, 0.990908],
450: [0.148639, 0.990763],
451: [0.191464, 0.966111],
452: [0.168981, 0.981879],
453: [0.185852, 0.982116],
454: [0.201267, 0.551342],
455: [0.181719, 0.513122],
456: [0.176679, 0.556792],
457: [0.166489, 0.51631],
458: [0.227717, 0.630752],
459: [0.21317, 0.586625],
460: [0.221636, 0.606594],
461: [0.183286, 0.593829],
462: [0.194026, 0.636918],
463: [0.189133, 0.612644],
464: [0.378002, 0.875402],
465: [0.0603363, 0.915452],
466: [0.281075, 0.912675],
467: [0.209283, 0.910875],
468: [0.0605821, 0.956647],
469: [0.170817, 0.947875],
470: [0.0604998, 0.932273],
471: [0.188474, 0.924605],
472: [0.23704, 0.942699],
473: [0.215951, 0.945098],
474: [0.258281, 0.911659],
475: [0.236941, 0.923895],
476: [0.258937, 0.923497],
477: [0.284536, 0.875386],
478: [0.0602026, 0.900619],
479: [0.232243, 0.899391],
480: [0.060081, 0.886398],
481: [0.256439, 0.887862],
482: [0.307061, 0.903381],
483: [0.2823, 0.901308],
484: [0.34302, 0.875397],
485: [0.308761, 0.89026],
486: [0.33668, 0.892731],
487: [0.243839, 0.701886],
488: [0.233844, 0.658924],
489: [0.239876, 0.680123],
490: [0.198943, 0.66622],
491: [0.206196, 0.706696],
492: [0.20357, 0.686595],
493: [0.252198, 0.808363],
494: [0.247061, 0.728938],
495: [0.249903, 0.760844],
496: [0.208209, 0.733146],
497: [0.211581, 0.817666],
498: [0.210032, 0.765642],
499: [0.950883, 0.109898],
500: [0.919817, 0.106814],
501: [0.950886, 0.112073],
502: [0.027836, 0.944323],
503: [0.821918, 0.15555],
504: [0.12364, 0.462448],
505: [0.0909091, 0.109547],
506: [0.181818, 0.219093],
507: [0.0909091, 0.219093],
508: [0.817466, 0.185122],
509: [0.042525, 0.967503],
510: [0.105385, 0.736413],
511: [0.0405216, 0.979111],
512: [0.826847, 0.13569],
513: [0.15097, 0.597932],
514: [0.0340461, 0.957459],
515: [0.0316097, 0.968315],
516: [0.0253548, 0.953992],
517: [0.950885, 0.171126],
518: [0.846611, 0.160775],
519: [0.843191, 0.189761],
520: [0.892927, 0.165995],
521: [0.892982, 0.1944],
522: [0.950886, 0.198606],
523: [0.0199314, 0.918793],
524: [0.850261, 0.139361],
525: [0.854514, 0.122423],
526: [0.950893, 0.146972],
527: [0.8929, 0.143027],
528: [0.892911, 0.110623],
529: [0.892897, 0.124802],
530: [0.9509, 0.127666],
531: [0.0363359, 0.905744],
532: [0.048691, 0.913174],
533: [0.0444507, 0.950751],
534: [0.0464313, 0.928799],
535: [0.0302423, 0.932403],
536: [0.0364177, 0.943093],
537: [0.0419658, 0.910468],
538: [0.0389001, 0.92448],
539: [0.0328366, 0.917558],
540: [0.0515564, 0.899301],
541: [0.0552226, 0.885867],
542: [0.0415322, 0.894744],
543: [0.0461771, 0.897695],
544: [0.0520097, 0.885292],
545: [0.0491602, 0.884015],
546: [0.0238959, 0.872695],
547: [0.0298443, 0.89465],
548: [0.0226426, 0.911217],
549: [0.0256267, 0.902174],
550: [0.899915, 0.0964245],
551: [0.0162731, 0.874007],
552: [0.0240906, 0.873938],
553: [0.0194007, 0.873966],
554: [0.0188867, 0.869424],
555: [0.0363143, 0.887547],
556: [0.0460228, 0.880603],
557: [0.0315515, 0.873767],
558: [0.0315884, 0.873938],
559: [0.0369626, 0.873971],
560: [0.0431488, 0.874047],
561: [0.954673, 0.725909],
562: [0.94578, 0.763986],
563: [0.956974, 0.650892],
564: [0.927309, 0.781307],
565: [0.896422, 0.791717],
566: [0.850869, 0.799689],
567: [0.788547, 0.807357],
568: [0.701245, 0.815718],
569: [0.556313, 0.821236],
570: [0.315394, 0.819248],
571: [0.94578, 0.537798],
572: [0.954673, 0.575875],
573: [0.896422, 0.510067],
574: [0.927309, 0.520476],
575: [0.788547, 0.494427],
576: [0.850869, 0.502095],
577: [0.701245, 0.486066],
578: [0.315394, 0.482535],
579: [0.556313, 0.480548],
580: [0.053549, 0.531455],
581: [0.0739858, 0.543134],
582: [0.0288905, 0.471198],
583: [0.0376501, 0.51003],
584: [0.0476645, 0.596454],
585: [0.0414545, 0.620533],
586: [0.0577119, 0.575516],
587: [0.0286288, 0.669539],
588: [0.0235649, 0.691677],
589: [0.0351756, 0.647642],
590: [0.0154416, 0.747282],
591: [0.0124877, 0.788604],
592: [0.0192195, 0.717663],
593: [0.0767968, 0.445506],
594: [0.0350984, 0.446975],
595: [0.149019, 0.436236],
596: [0.0830007, 0.435729],
597: [0.224053, 0.543134],
598: [0.24449, 0.531455],
599: [0.260388, 0.51003],
600: [0.269148, 0.471198],
601: [0.256584, 0.620533],
602: [0.250374, 0.596454],
603: [0.240327, 0.575516],
604: [0.274474, 0.691677],
605: [0.26941, 0.669539],
606: [0.262863, 0.647642],
607: [0.285551, 0.788604],
608: [0.282597, 0.747282],
609: [0.278819, 0.717663],
610: [0.26294, 0.446975],
611: [0.221242, 0.445506],
612: [0.215038, 0.435729],
613: [0.892965, 0.378408],
614: [0.89299, 0.377267],
615: [0.811315, 0.309777],
616: [0.80754, 0.279507],
617: [0.815865, 0.328061],
618: [0.832949, 0.339947],
619: [0.822207, 0.342445],
620: [0.859348, 0.350413],
621: [0.840201, 0.351468],
622: [0.89299, 0.373749],
623: [0.892969, 0.368181],
624: [0.892938, 0.360182],
625: [0.86503, 0.360594],
626: [0.80754, 0.180479],
627: [0.811315, 0.150209],
628: [0.815865, 0.131925],
629: [0.822207, 0.117541],
630: [0.83295, 0.120039],
631: [0.840201, 0.108518],
632: [0.859348, 0.109573],
633: [0.86503, 0.0993918],
634: [0.892938, 0.0998039],
635: [0.892969, 0.0918054],
636: [0.896375, 0.0918501]]
