Name: body
Transform: [0, 0, 0]
Rotation: [0, 0, 0, 1]
Scale: [1, 1, 1]
LOD: 0
Animation data
[]
[]
[]
SubObjects: [ ]
Shading Data:
Diffuse_Color: [0.4, 0.4, 0.4, 1]
Ambient: [0, 0, 0, 0]
Emmision_Color: [0, 0, 0, 0]
Specular_Color: [0, 0, 0, 1]
Shininess: 0
Texture: ground_container
Number of Vertices: 709
[0: [-0.690369, 0.0687519, 2.47411, 1], 
 1: [0.68595, 0.0687519, 2.47411, 1], 
 2: [-0.690369, 1.00532, 2.47411, 1], 
 3: [0.68595, 1.00532, 2.47411, 1], 
 4: [-0.690369, 1.00532, -0.41208, 1], 
 5: [0.68595, 1.00532, -0.41208, 1], 
 6: [-0.690369, 0.0687519, -0.41208, 1], 
 7: [0.68595, 0.0687519, -0.41208, 1], 
 8: [-0.690369, 0.0687519, 2.47411, 1], 
 9: [-0.690369, 0.0687519, 2.47411, 1], 
 10: [0.68595, 0.0687519, 2.47411, 1], 
 11: [0.68595, 0.0687519, 2.47411, 1], 
 12: [-0.690369, 1.00532, 2.47411, 1], 
 13: [-0.690369, 1.00532, 2.47411, 1], 
 14: [0.68595, 1.00532, 2.47411, 1], 
 15: [0.68595, 1.00532, 2.47411, 1], 
 16: [-0.690369, 1.00532, -0.41208, 1], 
 17: [-0.690369, 1.00532, -0.41208, 1], 
 18: [0.68595, 1.00532, -0.41208, 1], 
 19: [0.68595, 1.00532, -0.41208, 1], 
 20: [-0.690369, 0.0687519, -0.41208, 1], 
 21: [-0.690369, 0.0687519, -0.41208, 1], 
 22: [0.68595, 0.0687519, -0.41208, 1], 
 23: [0.68595, 0.0687519, -0.41208, 1], 
 24: [-0.785222, 0.00420471, 1.92297, 1], 
 25: [0.780804, 0.00420471, 1.92297, 1], 
 26: [-0.785222, 1.06987, 1.92297, 1], 
 27: [0.780804, 1.06987, 1.92297, 1], 
 28: [-0.785222, 1.06987, 1.5335, 1], 
 29: [0.780804, 1.06987, 1.5335, 1], 
 30: [-0.785222, 0.00420471, 1.5335, 1], 
 31: [0.780804, 0.00420471, 1.5335, 1], 
 32: [-0.785222, 0.00420471, 1.92297, 1], 
 33: [-0.785222, 0.00420471, 1.92297, 1], 
 34: [0.780804, 0.00420471, 1.92297, 1], 
 35: [0.780804, 0.00420471, 1.92297, 1], 
 36: [-0.785222, 1.06987, 1.92297, 1], 
 37: [-0.785222, 1.06987, 1.92297, 1], 
 38: [0.780804, 1.06987, 1.92297, 1], 
 39: [0.780804, 1.06987, 1.92297, 1], 
 40: [-0.785222, 1.06987, 1.5335, 1], 
 41: [-0.785222, 1.06987, 1.5335, 1], 
 42: [0.780804, 1.06987, 1.5335, 1], 
 43: [0.780804, 1.06987, 1.5335, 1], 
 44: [-0.785222, 0.00420471, 1.5335, 1], 
 45: [-0.785222, 0.00420471, 1.5335, 1], 
 46: [0.780804, 0.00420471, 1.5335, 1], 
 47: [0.780804, 0.00420471, 1.5335, 1], 
 48: [-0.785222, 0.00420471, 0.468243, 1], 
 49: [0.780804, 0.00420471, 0.468243, 1], 
 50: [-0.785222, 1.06987, 0.468243, 1], 
 51: [0.780804, 1.06987, 0.468243, 1], 
 52: [-0.785222, 1.06987, 0.0787723, 1], 
 53: [0.780804, 1.06987, 0.0787723, 1], 
 54: [-0.785222, 0.00420471, 0.0787723, 1], 
 55: [0.780804, 0.00420471, 0.0787723, 1], 
 56: [-0.785222, 0.00420471, 0.468243, 1], 
 57: [-0.785222, 0.00420471, 0.468243, 1], 
 58: [0.780804, 0.00420471, 0.468243, 1], 
 59: [0.780804, 0.00420471, 0.468243, 1], 
 60: [-0.785222, 1.06987, 0.468243, 1], 
 61: [-0.785222, 1.06987, 0.468243, 1], 
 62: [0.780804, 1.06987, 0.468243, 1], 
 63: [0.780804, 1.06987, 0.468243, 1], 
 64: [-0.785222, 1.06987, 0.0787723, 1], 
 65: [-0.785222, 1.06987, 0.0787723, 1], 
 66: [0.780804, 1.06987, 0.0787723, 1], 
 67: [0.780804, 1.06987, 0.0787723, 1], 
 68: [-0.785222, 0.00420471, 0.0787723, 1], 
 69: [-0.785222, 0.00420471, 0.0787723, 1], 
 70: [0.780804, 0.00420471, 0.0787723, 1], 
 71: [0.780804, 0.00420471, 0.0787723, 1], 
 72: [0.819928, 0.00925926, 2.28654, 1], 
 73: [0.803524, 0.00925926, -0.465243, 1], 
 74: [0.854646, 0.00925926, 0.81371, 1], 
 75: [0.792533, 0.00925926, -0.581672, 1], 
 76: [0, 0.00925926, -0.581672, 1], 
 77: [4.06878e-009, 0.00925926, 2.26154, 1], 
 78: [0.569764, 0.00925926, -0.581672, 1], 
 79: [0.569764, 0.00925926, 2.27335, 1], 
 80: [0.847672, 0.00925926, 1.39036, 1], 
 81: [0.569764, 0.00925926, 1.39036, 1], 
 82: [0.850217, 0.00925926, 0.404346, 1], 
 83: [0.569764, 0.00925926, 0.404346, 1], 
 84: [0, 0.00925926, 1.39036, 1], 
 85: [0.284882, 0.00925926, 2.26447, 1], 
 86: [0.284882, 0.00925926, 1.39036, 1], 
 87: [0.284882, 0.00925926, -0.581672, 1], 
 88: [0.284882, 0.00925926, 0.404346, 1], 
 89: [0, 0.00925926, 0.404346, 1], 
 90: [-6.40338e-009, -0.163676, -2.83971, 1], 
 91: [0.60259, -0.163677, -2.82883, 1], 
 92: [0.889122, -0.163677, -2.77415, 1], 
 93: [1.00359, -0.163677, -2.64579, 1], 
 94: [1.06859, -0.163677, -2.4155, 1], 
 95: [1.12115, -0.163677, -2.06138, 1], 
 96: [1.17691, -0.163677, -1.56311, 1], 
 97: [1.24222, -0.163677, -0.850565, 1], 
 98: [1.28635, -0.163677, 0.345756, 1], 
 99: [1.26925, -0.163677, 2.34519, 1], 
 100: [0.918175, -0.163677, 2.29327, 1], 
 101: [0.519382, -0.163677, 2.27133, 1], 
 102: [-4.7843e-009, -0.163677, 2.26154, 1], 
 103: [0, 0, -3, 1], 
 104: [1.40297, 0, 2.3465, 1], 
 105: [1.17354, 0, -2.4954, 1], 
 106: [0.942449, 0, -2.90672, 1], 
 107: [-1.80826e-009, -0.0813834, -2.98033, 1], 
 108: [0.935906, -0.0813834, -2.89045, 1], 
 109: [0.622375, -0.0813834, -2.96218, 1], 
 110: [0.625142, 0, -2.98083, 1], 
 111: [-1.15645e-008, -0.140716, -2.92505, 1], 
 112: [0.614596, -0.140716, -2.90975, 1], 
 113: [0.917512, -0.140716, -2.84473, 1], 
 114: [1.16066, -0.0813834, -2.4856, 1], 
 115: [1.0868, 0, -2.75279, 1], 
 116: [1.07659, -0.0813834, -2.73967, 1], 
 117: [1.04789, -0.140716, -2.70276, 1], 
 118: [1.12446, -0.140716, -2.45804, 1], 
 119: [1.30387, 0, -1.59644, 1], 
 120: [1.2883, -0.0813834, -1.59235, 1], 
 121: [1.23998, 0, -2.11579, 1], 
 122: [1.2254, -0.0813834, -2.10912, 1], 
 123: [1.18441, -0.140716, -2.09035, 1], 
 124: [1.2445, -0.140716, -1.58086, 1], 
 125: [1.37355, 0, -0.86892, 1], 
 126: [1.35744, -0.0813834, -0.866668, 1], 
 127: [1.31214, -0.140716, -0.860337, 1], 
 128: [1.38649, -0.0813834, 2.34926, 1], 
 129: [1.41954, 0, 0.338845, 1], 
 130: [1.40319, -0.0813834, 0.339693, 1], 
 131: [1.35725, -0.140716, 0.342077, 1], 
 132: [1.3404, -0.140716, 2.34766, 1], 
 133: [0, 0.403562, -2.37782, 1], 
 134: [1.03985, 0.396038, 2.303, 1], 
 135: [0.827155, 0.396038, -1.90211, 1], 
 136: [0, 0.329305, -2.90465, 1], 
 137: [1.15823, 0.364138, -2.32704, 1], 
 138: [0.592969, 0.396316, -2.28946, 1], 
 139: [0.862687, 0.363155, -2.78744, 1], 
 140: [0, 0.394526, -2.6425, 1], 
 141: [0.726306, 0.412437, -2.53605, 1], 
 142: [0.368188, 0.398267, -2.35999, 1], 
 143: [0.452321, 0.404531, -2.62377, 1], 
 144: [0, 0.368988, -2.80737, 1], 
 145: [0.810733, 0.399404, -2.69236, 1], 
 146: [0.506965, 0.386529, -2.7888, 1], 
 147: [0.542533, 0.348896, -2.88666, 1], 
 148: [0.997323, 0.412706, -2.10574, 1], 
 149: [0.729912, 0.396038, -2.14441, 1], 
 150: [0.888568, 0.415652, -2.36806, 1], 
 151: [1.10057, 0.400208, -2.2398, 1], 
 152: [0.986602, 0.404484, -2.51246, 1], 
 153: [1.04363, 0.36877, -2.6034, 1], 
 154: [0, 0.272319, -2.96236, 1], 
 155: [0.896913, 0.303164, -2.84707, 1], 
 156: [0.568929, 0.29017, -2.94479, 1], 
 157: [0, 0.172799, -2.99177, 1], 
 158: [0.9214, 0.193057, -2.88376, 1], 
 159: [0.594014, 0.184516, -2.97397, 1], 
 160: [1.18803, 0.303777, -2.3887, 1], 
 161: [1.07638, 0.308203, -2.66445, 1], 
 162: [1.19324, 0.193159, -2.44018, 1], 
 163: [1.09001, 0.196291, -2.71016, 1], 
 164: [1.34963, 0.316306, 2.33602, 1], 
 165: [0.96879, 0.396038, -1.01942, 1], 
 166: [1.30452, 0.346827, -1.40067, 1], 
 167: [1.14441, 0.401481, -1.19479, 1], 
 168: [0.903118, 0.396038, -1.53621, 1], 
 169: [1.0772, 0.406607, -1.72394, 1], 
 170: [1.24865, 0.384046, -1.31611, 1], 
 171: [1.18142, 0.391298, -1.85029, 1], 
 172: [1.23809, 0.354504, -1.93517, 1], 
 173: [1.19454, 0.387144, 2.31765, 1], 
 174: [1.02862, 0.396038, -0.299368, 1], 
 175: [1.20629, 0.399725, -0.459801, 1], 
 176: [1.06087, 0.396038, 0.776631, 1], 
 177: [1.23449, 0.396805, 0.661821, 1], 
 178: [1.36816, 0.344763, -0.658343, 1], 
 179: [1.31161, 0.381925, -0.574717, 1], 
 180: [1.29163, 0.359712, 2.32865, 1], 
 181: [1.33907, 0.377141, 0.575367, 1], 
 182: [1.39706, 0.338753, 0.509454, 1], 
 183: [1.331, 0.28746, -1.4654, 1], 
 184: [1.26557, 0.294723, -1.99759, 1], 
 185: [1.33111, 0.18174, -1.52566, 1], 
 186: [1.26659, 0.186878, -2.05297, 1], 
 187: [1.38422, 0.25506, 2.34057, 1], 
 188: [1.39553, 0.285236, -0.725096, 1], 
 189: [1.42733, 0.278595, 0.455604, 1], 
 190: [1.39742, 0.179854, -0.790162, 1], 
 191: [1.40149, 0.157336, 2.34291, 1], 
 192: [1.43448, 0.174613, 0.402671, 1], 
 193: [0.991557, 0.396038, -0.745416, 1], 
 194: [0.800633, 0.00925926, -0.465017, 1], 
 195: [0.819564, 0.00925926, 2.28652, 1], 
 196: [0.812224, 0.00925926, -0.270695, 1], 
 197: [0.890457, 0.349063, -0.500794, 1], 
 198: [0.904094, 0.349077, -0.282868, 1], 
 199: [0.821193, 0.216381, -0.478795, 1], 
 200: [0.834115, 0.216165, -0.273596, 1], 
 201: [0.913164, 0.349014, 2.29255, 1], 
 202: [0.934378, 0.349077, 0.780976, 1], 
 203: [0.841053, 0.00925926, 0.784182, 1], 
 204: [0.863291, 0.216165, 0.783418, 1], 
 205: [0.841807, 0.21619, 2.28757, 1], 
 206: [0.284882, 0.00925926, 2.26447, 1], 
 207: [0.569764, 0.00925926, 2.27335, 1], 
 208: [0.819928, 0.00925926, 2.28654, 1], 
 209: [0.841807, 0.21619, 2.28757, 1], 
 210: [0.913164, 0.349014, 2.29255, 1], 
 211: [1.03985, 0.396038, 2.303, 1], 
 212: [1.19454, 0.387144, 2.31765, 1], 
 213: [1.29163, 0.359712, 2.32865, 1], 
 214: [1.34963, 0.316306, 2.33602, 1], 
 215: [1.38422, 0.25506, 2.34057, 1], 
 216: [1.40149, 0.157336, 2.34291, 1], 
 217: [1.40297, -1.23299e-008, 2.3465, 1], 
 218: [1.38649, -0.0813834, 2.34926, 1], 
 219: [1.3404, -0.140716, 2.34766, 1], 
 220: [1.26925, -0.163677, 2.34519, 1], 
 221: [0.918175, -0.163677, 2.29327, 1], 
 222: [0.519382, -0.163677, 2.27133, 1], 
 223: [2.86918e-010, 1.02346, -0.721052, 1], 
 224: [0.997986, 0.396036, -0.717869, 1], 
 225: [-4.63643e-009, 0.402543, -2.46014, 1], 
 226: [0.830799, 0.894039, -0.721051, 1], 
 227: [2.0287e-009, 0.83328, -1.55928, 1], 
 228: [0.537824, 0.850243, -1.46773, 1], 
 229: [0.600644, 1.00907, -0.721053, 1], 
 230: [0.375167, 1.009, -1.08073, 1], 
 231: [0.556846, 1.00594, -0.915213, 1], 
 232: [0.39192, 1.01965, -0.721047, 1], 
 233: [0.355337, 1.02007, -0.820448, 1], 
 234: [0.477351, 1.00653, -1.02234, 1], 
 235: [0.300914, 1.02237, -0.876326, 1], 
 236: [0.235145, 1.02561, -0.90784, 1], 
 237: [0.781584, 0.864136, -1.17851, 1], 
 238: [0.701981, 0.989704, -0.721066, 1], 
 239: [0.66473, 0.981216, -1.00822, 1], 
 240: [0.780574, 0.95136, -0.721035, 1], 
 241: [0.737015, 0.936264, -1.0898, 1], 
 242: [0.456537, 0.98008, -1.24264, 1], 
 243: [0.576411, 0.979352, -1.16126, 1], 
 244: [0.673201, 0.856094, -1.37539, 1], 
 245: [0.637154, 0.934936, -1.26297, 1], 
 246: [0.506774, 0.936118, -1.34733, 1], 
 247: [-1.70096e-010, 1.01735, -1.15909, 1], 
 248: [0.261237, 1.01178, -1.12177, 1], 
 249: [0.163501, 1.029, -0.930674, 1], 
 250: [0.138298, 1.01456, -1.14902, 1], 
 251: [0.0873498, 1.03239, -0.946614, 1], 
 252: [-1.13853e-009, 1.03578, -0.953977, 1], 
 253: [0.393487, 0.844558, -1.51882, 1], 
 254: [0.320755, 0.981217, -1.29819, 1], 
 255: [0.363086, 0.937623, -1.39803, 1], 
 256: [-1.93655e-010, 0.983524, -1.34623, 1], 
 257: [0.171333, 0.982363, -1.33421, 1], 
 258: [0.225033, 0.83892, -1.54965, 1], 
 259: [0.20057, 0.939148, -1.42828, 1], 
 260: [1.55311e-009, 0.940659, -1.43512, 1], 
 261: [0.682658, 0.402551, -2.30808, 1], 
 262: [0.961132, 0.602799, -0.719753, 1], 
 263: [0.627272, 0.588914, -1.82345, 1], 
 264: [0.900099, 0.579913, -1.46449, 1], 
 265: [0.881661, 0.808774, -0.720982, 1], 
 266: [0.826635, 0.764913, -1.27216, 1], 
 267: [0.933073, 0.686905, -0.72057, 1], 
 268: [0.872437, 0.648565, -1.36044, 1], 
 269: [0.569218, 0.739035, -1.60327, 1], 
 270: [0.709659, 0.751031, -1.49782, 1], 
 271: [0.773416, 0.583835, -1.70948, 1], 
 272: [0.747405, 0.645017, -1.60278, 1], 
 273: [0.601953, 0.643026, -1.71276, 1], 
 274: [0.94468, 0.40247, -1.84075, 1], 
 275: [0.979974, 0.528636, -0.719084, 1], 
 276: [0.920389, 0.522497, -1.57928, 1], 
 277: [0.993064, 0.457531, -0.718476, 1], 
 278: [0.935968, 0.464851, -1.70027, 1], 
 279: [0.648999, 0.542443, -1.95338, 1], 
 280: [0.794209, 0.532082, -1.82957, 1], 
 281: [0.822777, 0.402524, -2.13317, 1], 
 282: [0.811246, 0.476841, -1.96188, 1], 
 283: [0.667888, 0.489193, -2.10147, 1], 
 284: [1.859e-009, 0.604611, -1.9, 1], 
 285: [0.4741, 0.59417, -1.87449, 1], 
 286: [0.424125, 0.727096, -1.65968, 1], 
 287: [0.454281, 0.641135, -1.76568, 1], 
 288: [6.54275e-009, 0.703324, -1.71373, 1], 
 289: [0.249618, 0.715209, -1.69616, 1], 
 290: [0.285885, 0.599361, -1.89854, 1], 
 291: [0.272755, 0.639241, -1.79804, 1], 
 292: [3.58656e-009, 0.637391, -1.8123, 1], 
 293: [0.515892, 0.402539, -2.40688, 1], 
 294: [0.490208, 0.552941, -2.00975, 1], 
 295: [0.504418, 0.501583, -2.16928, 1], 
 296: [6.24267e-010, 0.573916, -2.0235, 1], 
 297: [0.29595, 0.563402, -2.03079, 1], 
 298: [0.312808, 0.402545, -2.45339, 1], 
 299: [0.305062, 0.513951, -2.19327, 1], 
 300: [-3.57446e-009, 0.52633, -2.18321, 1], 
 301: [0.800633, 0.00927302, -0.465018, 1], 
 302: [-2.96856e-010, 0.00925925, -0.436504, 1], 
 303: [0.821193, 0.216381, -0.478795, 1], 
 304: [0.786133, 0.00925216, -0.463874, 1], 
 305: [1.867e-009, 0.925906, -0.508985, 1], 
 306: [0.809831, 0.747156, -0.557251, 1], 
 307: [0.496284, 0.869038, -0.522297, 1], 
 308: [2.60352e-011, 1.00995, -0.629616, 1], 
 309: [0.569604, 0.984543, -0.599938, 1], 
 310: [0.361113, 1.00008, -0.592591, 1], 
 311: [7.651e-009, 0.986096, -0.546243, 1], 
 312: [0.531894, 0.93973, -0.552961, 1], 
 313: [0.330093, 0.964892, -0.543707, 1], 
 314: [0.29914, 0.89872, -0.513897, 1], 
 315: [0.827231, 0.863056, -0.630696, 1], 
 316: [0.680599, 0.961341, -0.610313, 1], 
 317: [0.768366, 0.921095, -0.620679, 1], 
 318: [0.628685, 0.83618, -0.532895, 1], 
 319: [0.653787, 0.909395, -0.564138, 1], 
 320: [0.817572, 0.812837, -0.588301, 1], 
 321: [0.749677, 0.867115, -0.57612, 1], 
 322: [0.733029, 0.795498, -0.544845, 1], 
 323: [0.392449, 0.00925891, -0.438257, 1], 
 324: [-4.61771e-009, 0.748774, -0.465485, 1], 
 325: [0.461451, 0.704422, -0.478669, 1], 
 326: [0.268212, 0.727223, -0.470001, 1], 
 327: [-1.76794e-009, 0.394684, -0.435982, 1], 
 328: [0.426652, 0.395649, -0.446104, 1], 
 329: [0.237284, 0.39528, -0.43843, 1], 
 330: [0.209249, 0.00925548, -0.434608, 1], 
 331: [0.8028, 0.619507, -0.517728, 1], 
 332: [0.604215, 0.680087, -0.490281, 1], 
 333: [0.717136, 0.651732, -0.503704, 1], 
 334: [0.55347, 0.0092067, -0.445865, 1], 
 335: [0.579773, 0.395828, -0.457511, 1], 
 336: [0.795799, 0.395754, -0.48559, 1], 
 337: [0.701276, 0.395851, -0.471179, 1], 
 338: [0.682182, 0.00916374, -0.455445, 1], 
 339: [0.959485, 0.554262, -0.599751, 1], 
 340: [0.961627, 0.59141, -0.661526, 1], 
 341: [0.882904, 0.779297, -0.640325, 1], 
 342: [0.933218, 0.669533, -0.650228, 1], 
 343: [0.873458, 0.687557, -0.569283, 1], 
 344: [0.877066, 0.741004, -0.600159, 1], 
 345: [0.960263, 0.577878, -0.6279, 1], 
 346: [0.92891, 0.64794, -0.612571, 1], 
 347: [0.926003, 0.613332, -0.582254, 1], 
 348: [0.980591, 0.522047, -0.675853, 1], 
 349: [0.993319, 0.454875, -0.694184, 1], 
 350: [0.98109, 0.499263, -0.625732, 1], 
 351: [0.980772, 0.514014, -0.648957, 1], 
 352: [0.993519, 0.452, -0.67812, 1], 
 353: [0.993737, 0.445614, -0.663872, 1], 
 354: [0.958358, 0.389016, -0.537551, 1], 
 355: [0.958923, 0.49879, -0.567293, 1], 
 356: [0.870674, 0.581627, -0.531284, 1], 
 357: [0.923616, 0.536408, -0.546204, 1], 
 358: [0.890457, 0.349063, -0.500794, 1], 
 359: [0.867927, 0.395574, -0.499437, 1], 
 360: [0.95837, 0.395227, -0.538524, 1], 
 361: [0.921251, 0.39537, -0.515075, 1], 
 362: [0.920952, 0.37266, -0.512504, 1], 
 363: [0.981459, 0.463276, -0.599643, 1], 
 364: [0.993961, 0.428554, -0.648185, 1], 
 365: [0.981811, 0.394377, -0.575829, 1], 
 366: [0.98183, 0.395229, -0.576013, 1], 
 367: [0.989431, 0.395394, -0.602884, 1], 
 368: [0.994183, 0.395777, -0.633815, 1], 
 369: [-0.819928, 0.00925926, 2.28654, 1], 
 370: [-0.803524, 0.00925926, -0.465243, 1], 
 371: [-0.854646, 0.00925926, 0.81371, 1], 
 372: [-0.792533, 0.00925926, -0.581672, 1], 
 373: [-0.569764, 0.00925926, -0.581672, 1], 
 374: [-0.569764, 0.00925926, 2.27335, 1], 
 375: [-0.847672, 0.00925926, 1.39036, 1], 
 376: [-0.569764, 0.00925926, 1.39036, 1], 
 377: [-0.850217, 0.00925926, 0.404346, 1], 
 378: [-0.569764, 0.00925926, 0.404346, 1], 
 379: [-0.284882, 0.00925926, 2.26447, 1], 
 380: [-0.284882, 0.00925926, 1.39036, 1], 
 381: [-0.284882, 0.00925926, -0.581672, 1], 
 382: [-0.284882, 0.00925926, 0.404346, 1], 
 383: [-0.60259, -0.163677, -2.82883, 1], 
 384: [-0.889122, -0.163677, -2.77415, 1], 
 385: [-1.00359, -0.163677, -2.64579, 1], 
 386: [-1.06859, -0.163677, -2.4155, 1], 
 387: [-1.12115, -0.163677, -2.06138, 1], 
 388: [-1.17691, -0.163677, -1.56311, 1], 
 389: [-1.24222, -0.163677, -0.850565, 1], 
 390: [-1.28635, -0.163677, 0.345756, 1], 
 391: [-1.26925, -0.163677, 2.34519, 1], 
 392: [-0.918175, -0.163677, 2.29327, 1], 
 393: [-0.519382, -0.163677, 2.27133, 1], 
 394: [-1.40297, 0, 2.3465, 1], 
 395: [-1.17354, 0, -2.4954, 1], 
 396: [-0.942449, 0, -2.90672, 1], 
 397: [-0.935906, -0.0813834, -2.89045, 1], 
 398: [-0.622375, -0.0813834, -2.96218, 1], 
 399: [-0.625142, 0, -2.98083, 1], 
 400: [-0.614596, -0.140716, -2.90975, 1], 
 401: [-0.917512, -0.140716, -2.84473, 1], 
 402: [-1.16067, -0.0813834, -2.4856, 1], 
 403: [-1.0868, 0, -2.75279, 1], 
 404: [-1.07659, -0.0813834, -2.73967, 1], 
 405: [-1.04789, -0.140716, -2.70276, 1], 
 406: [-1.12446, -0.140716, -2.45804, 1], 
 407: [-1.30387, 0, -1.59644, 1], 
 408: [-1.2883, -0.0813834, -1.59235, 1], 
 409: [-1.23998, 0, -2.11579, 1], 
 410: [-1.2254, -0.0813834, -2.10912, 1], 
 411: [-1.18441, -0.140716, -2.09035, 1], 
 412: [-1.2445, -0.140716, -1.58086, 1], 
 413: [-1.37355, 0, -0.86892, 1], 
 414: [-1.35744, -0.0813834, -0.866668, 1], 
 415: [-1.31214, -0.140716, -0.860337, 1], 
 416: [-1.38649, -0.0813834, 2.34926, 1], 
 417: [-1.41954, 0, 0.338845, 1], 
 418: [-1.40319, -0.0813834, 0.339693, 1], 
 419: [-1.35725, -0.140716, 0.342077, 1], 
 420: [-1.3404, -0.140716, 2.34766, 1], 
 421: [-1.03985, 0.396038, 2.303, 1], 
 422: [-0.827155, 0.396038, -1.90211, 1], 
 423: [-1.15823, 0.364138, -2.32704, 1], 
 424: [-0.592969, 0.396316, -2.28946, 1], 
 425: [-0.862687, 0.363155, -2.78744, 1], 
 426: [-0.726306, 0.412437, -2.53605, 1], 
 427: [-0.368188, 0.398267, -2.35999, 1], 
 428: [-0.452321, 0.404531, -2.62377, 1], 
 429: [-0.810733, 0.399404, -2.69236, 1], 
 430: [-0.506965, 0.386529, -2.7888, 1], 
 431: [-0.542533, 0.348896, -2.88666, 1], 
 432: [-0.997323, 0.412706, -2.10574, 1], 
 433: [-0.729912, 0.396038, -2.14441, 1], 
 434: [-0.888568, 0.415652, -2.36806, 1], 
 435: [-1.10057, 0.400208, -2.2398, 1], 
 436: [-0.986602, 0.404484, -2.51246, 1], 
 437: [-1.04363, 0.36877, -2.6034, 1], 
 438: [-0.896913, 0.303164, -2.84707, 1], 
 439: [-0.568929, 0.29017, -2.94479, 1], 
 440: [-0.9214, 0.193057, -2.88376, 1], 
 441: [-0.594014, 0.184516, -2.97397, 1], 
 442: [-1.18803, 0.303777, -2.3887, 1], 
 443: [-1.07638, 0.308203, -2.66445, 1], 
 444: [-1.19324, 0.193159, -2.44018, 1], 
 445: [-1.09001, 0.196291, -2.71016, 1], 
 446: [-1.34963, 0.316306, 2.33602, 1], 
 447: [-0.96879, 0.396038, -1.01942, 1], 
 448: [-1.30452, 0.346827, -1.40067, 1], 
 449: [-1.14441, 0.401481, -1.19479, 1], 
 450: [-0.903118, 0.396038, -1.53621, 1], 
 451: [-1.0772, 0.406607, -1.72394, 1], 
 452: [-1.24865, 0.384046, -1.31611, 1], 
 453: [-1.18142, 0.391298, -1.85029, 1], 
 454: [-1.23809, 0.354504, -1.93517, 1], 
 455: [-1.19454, 0.387144, 2.31765, 1], 
 456: [-1.02862, 0.396038, -0.299368, 1], 
 457: [-1.20629, 0.399725, -0.459801, 1], 
 458: [-1.06088, 0.396038, 0.776631, 1], 
 459: [-1.23449, 0.396805, 0.661821, 1], 
 460: [-1.36816, 0.344763, -0.658343, 1], 
 461: [-1.31161, 0.381925, -0.574717, 1], 
 462: [-1.29163, 0.359712, 2.32865, 1], 
 463: [-1.33907, 0.377141, 0.575367, 1], 
 464: [-1.39706, 0.338753, 0.509454, 1], 
 465: [-1.331, 0.28746, -1.4654, 1], 
 466: [-1.26557, 0.294723, -1.99759, 1], 
 467: [-1.33111, 0.18174, -1.52566, 1], 
 468: [-1.26659, 0.186878, -2.05297, 1], 
 469: [-1.38422, 0.25506, 2.34057, 1], 
 470: [-1.39553, 0.285236, -0.725096, 1], 
 471: [-1.42733, 0.278595, 0.455604, 1], 
 472: [-1.39742, 0.179854, -0.790162, 1], 
 473: [-1.40149, 0.157336, 2.34291, 1], 
 474: [-1.43448, 0.174613, 0.402671, 1], 
 475: [-0.991557, 0.396038, -0.745416, 1], 
 476: [-0.800633, 0.00925926, -0.465017, 1], 
 477: [-0.819564, 0.00925926, 2.28652, 1], 
 478: [-0.812224, 0.00925926, -0.270695, 1], 
 479: [-0.890457, 0.349063, -0.500794, 1], 
 480: [-0.904094, 0.349077, -0.282868, 1], 
 481: [-0.821193, 0.216381, -0.478795, 1], 
 482: [-0.834115, 0.216165, -0.273596, 1], 
 483: [-0.913164, 0.349014, 2.29255, 1], 
 484: [-0.934378, 0.349077, 0.780976, 1], 
 485: [-0.841053, 0.00925926, 0.784182, 1], 
 486: [-0.863291, 0.216165, 0.783418, 1], 
 487: [-0.841807, 0.21619, 2.28757, 1], 
 488: [-0.284882, 0.00925926, 2.26447, 1], 
 489: [-0.569764, 0.00925926, 2.27335, 1], 
 490: [-0.819928, 0.00925926, 2.28654, 1], 
 491: [-0.841807, 0.21619, 2.28757, 1], 
 492: [-0.913164, 0.349014, 2.29255, 1], 
 493: [-1.03985, 0.396038, 2.303, 1], 
 494: [-1.19454, 0.387144, 2.31765, 1], 
 495: [-1.29163, 0.359712, 2.32865, 1], 
 496: [-1.34963, 0.316306, 2.33602, 1], 
 497: [-1.38422, 0.25506, 2.34057, 1], 
 498: [-1.40149, 0.157336, 2.34291, 1], 
 499: [-1.40297, -1.18209e-008, 2.3465, 1], 
 500: [-1.38649, -0.0813834, 2.34926, 1], 
 501: [-1.3404, -0.140716, 2.34766, 1], 
 502: [-1.26925, -0.163677, 2.34519, 1], 
 503: [-0.918175, -0.163677, 2.29327, 1], 
 504: [-0.519382, -0.163677, 2.27133, 1], 
 505: [-0.997986, 0.396036, -0.717869, 1], 
 506: [-0.830799, 0.894039, -0.721051, 1], 
 507: [-0.537824, 0.850243, -1.46773, 1], 
 508: [-0.600644, 1.00907, -0.721053, 1], 
 509: [-0.375167, 1.009, -1.08073, 1], 
 510: [-0.556846, 1.00594, -0.915213, 1], 
 511: [-0.39192, 1.01965, -0.721047, 1], 
 512: [-0.355337, 1.02007, -0.820448, 1], 
 513: [-0.477351, 1.00653, -1.02234, 1], 
 514: [-0.300914, 1.02237, -0.876326, 1], 
 515: [-0.235145, 1.02561, -0.90784, 1], 
 516: [-0.781584, 0.864136, -1.17851, 1], 
 517: [-0.701981, 0.989704, -0.721066, 1], 
 518: [-0.66473, 0.981216, -1.00822, 1], 
 519: [-0.780573, 0.95136, -0.721035, 1], 
 520: [-0.737015, 0.936264, -1.0898, 1], 
 521: [-0.456537, 0.98008, -1.24264, 1], 
 522: [-0.576411, 0.979352, -1.16126, 1], 
 523: [-0.673201, 0.856094, -1.37539, 1], 
 524: [-0.637154, 0.934936, -1.26297, 1], 
 525: [-0.506774, 0.936118, -1.34733, 1], 
 526: [-0.261237, 1.01178, -1.12177, 1], 
 527: [-0.163501, 1.029, -0.930674, 1], 
 528: [-0.138298, 1.01456, -1.14902, 1], 
 529: [-0.0873498, 1.03239, -0.946614, 1], 
 530: [-0.393487, 0.844558, -1.51882, 1], 
 531: [-0.320755, 0.981217, -1.29819, 1], 
 532: [-0.363086, 0.937623, -1.39803, 1], 
 533: [-0.171333, 0.982363, -1.33421, 1], 
 534: [-0.225033, 0.83892, -1.54965, 1], 
 535: [-0.20057, 0.939148, -1.42828, 1], 
 536: [-0.682658, 0.402551, -2.30808, 1], 
 537: [-0.961132, 0.602799, -0.719753, 1], 
 538: [-0.627272, 0.588914, -1.82345, 1], 
 539: [-0.900099, 0.579913, -1.46449, 1], 
 540: [-0.881661, 0.808774, -0.720982, 1], 
 541: [-0.826635, 0.764913, -1.27216, 1], 
 542: [-0.933073, 0.686905, -0.72057, 1], 
 543: [-0.872437, 0.648565, -1.36044, 1], 
 544: [-0.569218, 0.739035, -1.60327, 1], 
 545: [-0.709659, 0.751031, -1.49782, 1], 
 546: [-0.773416, 0.583835, -1.70948, 1], 
 547: [-0.747405, 0.645017, -1.60278, 1], 
 548: [-0.601953, 0.643026, -1.71276, 1], 
 549: [-0.94468, 0.40247, -1.84075, 1], 
 550: [-0.979974, 0.528636, -0.719084, 1], 
 551: [-0.920389, 0.522497, -1.57928, 1], 
 552: [-0.993064, 0.457531, -0.718476, 1], 
 553: [-0.935968, 0.464851, -1.70027, 1], 
 554: [-0.648999, 0.542443, -1.95338, 1], 
 555: [-0.794209, 0.532082, -1.82957, 1], 
 556: [-0.822777, 0.402524, -2.13317, 1], 
 557: [-0.811246, 0.476841, -1.96188, 1], 
 558: [-0.667888, 0.489193, -2.10147, 1], 
 559: [-0.4741, 0.59417, -1.87449, 1], 
 560: [-0.424125, 0.727096, -1.65968, 1], 
 561: [-0.454281, 0.641135, -1.76568, 1], 
 562: [-0.249618, 0.715209, -1.69616, 1], 
 563: [-0.285885, 0.599361, -1.89854, 1], 
 564: [-0.272755, 0.639241, -1.79804, 1], 
 565: [-0.515892, 0.402539, -2.40688, 1], 
 566: [-0.490208, 0.552941, -2.00975, 1], 
 567: [-0.504418, 0.501583, -2.16928, 1], 
 568: [-0.29595, 0.563402, -2.03079, 1], 
 569: [-0.312808, 0.402545, -2.45339, 1], 
 570: [-0.305062, 0.513951, -2.19327, 1], 
 571: [-0.800633, 0.00927303, -0.465018, 1], 
 572: [-0.821193, 0.216381, -0.478795, 1], 
 573: [-0.786133, 0.00925216, -0.463874, 1], 
 574: [-0.809831, 0.747156, -0.557251, 1], 
 575: [-0.496284, 0.869038, -0.522297, 1], 
 576: [-0.569604, 0.984543, -0.599938, 1], 
 577: [-0.361113, 1.00008, -0.592591, 1], 
 578: [-0.531894, 0.93973, -0.552961, 1], 
 579: [-0.330093, 0.964892, -0.543707, 1], 
 580: [-0.29914, 0.89872, -0.513897, 1], 
 581: [-0.827231, 0.863056, -0.630696, 1], 
 582: [-0.680599, 0.961341, -0.610313, 1], 
 583: [-0.768366, 0.921095, -0.620679, 1], 
 584: [-0.628685, 0.83618, -0.532895, 1], 
 585: [-0.653787, 0.909395, -0.564138, 1], 
 586: [-0.817572, 0.812837, -0.588301, 1], 
 587: [-0.749677, 0.867115, -0.57612, 1], 
 588: [-0.733029, 0.795498, -0.544845, 1], 
 589: [-0.392449, 0.00925891, -0.438257, 1], 
 590: [-0.461451, 0.704422, -0.478669, 1], 
 591: [-0.268212, 0.727223, -0.470001, 1], 
 592: [-0.426652, 0.395649, -0.446104, 1], 
 593: [-0.237284, 0.39528, -0.43843, 1], 
 594: [-0.209249, 0.00925548, -0.434608, 1], 
 595: [-0.8028, 0.619507, -0.517728, 1], 
 596: [-0.604215, 0.680087, -0.49028, 1], 
 597: [-0.717136, 0.651732, -0.503703, 1], 
 598: [-0.55347, 0.00920669, -0.445865, 1], 
 599: [-0.579773, 0.395828, -0.457511, 1], 
 600: [-0.795799, 0.395754, -0.48559, 1], 
 601: [-0.701276, 0.395851, -0.471179, 1], 
 602: [-0.682182, 0.00916373, -0.455445, 1], 
 603: [-0.959485, 0.554262, -0.599751, 1], 
 604: [-0.961627, 0.59141, -0.661526, 1], 
 605: [-0.882904, 0.779297, -0.640325, 1], 
 606: [-0.933218, 0.669533, -0.650228, 1], 
 607: [-0.873458, 0.687557, -0.569283, 1], 
 608: [-0.877066, 0.741004, -0.600159, 1], 
 609: [-0.960263, 0.577878, -0.6279, 1], 
 610: [-0.92891, 0.64794, -0.612571, 1], 
 611: [-0.926003, 0.613332, -0.582254, 1], 
 612: [-0.98059, 0.522047, -0.675853, 1], 
 613: [-0.993319, 0.454875, -0.694184, 1], 
 614: [-0.98109, 0.499263, -0.625732, 1], 
 615: [-0.980771, 0.514014, -0.648957, 1], 
 616: [-0.993519, 0.452, -0.67812, 1], 
 617: [-0.993737, 0.445614, -0.663872, 1], 
 618: [-0.958358, 0.389016, -0.537551, 1], 
 619: [-0.958923, 0.49879, -0.567293, 1], 
 620: [-0.870674, 0.581627, -0.531284, 1], 
 621: [-0.923615, 0.536408, -0.546204, 1], 
 622: [-0.890457, 0.349063, -0.500794, 1], 
 623: [-0.867927, 0.395574, -0.499437, 1], 
 624: [-0.95837, 0.395227, -0.538524, 1], 
 625: [-0.921251, 0.39537, -0.515075, 1], 
 626: [-0.920952, 0.37266, -0.512504, 1], 
 627: [-0.981459, 0.463276, -0.599643, 1], 
 628: [-0.993961, 0.428554, -0.648185, 1], 
 629: [-0.981811, 0.394377, -0.575829, 1], 
 630: [-0.98183, 0.395229, -0.576013, 1], 
 631: [-0.989431, 0.395394, -0.602884, 1], 
 632: [-0.994183, 0.395777, -0.633815, 1], 
 633: [0.625142, -1.19465e-008, -2.98083, 1], 
 634: [0.942449, -2.77048e-008, -2.90672, 1], 
 635: [-4.52025e-009, 1.36168e-008, -3, 1], 
 636: [1.0868, 8.23823e-010, -2.75279, 1], 
 637: [1.17354, 1.36143e-008, -2.4954, 1], 
 638: [1.23998, 5.76169e-009, -2.11579, 1], 
 639: [1.30387, -3.5465e-008, -1.59644, 1], 
 640: [1.37355, 3.46721e-009, -0.86892, 1], 
 641: [1.41954, -2.9803e-009, 0.338845, 1], 
 642: [1.40297, -1.43785e-009, 2.3465, 1], 
 643: [-0.942449, -5.57441e-008, -2.90672, 1], 
 644: [-0.625142, -1.46378e-008, -2.98083, 1], 
 645: [-1.17354, -3.15106e-009, -2.4954, 1], 
 646: [-1.0868, -1.41299e-008, -2.75279, 1], 
 647: [-1.30387, -5.74898e-008, -1.59644, 1], 
 648: [-1.23998, -4.81421e-008, -2.11579, 1], 
 649: [-1.37355, -1.04963e-008, -0.86892, 1], 
 650: [-1.40297, 1.28602e-008, 2.3465, 1], 
 651: [-1.41954, 7.30389e-009, 0.338845, 1], 
 652: [0.477351, 1.00653, -1.02234, 1], 
 653: [0.375167, 1.009, -1.08073, 1], 
 654: [0.600644, 1.00907, -0.721053, 1], 
 655: [0.556846, 1.00594, -0.915213, 1], 
 656: [0.506774, 0.936118, -1.34733, 1], 
 657: [0.537824, 0.850243, -1.46773, 1], 
 658: [0.456537, 0.98008, -1.24264, 1], 
 659: [0.601953, 0.643026, -1.71276, 1], 
 660: [0.627272, 0.588915, -1.82345, 1], 
 661: [0.569218, 0.739035, -1.60327, 1], 
 662: [0.667888, 0.489193, -2.10147, 1], 
 663: [0.682658, 0.402551, -2.30808, 1], 
 664: [0.648999, 0.542443, -1.95338, 1], 
 665: [0.361113, 1.00008, -0.592591, 1], 
 666: [0.569604, 0.984543, -0.599938, 1], 
 667: [-6.23645e-009, 0.986096, -0.546243, 1], 
 668: [0.330093, 0.964892, -0.543707, 1], 
 669: [-0.375167, 1.009, -1.08073, 1], 
 670: [-0.477351, 1.00653, -1.02234, 1], 
 671: [-0.556846, 1.00594, -0.915213, 1], 
 672: [-0.600644, 1.00907, -0.721053, 1], 
 673: [-0.537824, 0.850243, -1.46773, 1], 
 674: [-0.506774, 0.936118, -1.34733, 1], 
 675: [-0.456537, 0.98008, -1.24264, 1], 
 676: [-0.627272, 0.588914, -1.82345, 1], 
 677: [-0.601953, 0.643026, -1.71276, 1], 
 678: [-0.569218, 0.739035, -1.60327, 1], 
 679: [-0.682658, 0.402552, -2.30808, 1], 
 680: [-0.667888, 0.489193, -2.10147, 1], 
 681: [-0.648999, 0.542443, -1.95338, 1], 
 682: [-0.569604, 0.984543, -0.599938, 1], 
 683: [-0.361113, 1.00008, -0.592591, 1], 
 684: [-0.330093, 0.964892, -0.543707, 1], 
 685: [0.989431, 0.395394, -0.602884, 1], 
 686: [0.98183, 0.395229, -0.576013, 1], 
 687: [0.531894, 0.93973, -0.552961, 1], 
 688: [0.330093, 0.964892, -0.543707, 1], 
 689: [0.653787, 0.909395, -0.564138, 1], 
 690: [0.733029, 0.795498, -0.544845, 1], 
 691: [0.749677, 0.867115, -0.57612, 1], 
 692: [0.8028, 0.619507, -0.517728, 1], 
 693: [0.809831, 0.747156, -0.557251, 1], 
 694: [0.95837, 0.395227, -0.538524, 1], 
 695: [0.921251, 0.39537, -0.515075, 1], 
 696: [0.867927, 0.395574, -0.499437, 1], 
 697: [0.870674, 0.581627, -0.531284, 1], 
 698: [-0.330093, 0.964892, -0.543707, 1], 
 699: [-0.531894, 0.93973, -0.552961, 1], 
 700: [-0.653787, 0.909395, -0.564138, 1], 
 701: [-0.749677, 0.867115, -0.57612, 1], 
 702: [-0.733029, 0.795498, -0.544845, 1], 
 703: [-0.809831, 0.747156, -0.557251, 1], 
 704: [-0.8028, 0.619507, -0.517728, 1], 
 705: [-0.870674, 0.581627, -0.531284, 1], 
 706: [-0.867927, 0.395574, -0.499437, 1], 
 707: [-0.921251, 0.39537, -0.515075, 1], 
 708: [-0.920952, 0.37266, -0.512504, 1]]
Number of polygons: 998
Polygon Connection List
[0: [9, 11, 13], 
1: [11, 15, 13], 
2: [12, 3, 17], 
3: [3, 19, 17], 
4: [16, 5, 21], 
5: [5, 23, 21], 
6: [20, 7, 8], 
7: [7, 1, 8], 
8: [10, 22, 14], 
9: [22, 18, 14], 
10: [6, 0, 4], 
11: [0, 2, 4], 
12: [33, 35, 37], 
13: [35, 39, 37], 
14: [36, 27, 41], 
15: [27, 43, 41], 
16: [40, 29, 45], 
17: [29, 47, 45], 
18: [44, 31, 32], 
19: [31, 25, 32], 
20: [34, 46, 38], 
21: [46, 42, 38], 
22: [30, 24, 28], 
23: [24, 26, 28], 
24: [57, 59, 61], 
25: [59, 63, 61], 
26: [60, 51, 65], 
27: [51, 67, 65], 
28: [64, 53, 69], 
29: [53, 71, 69], 
30: [68, 55, 56], 
31: [55, 49, 56], 
32: [58, 70, 62], 
33: [70, 66, 62], 
34: [54, 48, 52], 
35: [48, 50, 52], 
36: [87, 76, 88], 
37: [76, 89, 88], 
38: [82, 73, 83], 
39: [78, 83, 75], 
40: [73, 75, 83], 
41: [72, 80, 79], 
42: [80, 81, 79], 
43: [83, 81, 82], 
44: [82, 81, 74], 
45: [80, 74, 81], 
46: [84, 77, 86], 
47: [77, 85, 86], 
48: [79, 81, 85], 
49: [85, 81, 86], 
50: [78, 87, 83], 
51: [87, 88, 83], 
52: [88, 86, 83], 
53: [86, 81, 83], 
54: [89, 84, 88], 
55: [84, 86, 88], 
56: [99, 100, 98], 
57: [90, 91, 102], 
58: [102, 91, 101], 
59: [91, 92, 101], 
60: [92, 93, 101], 
61: [93, 94, 101], 
62: [94, 95, 101], 
63: [95, 96, 101], 
64: [96, 97, 101], 
65: [97, 98, 101], 
66: [98, 100, 101], 
67: [132, 99, 131], 
68: [98, 131, 99], 
69: [118, 94, 117], 
70: [93, 117, 94], 
71: [113, 92, 112], 
72: [91, 112, 92], 
73: [634, 108, 633], 
74: [109, 633, 108], 
75: [635, 633, 107], 
76: [633, 109, 107], 
77: [111, 112, 90], 
78: [112, 91, 90], 
79: [109, 112, 107], 
80: [107, 112, 111], 
81: [108, 113, 109], 
82: [113, 112, 109], 
83: [636, 637, 116], 
84: [114, 116, 637], 
85: [634, 636, 108], 
86: [636, 116, 108], 
87: [117, 93, 113], 
88: [92, 113, 93], 
89: [116, 117, 108], 
90: [117, 113, 108], 
91: [114, 118, 116], 
92: [118, 117, 116], 
93: [123, 124, 95], 
94: [95, 124, 96], 
95: [638, 639, 122], 
96: [120, 122, 639], 
97: [637, 638, 114], 
98: [638, 122, 114], 
99: [118, 123, 94], 
100: [94, 123, 95], 
101: [114, 122, 118], 
102: [123, 118, 122], 
103: [122, 120, 123], 
104: [124, 123, 120], 
105: [124, 127, 96], 
106: [96, 127, 97], 
107: [126, 120, 640], 
108: [120, 639, 640], 
109: [120, 126, 124], 
110: [127, 124, 126], 
111: [130, 641, 128], 
112: [128, 641, 642], 
113: [130, 126, 641], 
114: [641, 126, 640], 
115: [127, 131, 97], 
116: [97, 131, 98], 
117: [126, 130, 127], 
118: [131, 127, 130], 
119: [130, 128, 131], 
120: [132, 131, 128], 
121: [129, 192, 104], 
122: [104, 192, 191], 
123: [163, 162, 115], 
124: [105, 115, 162], 
125: [153, 152, 137], 
126: [151, 137, 152], 
127: [147, 146, 139], 
128: [146, 145, 139], 
129: [141, 143, 138], 
130: [142, 138, 143], 
131: [143, 140, 142], 
132: [140, 133, 142], 
133: [146, 143, 145], 
134: [143, 141, 145], 
135: [144, 140, 146], 
136: [140, 143, 146], 
137: [136, 144, 147], 
138: [144, 146, 147], 
139: [150, 149, 148], 
140: [149, 135, 148], 
141: [141, 138, 150], 
142: [138, 149, 150], 
143: [151, 152, 148], 
144: [148, 152, 150], 
145: [145, 141, 152], 
146: [152, 141, 150], 
147: [153, 139, 152], 
148: [139, 145, 152], 
149: [158, 106, 159], 
150: [106, 110, 159], 
151: [156, 147, 155], 
152: [147, 139, 155], 
153: [154, 136, 156], 
154: [136, 147, 156], 
155: [155, 158, 156], 
156: [156, 158, 159], 
157: [157, 154, 159], 
158: [154, 156, 159], 
159: [103, 157, 110], 
160: [110, 157, 159], 
161: [153, 137, 161], 
162: [137, 160, 161], 
163: [139, 153, 155], 
164: [155, 153, 161], 
165: [161, 160, 163], 
166: [160, 162, 163], 
167: [155, 161, 158], 
168: [158, 161, 163], 
169: [158, 163, 106], 
170: [115, 106, 163], 
171: [164, 182, 180], 
172: [180, 182, 181], 
173: [170, 166, 171], 
174: [171, 166, 172], 
175: [169, 168, 167], 
176: [168, 165, 167], 
177: [148, 135, 169], 
178: [135, 168, 169], 
179: [167, 170, 169], 
180: [169, 170, 171], 
181: [151, 148, 171], 
182: [148, 169, 171], 
183: [137, 151, 172], 
184: [151, 171, 172], 
185: [177, 176, 173], 
186: [176, 134, 173], 
187: [167, 165, 175], 
188: [165, 174, 175], 
189: [175, 174, 177], 
190: [174, 176, 177], 
191: [166, 170, 178], 
192: [178, 170, 179], 
193: [170, 167, 179], 
194: [167, 175, 179], 
195: [180, 181, 173], 
196: [173, 181, 177], 
197: [179, 175, 181], 
198: [181, 175, 177], 
199: [178, 179, 182], 
200: [182, 179, 181], 
201: [185, 119, 186], 
202: [119, 121, 186], 
203: [166, 183, 172], 
204: [172, 183, 184], 
205: [172, 184, 137], 
206: [160, 137, 184], 
207: [184, 183, 186], 
208: [183, 185, 186], 
209: [160, 184, 162], 
210: [162, 184, 186], 
211: [162, 186, 105], 
212: [121, 105, 186], 
213: [189, 182, 187], 
214: [182, 164, 187], 
215: [183, 166, 188], 
216: [166, 178, 188], 
217: [188, 178, 189], 
218: [178, 182, 189], 
219: [190, 125, 185], 
220: [125, 119, 185], 
221: [183, 188, 185], 
222: [185, 188, 190], 
223: [192, 189, 191], 
224: [189, 187, 191], 
225: [190, 188, 192], 
226: [188, 189, 192], 
227: [125, 190, 129], 
228: [129, 190, 192], 
229: [205, 204, 195], 
230: [203, 195, 204], 
231: [199, 194, 200], 
232: [194, 196, 200], 
233: [174, 193, 198], 
234: [193, 197, 198], 
235: [197, 199, 198], 
236: [199, 200, 198], 
237: [134, 176, 201], 
238: [176, 202, 201], 
239: [176, 174, 202], 
240: [174, 198, 202], 
241: [200, 196, 204], 
242: [196, 203, 204], 
243: [198, 200, 202], 
244: [200, 204, 202], 
245: [201, 202, 205], 
246: [205, 202, 204], 
247: [102, 222, 77], 
248: [77, 222, 206], 
249: [206, 222, 207], 
250: [222, 221, 207], 
251: [207, 221, 208], 
252: [221, 220, 208], 
253: [208, 220, 209], 
254: [209, 220, 210], 
255: [210, 220, 211], 
256: [211, 220, 212], 
257: [212, 220, 213], 
258: [213, 220, 214], 
259: [214, 220, 215], 
260: [215, 220, 216], 
261: [220, 217, 216], 
262: [217, 220, 218], 
263: [218, 220, 219], 
264: [300, 299, 225], 
265: [298, 225, 299], 
266: [258, 227, 259], 
267: [227, 260, 259], 
268: [228, 246, 244], 
269: [244, 246, 245], 
270: [652, 653, 235], 
271: [653, 236, 235], 
272: [654, 655, 232], 
273: [232, 655, 233], 
274: [223, 232, 233], 
275: [655, 652, 233], 
276: [652, 235, 233], 
277: [235, 223, 233], 
278: [236, 223, 235], 
279: [226, 237, 240], 
280: [240, 237, 241], 
281: [239, 231, 238], 
282: [229, 238, 231], 
283: [240, 241, 238], 
284: [238, 241, 239], 
285: [242, 230, 243], 
286: [230, 234, 243], 
287: [239, 243, 231], 
288: [234, 231, 243], 
289: [237, 244, 241], 
290: [244, 245, 241], 
291: [241, 245, 239], 
292: [245, 243, 239], 
293: [246, 242, 245], 
294: [242, 243, 245], 
295: [250, 247, 251], 
296: [247, 252, 251], 
297: [653, 248, 236], 
298: [236, 248, 249], 
299: [223, 236, 249], 
300: [248, 250, 249], 
301: [249, 250, 251], 
302: [223, 249, 251], 
303: [252, 223, 251], 
304: [253, 255, 657], 
305: [657, 255, 656], 
306: [658, 254, 653], 
307: [254, 248, 653], 
308: [255, 254, 656], 
309: [254, 658, 656], 
310: [256, 247, 257], 
311: [247, 250, 257], 
312: [257, 250, 254], 
313: [250, 248, 254], 
314: [258, 259, 253], 
315: [253, 259, 255], 
316: [259, 257, 255], 
317: [257, 254, 255], 
318: [260, 256, 259], 
319: [256, 257, 259], 
320: [261, 283, 281], 
321: [281, 283, 282], 
322: [263, 273, 271], 
323: [271, 273, 272], 
324: [264, 268, 262], 
325: [267, 262, 268], 
326: [265, 266, 226], 
327: [226, 266, 237], 
328: [267, 268, 265], 
329: [265, 268, 266], 
330: [228, 244, 269], 
331: [269, 244, 270], 
332: [266, 270, 237], 
333: [244, 237, 270], 
334: [271, 272, 264], 
335: [264, 272, 268], 
336: [272, 270, 268], 
337: [270, 266, 268], 
338: [273, 269, 272], 
339: [269, 270, 272], 
340: [224, 274, 277], 
341: [277, 274, 278], 
342: [275, 276, 262], 
343: [262, 276, 264], 
344: [277, 278, 275], 
345: [275, 278, 276], 
346: [279, 263, 280], 
347: [263, 271, 280], 
348: [280, 271, 276], 
349: [271, 264, 276], 
350: [281, 282, 274], 
351: [274, 282, 278], 
352: [282, 280, 278], 
353: [280, 276, 278], 
354: [279, 280, 283], 
355: [283, 280, 282], 
356: [284, 292, 290], 
357: [292, 291, 290], 
358: [659, 660, 287], 
359: [660, 285, 287], 
360: [286, 253, 661], 
361: [253, 657, 661], 
362: [661, 659, 286], 
363: [659, 287, 286], 
364: [288, 227, 289], 
365: [227, 258, 289], 
366: [289, 258, 286], 
367: [258, 253, 286], 
368: [287, 285, 291], 
369: [285, 290, 291], 
370: [286, 287, 289], 
371: [289, 287, 291], 
372: [291, 292, 289], 
373: [292, 288, 289], 
374: [293, 295, 663], 
375: [663, 295, 662], 
376: [294, 285, 664], 
377: [285, 660, 664], 
378: [294, 664, 295], 
379: [295, 664, 662], 
380: [297, 296, 290], 
381: [296, 284, 290], 
382: [285, 294, 290], 
383: [290, 294, 297], 
384: [298, 299, 293], 
385: [293, 299, 295], 
386: [299, 297, 295], 
387: [297, 294, 295], 
388: [299, 300, 297], 
389: [300, 296, 297], 
390: [685, 686, 365], 
391: [336, 337, 304], 
392: [304, 337, 338], 
393: [322, 306, 321], 
394: [320, 321, 306], 
395: [688, 314, 687], 
396: [314, 307, 687], 
397: [232, 665, 654], 
398: [665, 666, 654], 
399: [223, 308, 232], 
400: [308, 665, 232], 
401: [310, 313, 309], 
402: [313, 312, 309], 
403: [308, 667, 665], 
404: [667, 668, 665], 
405: [311, 305, 688], 
406: [305, 314, 688], 
407: [317, 315, 240], 
408: [240, 315, 226], 
409: [229, 309, 238], 
410: [309, 316, 238], 
411: [238, 316, 240], 
412: [316, 317, 240], 
413: [318, 689, 307], 
414: [689, 687, 307], 
415: [319, 316, 312], 
416: [312, 316, 309], 
417: [321, 320, 317], 
418: [315, 317, 320], 
419: [319, 321, 316], 
420: [321, 317, 316], 
421: [318, 690, 689], 
422: [690, 691, 689], 
423: [328, 329, 323], 
424: [323, 329, 330], 
425: [326, 325, 314], 
426: [314, 325, 307], 
427: [314, 305, 326], 
428: [324, 326, 305], 
429: [329, 328, 326], 
430: [326, 328, 325], 
431: [324, 327, 326], 
432: [327, 329, 326], 
433: [329, 327, 330], 
434: [330, 327, 302], 
435: [333, 692, 690], 
436: [690, 692, 693], 
437: [325, 332, 307], 
438: [332, 318, 307], 
439: [332, 333, 318], 
440: [318, 333, 690], 
441: [335, 328, 334], 
442: [334, 328, 323], 
443: [328, 335, 325], 
444: [335, 332, 325], 
445: [337, 336, 333], 
446: [333, 336, 692], 
447: [332, 335, 333], 
448: [335, 337, 333], 
449: [334, 338, 335], 
450: [338, 337, 335], 
451: [224, 352, 353], 
452: [345, 346, 339], 
453: [346, 347, 339], 
454: [342, 340, 267], 
455: [267, 340, 262], 
456: [315, 341, 226], 
457: [341, 265, 226], 
458: [341, 342, 265], 
459: [265, 342, 267], 
460: [306, 343, 320], 
461: [343, 344, 320], 
462: [320, 344, 315], 
463: [344, 341, 315], 
464: [340, 342, 345], 
465: [342, 346, 345], 
466: [342, 341, 346], 
467: [341, 344, 346], 
468: [344, 343, 346], 
469: [347, 346, 343], 
470: [277, 349, 224], 
471: [262, 340, 275], 
472: [340, 348, 275], 
473: [275, 348, 277], 
474: [348, 349, 277], 
475: [351, 345, 350], 
476: [350, 345, 339], 
477: [345, 351, 340], 
478: [351, 348, 340], 
479: [224, 349, 352], 
480: [351, 352, 348], 
481: [352, 349, 348], 
482: [350, 353, 351], 
483: [353, 352, 351], 
484: [694, 695, 354], 
485: [695, 362, 354], 
486: [357, 355, 347], 
487: [347, 355, 339], 
488: [331, 356, 306], 
489: [356, 343, 306], 
490: [343, 356, 347], 
491: [356, 357, 347], 
492: [304, 301, 336], 
493: [301, 303, 336], 
494: [336, 303, 696], 
495: [303, 358, 696], 
496: [336, 696, 692], 
497: [696, 697, 692], 
498: [361, 360, 357], 
499: [357, 360, 355], 
500: [359, 361, 356], 
501: [356, 361, 357], 
502: [358, 362, 696], 
503: [362, 695, 696], 
504: [353, 364, 224], 
505: [355, 363, 339], 
506: [339, 363, 350], 
507: [363, 364, 350], 
508: [350, 364, 353], 
509: [686, 694, 365], 
510: [365, 694, 354], 
511: [360, 366, 355], 
512: [366, 363, 355], 
513: [224, 364, 368], 
514: [366, 367, 363], 
515: [368, 364, 367], 
516: [364, 363, 367], 
517: [381, 382, 76], 
518: [382, 89, 76], 
519: [377, 378, 370], 
520: [373, 372, 378], 
521: [378, 372, 370], 
522: [369, 374, 375], 
523: [374, 376, 375], 
524: [376, 378, 375], 
525: [375, 378, 371], 
526: [378, 377, 371], 
527: [84, 380, 77], 
528: [380, 379, 77], 
529: [380, 376, 379], 
530: [379, 376, 374], 
531: [373, 378, 381], 
532: [378, 382, 381], 
533: [382, 378, 380], 
534: [378, 376, 380], 
535: [89, 382, 84], 
536: [382, 380, 84], 
537: [391, 390, 392], 
538: [90, 102, 383], 
539: [102, 393, 383], 
540: [383, 393, 384], 
541: [384, 393, 385], 
542: [385, 393, 386], 
543: [386, 393, 387], 
544: [387, 393, 388], 
545: [388, 393, 389], 
546: [389, 393, 390], 
547: [390, 393, 392], 
548: [420, 419, 391], 
549: [390, 391, 419], 
550: [406, 405, 386], 
551: [385, 386, 405], 
552: [401, 400, 384], 
553: [383, 384, 400], 
554: [643, 644, 397], 
555: [398, 397, 644], 
556: [635, 107, 644], 
557: [107, 398, 644], 
558: [111, 90, 400], 
559: [90, 383, 400], 
560: [398, 107, 400], 
561: [107, 111, 400], 
562: [397, 398, 401], 
563: [401, 398, 400], 
564: [646, 404, 645], 
565: [402, 645, 404], 
566: [643, 397, 646], 
567: [646, 397, 404], 
568: [405, 401, 385], 
569: [384, 385, 401], 
570: [404, 397, 405], 
571: [405, 397, 401], 
572: [402, 404, 406], 
573: [406, 404, 405], 
574: [411, 387, 412], 
575: [387, 388, 412], 
576: [648, 410, 647], 
577: [408, 647, 410], 
578: [645, 402, 648], 
579: [648, 402, 410], 
580: [406, 386, 411], 
581: [386, 387, 411], 
582: [402, 406, 410], 
583: [411, 410, 406], 
584: [410, 411, 408], 
585: [412, 408, 411], 
586: [412, 388, 415], 
587: [388, 389, 415], 
588: [414, 649, 408], 
589: [649, 647, 408], 
590: [408, 412, 414], 
591: [415, 414, 412], 
592: [418, 416, 651], 
593: [416, 650, 651], 
594: [649, 414, 651], 
595: [651, 414, 418], 
596: [415, 389, 419], 
597: [389, 390, 419], 
598: [414, 415, 418], 
599: [419, 418, 415], 
600: [418, 419, 416], 
601: [420, 416, 419], 
602: [417, 394, 474], 
603: [394, 473, 474], 
604: [445, 403, 444], 
605: [395, 444, 403], 
606: [437, 423, 436], 
607: [435, 436, 423], 
608: [431, 425, 430], 
609: [430, 425, 429], 
610: [426, 424, 428], 
611: [427, 428, 424], 
612: [428, 427, 140], 
613: [140, 427, 133], 
614: [430, 429, 428], 
615: [428, 429, 426], 
616: [144, 430, 140], 
617: [430, 428, 140], 
618: [136, 431, 144], 
619: [431, 430, 144], 
620: [434, 432, 433], 
621: [433, 432, 422], 
622: [426, 434, 424], 
623: [424, 434, 433], 
624: [435, 432, 436], 
625: [432, 434, 436], 
626: [429, 436, 426], 
627: [436, 434, 426], 
628: [437, 436, 425], 
629: [436, 429, 425], 
630: [440, 441, 396], 
631: [396, 441, 399], 
632: [439, 438, 431], 
633: [431, 438, 425], 
634: [154, 439, 136], 
635: [439, 431, 136], 
636: [438, 439, 440], 
637: [439, 441, 440], 
638: [157, 441, 154], 
639: [441, 439, 154], 
640: [103, 399, 157], 
641: [399, 441, 157], 
642: [437, 443, 423], 
643: [443, 442, 423], 
644: [425, 438, 437], 
645: [438, 443, 437], 
646: [443, 445, 442], 
647: [445, 444, 442], 
648: [438, 440, 443], 
649: [440, 445, 443], 
650: [440, 396, 445], 
651: [403, 445, 396], 
652: [446, 462, 464], 
653: [462, 463, 464], 
654: [454, 448, 453], 
655: [453, 448, 452], 
656: [451, 449, 450], 
657: [450, 449, 447], 
658: [432, 451, 422], 
659: [451, 450, 422], 
660: [453, 452, 451], 
661: [451, 452, 449], 
662: [435, 453, 432], 
663: [453, 451, 432], 
664: [423, 454, 435], 
665: [454, 453, 435], 
666: [459, 455, 458], 
667: [458, 455, 421], 
668: [449, 457, 447], 
669: [447, 457, 456], 
670: [457, 459, 456], 
671: [456, 459, 458], 
672: [461, 452, 460], 
673: [460, 452, 448], 
674: [452, 461, 449], 
675: [461, 457, 449], 
676: [462, 455, 463], 
677: [455, 459, 463], 
678: [461, 463, 457], 
679: [463, 459, 457], 
680: [460, 464, 461], 
681: [464, 463, 461], 
682: [467, 468, 407], 
683: [407, 468, 409], 
684: [466, 465, 454], 
685: [454, 465, 448], 
686: [454, 423, 466], 
687: [442, 466, 423], 
688: [466, 468, 465], 
689: [468, 467, 465], 
690: [442, 444, 466], 
691: [444, 468, 466], 
692: [444, 395, 468], 
693: [409, 468, 395], 
694: [471, 469, 464], 
695: [464, 469, 446], 
696: [465, 470, 448], 
697: [470, 460, 448], 
698: [470, 471, 460], 
699: [460, 471, 464], 
700: [472, 467, 413], 
701: [413, 467, 407], 
702: [465, 467, 470], 
703: [467, 472, 470], 
704: [474, 473, 471], 
705: [471, 473, 469], 
706: [472, 474, 470], 
707: [474, 471, 470], 
708: [413, 417, 472], 
709: [417, 474, 472], 
710: [486, 487, 485], 
711: [485, 487, 477], 
712: [481, 482, 476], 
713: [482, 478, 476], 
714: [456, 480, 475], 
715: [480, 479, 475], 
716: [479, 480, 481], 
717: [480, 482, 481], 
718: [421, 483, 458], 
719: [483, 484, 458], 
720: [458, 484, 456], 
721: [484, 480, 456], 
722: [482, 486, 478], 
723: [486, 485, 478], 
724: [480, 484, 482], 
725: [484, 486, 482], 
726: [484, 483, 486], 
727: [487, 486, 483], 
728: [102, 77, 504], 
729: [77, 488, 504], 
730: [488, 489, 504], 
731: [504, 489, 503], 
732: [489, 490, 503], 
733: [503, 490, 502], 
734: [490, 491, 502], 
735: [491, 492, 502], 
736: [492, 493, 502], 
737: [493, 494, 502], 
738: [494, 495, 502], 
739: [495, 496, 502], 
740: [496, 497, 502], 
741: [497, 498, 502], 
742: [502, 498, 499], 
743: [499, 500, 502], 
744: [500, 501, 502], 
745: [300, 225, 570], 
746: [569, 570, 225], 
747: [534, 535, 227], 
748: [535, 260, 227], 
749: [507, 523, 525], 
750: [523, 524, 525], 
751: [670, 514, 669], 
752: [514, 515, 669], 
753: [672, 511, 671], 
754: [511, 512, 671], 
755: [223, 512, 511], 
756: [671, 512, 670], 
757: [512, 514, 670], 
758: [514, 512, 223], 
759: [515, 514, 223], 
760: [506, 519, 516], 
761: [519, 520, 516], 
762: [518, 517, 510], 
763: [508, 510, 517], 
764: [519, 517, 520], 
765: [517, 518, 520], 
766: [521, 522, 509], 
767: [522, 513, 509], 
768: [518, 510, 522], 
769: [513, 522, 510], 
770: [516, 520, 523], 
771: [520, 524, 523], 
772: [520, 518, 524], 
773: [524, 518, 522], 
774: [525, 524, 521], 
775: [524, 522, 521], 
776: [528, 529, 247], 
777: [247, 529, 252], 
778: [669, 515, 526], 
779: [515, 527, 526], 
780: [223, 527, 515], 
781: [526, 527, 528], 
782: [527, 529, 528], 
783: [223, 529, 527], 
784: [252, 529, 223], 
785: [530, 673, 532], 
786: [673, 674, 532], 
787: [675, 669, 531], 
788: [531, 669, 526], 
789: [532, 674, 531], 
790: [674, 675, 531], 
791: [256, 533, 247], 
792: [533, 528, 247], 
793: [533, 531, 528], 
794: [528, 531, 526], 
795: [534, 530, 535], 
796: [530, 532, 535], 
797: [535, 532, 533], 
798: [532, 531, 533], 
799: [260, 535, 256], 
800: [535, 533, 256], 
801: [536, 556, 558], 
802: [556, 557, 558], 
803: [547, 548, 546], 
804: [546, 548, 538], 
805: [539, 537, 543], 
806: [542, 543, 537], 
807: [540, 506, 541], 
808: [506, 516, 541], 
809: [542, 540, 543], 
810: [540, 541, 543], 
811: [545, 523, 544], 
812: [544, 523, 507], 
813: [541, 516, 545], 
814: [523, 545, 516], 
815: [543, 547, 539], 
816: [539, 547, 546], 
817: [547, 543, 545], 
818: [543, 541, 545], 
819: [548, 547, 544], 
820: [547, 545, 544], 
821: [505, 552, 549], 
822: [552, 553, 549], 
823: [550, 537, 551], 
824: [537, 539, 551], 
825: [552, 550, 553], 
826: [550, 551, 553], 
827: [554, 555, 538], 
828: [555, 546, 538], 
829: [555, 551, 546], 
830: [546, 551, 539], 
831: [556, 549, 557], 
832: [549, 553, 557], 
833: [557, 553, 555], 
834: [553, 551, 555], 
835: [554, 558, 555], 
836: [558, 557, 555], 
837: [284, 563, 292], 
838: [563, 564, 292], 
839: [677, 561, 676], 
840: [561, 559, 676], 
841: [560, 678, 530], 
842: [530, 678, 673], 
843: [678, 560, 677], 
844: [560, 561, 677], 
845: [288, 562, 227], 
846: [562, 534, 227], 
847: [562, 560, 534], 
848: [534, 560, 530], 
849: [561, 564, 559], 
850: [564, 563, 559], 
851: [560, 562, 561], 
852: [562, 564, 561], 
853: [564, 562, 292], 
854: [292, 562, 288], 
855: [565, 679, 567], 
856: [679, 680, 567], 
857: [566, 681, 559], 
858: [681, 676, 559], 
859: [566, 567, 681], 
860: [567, 680, 681], 
861: [568, 563, 296], 
862: [296, 563, 284], 
863: [568, 566, 563], 
864: [563, 566, 559], 
865: [569, 565, 570], 
866: [565, 567, 570], 
867: [570, 567, 568], 
868: [567, 566, 568], 
869: [570, 568, 300], 
870: [300, 568, 296], 
871: [631, 629, 630], 
872: [602, 601, 573], 
873: [573, 601, 600], 
874: [588, 587, 574], 
875: [586, 574, 587], 
876: [698, 699, 580], 
877: [699, 575, 580], 
878: [511, 672, 683], 
879: [672, 682, 683], 
880: [223, 511, 308], 
881: [308, 511, 683], 
882: [577, 576, 579], 
883: [576, 578, 579], 
884: [308, 683, 667], 
885: [667, 683, 684], 
886: [311, 698, 305], 
887: [305, 698, 580], 
888: [583, 519, 581], 
889: [519, 506, 581], 
890: [508, 517, 576], 
891: [517, 582, 576], 
892: [517, 519, 582], 
893: [519, 583, 582], 
894: [584, 575, 700], 
895: [575, 699, 700], 
896: [585, 578, 582], 
897: [578, 576, 582], 
898: [587, 583, 586], 
899: [581, 586, 583], 
900: [585, 582, 587], 
901: [587, 582, 583], 
902: [584, 700, 702], 
903: [702, 700, 701], 
904: [594, 593, 589], 
905: [589, 593, 592], 
906: [575, 590, 580], 
907: [580, 590, 591], 
908: [305, 580, 324], 
909: [324, 580, 591], 
910: [593, 591, 592], 
911: [591, 590, 592], 
912: [324, 591, 327], 
913: [327, 591, 593], 
914: [593, 594, 327], 
915: [594, 302, 327], 
916: [597, 702, 704], 
917: [702, 703, 704], 
918: [590, 575, 596], 
919: [575, 584, 596], 
920: [596, 584, 597], 
921: [584, 702, 597], 
922: [589, 592, 598], 
923: [598, 592, 599], 
924: [592, 590, 599], 
925: [590, 596, 599], 
926: [601, 597, 600], 
927: [597, 704, 600], 
928: [596, 597, 599], 
929: [599, 597, 601], 
930: [598, 599, 602], 
931: [602, 599, 601], 
932: [505, 617, 616], 
933: [609, 603, 610], 
934: [603, 611, 610], 
935: [606, 542, 604], 
936: [542, 537, 604], 
937: [581, 506, 605], 
938: [506, 540, 605], 
939: [542, 606, 540], 
940: [540, 606, 605], 
941: [574, 586, 607], 
942: [586, 608, 607], 
943: [586, 581, 608], 
944: [581, 605, 608], 
945: [604, 609, 606], 
946: [606, 609, 610], 
947: [606, 610, 605], 
948: [605, 610, 608], 
949: [608, 610, 607], 
950: [611, 607, 610], 
951: [552, 505, 613], 
952: [537, 550, 604], 
953: [550, 612, 604], 
954: [550, 552, 612], 
955: [552, 613, 612], 
956: [603, 609, 614], 
957: [614, 609, 615], 
958: [609, 604, 615], 
959: [604, 612, 615], 
960: [505, 616, 613], 
961: [615, 612, 616], 
962: [616, 612, 613], 
963: [614, 615, 617], 
964: [617, 615, 616], 
965: [624, 618, 625], 
966: [618, 626, 625], 
967: [621, 611, 619], 
968: [611, 603, 619], 
969: [595, 574, 620], 
970: [574, 607, 620], 
971: [607, 611, 620], 
972: [611, 621, 620], 
973: [573, 600, 571], 
974: [571, 600, 572], 
975: [600, 706, 572], 
976: [706, 622, 572], 
977: [600, 704, 706], 
978: [704, 705, 706], 
979: [625, 621, 624], 
980: [621, 619, 624], 
981: [623, 620, 625], 
982: [620, 621, 625], 
983: [622, 706, 708], 
984: [708, 706, 707], 
985: [617, 505, 628], 
986: [619, 603, 627], 
987: [603, 614, 627], 
988: [627, 614, 628], 
989: [614, 617, 628], 
990: [630, 629, 624], 
991: [629, 618, 624], 
992: [624, 619, 630], 
993: [619, 627, 630], 
994: [505, 632, 628], 
995: [630, 627, 631], 
996: [632, 631, 628], 
997: [631, 627, 628]]
Per Vertex Normals
[0: [-1, -1.91478e-008, 0], 
 1: [0, -1, 1.43286e-009], 
 2: [-1, -3.18875e-008, 0], 
 3: [0, 1, -9.50157e-009], 
 4: [-1, 1.91478e-008, 0], 
 5: [5.96483e-009, 0, -1], 
 6: [-1, 3.18875e-008, 0], 
 7: [0, -1, -6.21074e-010], 
 8: [0, -1, 6.21074e-010], 
 9: [-9.38317e-008, 0, 1], 
 10: [1, -2.082e-008, 0], 
 11: [-9.38317e-008, 0, 1], 
 12: [0, 1, -2.19208e-008], 
 13: [-9.38317e-008, 0, 1], 
 14: [1, -1.2502e-008, 0], 
 15: [-9.38317e-008, 0, 1], 
 16: [5.96483e-009, 0, -1], 
 17: [0, 1, 9.50157e-009], 
 18: [1, 2.082e-008, 0], 
 19: [0, 1, 2.19208e-008], 
 20: [0, -1, -1.43286e-009], 
 21: [5.96483e-009, 0, -1], 
 22: [1, 1.2502e-008, 0], 
 23: [5.96483e-009, 0, -1], 
 24: [-1, 2.45987e-008, 0], 
 25: [0, -1, 3.03938e-010], 
 26: [-1, -4.44125e-008, 0], 
 27: [0, 1, -4.71706e-008], 
 28: [-1, -2.45987e-008, 0], 
 29: [6.27141e-009, 0, -1], 
 30: [-1, 4.44124e-008, 0], 
 31: [0, -1, 2.09609e-010], 
 32: [0, -1, -2.09609e-010], 
 33: [9.239e-008, 0, 1], 
 34: [1, 2.10163e-008, 0], 
 35: [9.239e-008, 0, 1], 
 36: [0, 1, 6.83987e-008], 
 37: [9.239e-008, 0, 1], 
 38: [1, -1.16403e-008, 0], 
 39: [9.239e-008, 0, 1], 
 40: [6.27141e-009, 0, -1], 
 41: [0, 1, 4.71706e-008], 
 42: [1, -2.10163e-008, 0], 
 43: [0, 1, -6.83987e-008], 
 44: [0, -1, -3.03938e-010], 
 45: [6.27141e-009, 0, -1], 
 46: [1, 1.16403e-008, 0], 
 47: [6.27141e-009, 0, -1], 
 48: [-1, -1.63672e-008, 0], 
 49: [0, -1, 3.03938e-010], 
 50: [-1, 2.95507e-008, 0], 
 51: [0, 1, -4.71706e-008], 
 52: [-1, 1.63672e-008, 0], 
 53: [-1.36488e-009, 0, -1], 
 54: [-1, -2.95507e-008, 0], 
 55: [0, -1, 2.09608e-010], 
 56: [0, -1, -2.09608e-010], 
 57: [-1.1493e-008, 0, 1], 
 58: [1, -4.92982e-008, 0], 
 59: [-1.1493e-008, 0, 1], 
 60: [0, 1, 6.83987e-008], 
 61: [-1.1493e-008, 0, 1], 
 62: [1, 2.73047e-008, 0], 
 63: [-1.1493e-008, 0, 1], 
 64: [-1.36488e-009, 0, -1], 
 65: [0, 1, 4.71706e-008], 
 66: [1, 4.92982e-008, 0], 
 67: [0, 1, -6.83987e-008], 
 68: [0, -1, -3.03938e-010], 
 69: [-1.36488e-009, 0, -1], 
 70: [1, -2.73047e-008, 0], 
 71: [-1.36488e-009, 0, -1], 
 72: [0, 1, -3.07314e-010], 
 73: [0, 1, 1.35971e-009], 
 74: [0, 1, 6.00063e-010], 
 75: [0, 1, -2.43768e-010], 
 76: [0, 1, -5.19012e-011], 
 77: [-1.2495e-007, 0.711295, 0.702894], 
 78: [0, 1, -1.77693e-010], 
 79: [0, 1, -1.27193e-011], 
 80: [0, 1, -5.43756e-010], 
 81: [0, 1, -3.41789e-010], 
 82: [0, 1, 1.2491e-010], 
 83: [0, 1, -1.37353e-010], 
 84: [0, 1, -3.86237e-010], 
 85: [1.61316e-009, 1, 3.14239e-010], 
 86: [1.64439e-010, 1, -2.7026e-010], 
 87: [0, 1, 2.37957e-010], 
 88: [0, 1, -2.63907e-010], 
 89: [0, 1, -1.44929e-010], 
 90: [8.2536e-009, -0.991106, -0.133078], 
 91: [0.0144737, -0.989609, -0.143056], 
 92: [0.0945959, -0.984188, -0.149749], 
 93: [0.176786, -0.980774, -0.0826445], 
 94: [0.175862, -0.983697, -0.0375802], 
 95: [0.16565, -0.985949, -0.0215534], 
 96: [0.15988, -0.987002, -0.0163021], 
 97: [0.159295, -0.98718, -0.0100809], 
 98: [0.158028, -0.987432, -0.00215375], 
 99: [0.163783, -0.986495, 0.00137717], 
 100: [0, -1, -6.6471e-009], 
 101: [-3.98813e-012, -1, -4.98944e-009], 
 102: [-4.67294e-008, -0.71137, 0.702817], 
 103: [1.89993e-007, 0.0475597, -0.998868], 
 104: [0.999854, 0.0040838, 0.0165752], 
 105: [0.964091, -0.0266807, -0.264229], 
 106: [0.50537, 0.139987, -0.851472], 
 107: [-5.66355e-008, -0.470575, -0.88236], 
 108: [0.452334, -0.41983, -0.786852], 
 109: [0.11109, -0.452675, -0.884729], 
 110: [0.138889, 0.0606046, -0.988452], 
 111: [-3.72453e-008, -0.854873, -0.518838], 
 112: [0.062789, -0.840842, -0.537626], 
 113: [0.302522, -0.806578, -0.50785], 
 114: [0.894699, -0.38464, -0.227083], 
 115: [0.835454, 0.0936126, -0.541528], 
 116: [0.788863, -0.392316, -0.473058], 
 117: [0.543017, -0.784089, -0.300561], 
 118: [0.597731, -0.788689, -0.143831], 
 119: [0.988245, -0.104561, -0.111527], 
 120: [0.90834, -0.406565, -0.0981049], 
 121: [0.984342, -0.0890568, -0.152116], 
 122: [0.909021, -0.395089, -0.132608], 
 123: [0.591847, -0.801842, -0.0822571], 
 124: [0.581604, -0.811161, -0.0612777], 
 125: [0.992202, -0.102398, -0.0710555], 
 126: [0.909324, -0.41167, -0.0604713], 
 127: [0.579523, -0.814078, -0.0378133], 
 128: [0.908336, -0.418173, 0.00755694], 
 129: [0.996534, -0.0815818, -0.0162753], 
 130: [0.909994, -0.414403, -0.0134675], 
 131: [0.577571, -0.816298, -0.0083025], 
 132: [0.577085, -0.816669, 0.00485038], 
 133: [-1.15087e-009, 0.999418, -0.0341217], 
 134: [-0.138802, 0.990318, -0.00191163], 
 135: [-0.0609042, 0.997855, 0.0240126], 
 136: [2.14782e-008, 0.831112, -0.556104], 
 137: [0.618464, 0.768732, -0.162951], 
 138: [-0.0378256, 0.998529, 0.0388513], 
 139: [0.248048, 0.854732, -0.455966], 
 140: [5.93844e-010, 0.996672, -0.0815191], 
 141: [-0.0104094, 0.999633, -0.0249934], 
 142: [-0.00484687, 0.999928, 0.0109586], 
 143: [-0.0168596, 0.998748, -0.0470976], 
 144: [1.75834e-008, 0.96298, -0.269573], 
 145: [0.0900874, 0.976128, -0.197631], 
 146: [0.00411803, 0.969308, -0.245813], 
 147: [0.0536686, 0.837249, -0.544182], 
 148: [0.0274907, 0.999573, 0.00993269], 
 149: [-0.0610018, 0.997337, 0.0399755], 
 150: [0.00923655, 0.999956, -0.00134553], 
 151: [0.276033, 0.959452, -0.0570697], 
 152: [0.196728, 0.973198, -0.119096], 
 153: [0.469711, 0.831134, -0.297637], 
 154: [-9.01775e-008, 0.507247, -0.861801], 
 155: [0.412107, 0.561778, -0.717338], 
 156: [0.113347, 0.516128, -0.848978], 
 157: [1.85577e-008, 0.164374, -0.986398], 
 158: [0.488019, 0.25767, -0.833932], 
 159: [0.136445, 0.181539, -0.973872], 
 160: [0.881135, 0.398949, -0.25385], 
 161: [0.717693, 0.514811, -0.468921], 
 162: [0.959567, 0.0794006, -0.270051], 
 163: [0.823193, 0.205594, -0.529231], 
 164: [0.755927, 0.654072, 0.0276676], 
 165: [-0.0259913, 0.999654, 0.00398928], 
 166: [0.715724, 0.695077, -0.0678773], 
 167: [0.0633947, 0.997986, -0.00236444], 
 168: [-0.0432257, 0.998993, 0.0120155], 
 169: [0.0464815, 0.998909, 0.00448402], 
 170: [0.338192, 0.94068, -0.0273207], 
 171: [0.317877, 0.947547, -0.0332927], 
 172: [0.688461, 0.718924, -0.0957583], 
 173: [0.166526, 0.985993, 0.00934463], 
 174: [-0.183901, 0.98288, 0.0112408], 
 175: [0.0743487, 0.997232, -0.000272914], 
 176: [-0.174334, 0.984681, 0.00343918], 
 177: [0.0950741, 0.99546, 0.00450771], 
 178: [0.734338, 0.677848, -0.0356373], 
 179: [0.355531, 0.93458, -0.0125489], 
 180: [0.449539, 0.892997, 0.0216865], 
 181: [0.385998, 0.92246, 0.00853899], 
 182: [0.752188, 0.658919, 0.00623624], 
 183: [0.955271, 0.278904, -0.0983371], 
 184: [0.937964, 0.314769, -0.145411], 
 185: [0.994008, -0.0209784, -0.107279], 
 186: [0.988224, 0.00169876, -0.153002], 
 187: [0.94255, 0.332976, 0.0269594], 
 188: [0.962317, 0.266018, -0.0564036], 
 189: [0.963833, 0.266496, -0.00222824], 
 190: [0.997733, -0.0217378, -0.0636932], 
 191: [0.995828, 0.0888591, 0.0207594], 
 192: [0.999953, -0.00359191, -0.00903956], 
 193: [-0.360081, 0.932542, 0.0265904], 
 194: [-0.99268, 0.104296, 0.0609006], 
 195: [-0.994166, 0.106924, -0.0142031], 
 196: [-0.993448, 0.1058, 0.0432173], 
 197: [-0.585815, 0.809618, 0.0366075], 
 198: [-0.658264, 0.752122, 0.0316434], 
 199: [-0.951568, 0.301538, 0.059949], 
 200: [-0.955377, 0.29224, 0.0430163], 
 201: [-0.648385, 0.761259, -0.00904088], 
 202: [-0.654861, 0.755735, 0.00463995], 
 203: [-0.994251, 0.106883, 0.0064332], 
 204: [-0.955356, 0.295391, 0.00623302], 
 205: [-0.954644, 0.297444, -0.0135212], 
 206: [-0.0144902, 0.0200016, 0.999695], 
 207: [-0.0448708, 0.00215607, 0.99899], 
 208: [-0.0959608, 0.00074223, 0.995385], 
 209: [-0.117625, 0.0182459, 0.99289], 
 210: [-0.103429, 0.0302289, 0.994177], 
 211: [-0.094018, 0.0364642, 0.994902], 
 212: [-0.0962314, 0.036672, 0.994683], 
 213: [-0.101483, 0.0357561, 0.994195], 
 214: [-0.0935164, 0.03467, 0.995014], 
 215: [-0.0677664, 0.0296101, 0.997262], 
 216: [-0.0298355, 0.0193792, 0.999367], 
 217: [-0.042411, 0.0266255, 0.998745], 
 218: [-0.0643155, 0.0422702, 0.997034], 
 219: [-0.0347251, -8.22466e-006, 0.999397], 
 220: [-0.0889807, 0.0161586, 0.995902], 
 221: [-0.115259, -0.0273054, 0.99296], 
 222: [-0.0375653, 0.00332235, 0.999289], 
 223: [1.76723e-008, 0.995701, 0.0926281], 
 224: [0.997609, 0.0679896, -0.0123876], 
 225: [1.49223e-007, 0.916016, -0.401143], 
 226: [0.802088, 0.595036, 0.0508594], 
 227: [1.3593e-007, 0.764044, -0.645164], 
 228: [0.326787, 0.783332, -0.528773], 
 229: [0.186924, 0.978107, 0.0914662], 
 230: [0.0946604, 0.987378, -0.126979], 
 231: [0.164135, 0.983864, -0.0712098], 
 232: [0.0359997, 0.996728, 0.0723744], 
 233: [0.0409578, 0.999121, -0.00895248], 
 234: [0.117108, 0.987051, -0.109616], 
 235: [0.0454783, 0.998951, -0.0053314], 
 236: [0.0466267, 0.998906, -0.0036457], 
 237: [0.723333, 0.645573, -0.244999], 
 238: [0.326696, 0.939291, 0.104895], 
 239: [0.30368, 0.946635, -0.107984], 
 240: [0.603376, 0.792294, 0.0905934], 
 241: [0.57665, 0.79617, -0.183271], 
 242: [0.152504, 0.963723, -0.219045], 
 243: [0.20837, 0.960024, -0.186911], 
 244: [0.47901, 0.755081, -0.447663], 
 245: [0.387497, 0.857411, -0.338662], 
 246: [0.263309, 0.874921, -0.406425], 
 247: [3.41676e-009, 0.991583, -0.129476], 
 248: [0.0557233, 0.992591, -0.107973], 
 249: [0.0455439, 0.998923, -0.00887046], 
 250: [0.0385948, 0.991951, -0.120598], 
 251: [0.0415377, 0.999004, -0.0163097], 
 252: [-3.45675e-008, 0.999754, -0.022159], 
 253: [0.13565, 0.785957, -0.603218], 
 254: [0.0892533, 0.962055, -0.257844], 
 255: [0.133877, 0.870016, -0.474498], 
 256: [1.79881e-009, 0.950766, -0.309911], 
 257: [0.0482123, 0.955758, -0.290176], 
 258: [0.0476419, 0.771685, -0.634218], 
 259: [0.0584995, 0.849355, -0.52457], 
 260: [2.41011e-007, 0.834697, -0.550709], 
 261: [0.409353, 0.851457, -0.327797], 
 262: [0.956989, 0.289419, -0.0201956], 
 263: [0.30273, 0.897432, -0.320891], 
 264: [0.756893, 0.623076, -0.197204], 
 265: [0.886719, 0.462033, 0.0159953], 
 266: [0.787411, 0.557149, -0.26376], 
 267: [0.933865, 0.357387, -0.0130494], 
 268: [0.803466, 0.551399, -0.224504], 
 269: [0.371154, 0.744619, -0.554785], 
 270: [0.529476, 0.697211, -0.483272], 
 271: [0.441664, 0.837757, -0.321085], 
 272: [0.504861, 0.756719, -0.415321], 
 273: [0.344823, 0.826588, -0.444802], 
 274: [0.710766, 0.658434, -0.24754], 
 275: [0.975505, 0.219119, -0.0194325], 
 276: [0.777831, 0.602609, -0.178445], 
 277: [0.990717, 0.133956, -0.0231429], 
 278: [0.83088, 0.529642, -0.170638], 
 279: [0.306208, 0.908902, -0.28308], 
 280: [0.455553, 0.844048, -0.282938], 
 281: [0.459163, 0.827714, -0.322581], 
 282: [0.517035, 0.803134, -0.296059], 
 283: [0.386316, 0.863949, -0.323037], 
 284: [1.24648e-008, 0.955136, -0.296167], 
 285: [0.108339, 0.938451, -0.327982], 
 286: [0.129933, 0.778147, -0.614495], 
 287: [0.123268, 0.863774, -0.48857], 
 288: [-1.26397e-007, 0.801169, -0.598439], 
 289: [0.0484025, 0.787486, -0.614429], 
 290: [0.0467889, 0.94953, -0.310166], 
 291: [0.0511215, 0.876895, -0.477955], 
 292: [-1.97145e-007, 0.887452, -0.460899], 
 293: [0.143029, 0.914382, -0.378746], 
 294: [0.119897, 0.951402, -0.283654], 
 295: [0.150013, 0.929454, -0.337064], 
 296: [7.26956e-009, 0.964048, -0.265728], 
 297: [0.0565219, 0.959894, -0.274606], 
 298: [0.0465894, 0.918743, -0.392098], 
 299: [0.0590999, 0.937588, -0.342688], 
 300: [-4.44759e-008, 0.938055, -0.346487], 
 301: [0.0810686, 0.0539899, 0.995245], 
 302: [-1.4823e-007, -0.0013544, 0.999999], 
 303: [0.13059, 0.0559442, 0.989857], 
 304: [0.0850417, 0.0462705, 0.995302], 
 305: [-0.000290446, 0.384437, 0.923151], 
 306: [0.425517, 0.319929, 0.846511], 
 307: [0.113123, 0.293494, 0.949244], 
 308: [2.67436e-009, 0.978235, 0.2075], 
 309: [0.185409, 0.762, 0.620467], 
 310: [0.0801047, 0.784235, 0.615271], 
 311: [6.16092e-009, 0.526329, 0.850281], 
 312: [0.150145, 0.64826, 0.746469], 
 313: [0.0892809, 0.758609, 0.6454], 
 314: [0.0619099, 0.312687, 0.947836], 
 315: [0.714704, 0.534659, 0.45093], 
 316: [0.310495, 0.772286, 0.554226], 
 317: [0.51821, 0.665181, 0.537581], 
 318: [0.177877, 0.286965, 0.941281], 
 319: [0.267851, 0.559172, 0.78459], 
 320: [0.534032, 0.396199, 0.746884], 
 321: [0.407918, 0.444979, 0.797243], 
 322: [0.338324, 0.309438, 0.888698], 
 323: [0.0358647, 0.013301, 0.999268], 
 324: [-0.000388816, 0.165341, 0.986236], 
 325: [0.0845466, 0.168949, 0.981992], 
 326: [0.0440857, 0.165916, 0.985154], 
 327: [-3.26486e-008, 0.0474417, 0.998874], 
 328: [0.0567412, 0.0573847, 0.996738], 
 329: [0.02366, 0.0521989, 0.998356], 
 330: [0.0082685, 0.00522972, 0.999952], 
 331: [0.327937, 0.262885, 0.907386], 
 332: [0.134929, 0.171008, 0.975987], 
 333: [0.189929, 0.18047, 0.965069], 
 334: [0.0634374, 0.0214397, 0.997756], 
 335: [0.094494, 0.0675516, 0.993231], 
 336: [0.170035, 0.0918619, 0.981147], 
 337: [0.127791, 0.0797573, 0.988589], 
 338: [0.0810736, 0.0315482, 0.996209], 
 339: [0.878998, 0.282428, 0.384184], 
 340: [0.952238, 0.288668, 0.0995649], 
 341: [0.836451, 0.44033, 0.326282], 
 342: [0.912611, 0.359676, 0.194356], 
 343: [0.576861, 0.320904, 0.751167], 
 344: [0.701756, 0.380789, 0.602112], 
 345: [0.928219, 0.297487, 0.223409], 
 346: [0.828165, 0.365235, 0.425142], 
 347: [0.709028, 0.334669, 0.620706], 
 348: [0.974905, 0.219321, 0.0381939], 
 349: [0.991228, 0.131951, 0.00754032], 
 350: [0.960854, 0.199632, 0.19211], 
 351: [0.97107, 0.218107, 0.0972209], 
 352: [0.991264, 0.128948, 0.0277342], 
 353: [0.99137, 0.111197, 0.0694291], 
 354: [0.670552, 0.107229, 0.734072], 
 355: [0.791131, 0.217827, 0.571545], 
 356: [0.457326, 0.273954, 0.846051], 
 357: [0.562209, 0.252712, 0.787437], 
 358: [0.225656, 0.0809797, 0.970836], 
 359: [0.278433, 0.158051, 0.947362], 
 360: [0.69183, 0.166563, 0.702587], 
 361: [0.411214, 0.170501, 0.895451], 
 362: [0.367382, 0.101208, 0.924547], 
 363: [0.940137, 0.154448, 0.303789], 
 364: [0.99129, 0.0791426, 0.105268], 
 365: [0.901539, 0.0712635, 0.426789], 
 366: [0.901132, 0.128179, 0.414163], 
 367: [0.971278, 0.0967388, 0.217395], 
 368: [0.991973, 0.0563642, 0.113191], 
 369: [0, 1, -4.20265e-010], 
 370: [0, 1, -5.81361e-009], 
 371: [0, 1, 4.87912e-010], 
 372: [0, 1, -1.34921e-009], 
 373: [0, 1, -2.14894e-010], 
 374: [0, 1, -5.98029e-011], 
 375: [0, 1, -3.20407e-010], 
 376: [0, 1, -1.98156e-010], 
 377: [0, 1, 1.1272e-010], 
 378: [0, 1, -6.71818e-012], 
 379: [-1.61316e-009, 1, -2.44746e-010], 
 380: [-1.64439e-010, 1, -2.26903e-010], 
 381: [0, 1, -2.89858e-010], 
 382: [0, 1, -2.59506e-011], 
 383: [-0.0144737, -0.989609, -0.143055], 
 384: [-0.0945962, -0.984188, -0.149749], 
 385: [-0.176785, -0.980774, -0.0826443], 
 386: [-0.175862, -0.983697, -0.0375802], 
 387: [-0.16565, -0.985949, -0.0215534], 
 388: [-0.15988, -0.987002, -0.0163021], 
 389: [-0.159295, -0.98718, -0.0100809], 
 390: [-0.158029, -0.987432, -0.00215376], 
 391: [-0.163783, -0.986495, 0.00137714], 
 392: [0, -1, 4.98971e-009], 
 393: [2.71416e-011, -1, 4.22211e-009], 
 394: [-0.999854, 0.00408432, 0.0165752], 
 395: [-0.964091, -0.0266801, -0.264229], 
 396: [-0.505369, 0.139987, -0.851472], 
 397: [-0.452334, -0.419831, -0.786852], 
 398: [-0.11109, -0.452675, -0.884729], 
 399: [-0.138889, 0.0606045, -0.988452], 
 400: [-0.0627891, -0.840842, -0.537626], 
 401: [-0.302522, -0.806578, -0.50785], 
 402: [-0.894698, -0.384641, -0.227083], 
 403: [-0.835454, 0.0936125, -0.541528], 
 404: [-0.788863, -0.392315, -0.473059], 
 405: [-0.543018, -0.784088, -0.300562], 
 406: [-0.597731, -0.788689, -0.143831], 
 407: [-0.988245, -0.104561, -0.111527], 
 408: [-0.90834, -0.406563, -0.0981051], 
 409: [-0.984342, -0.089057, -0.152116], 
 410: [-0.909021, -0.395089, -0.132608], 
 411: [-0.591848, -0.801842, -0.0822574], 
 412: [-0.581605, -0.81116, -0.0612777], 
 413: [-0.992202, -0.102398, -0.0710556], 
 414: [-0.909324, -0.411672, -0.0604711], 
 415: [-0.579523, -0.814079, -0.0378132], 
 416: [-0.908336, -0.418173, 0.00755695], 
 417: [-0.996534, -0.0815807, -0.0162753], 
 418: [-0.909993, -0.414404, -0.0134675], 
 419: [-0.577571, -0.816298, -0.00830247], 
 420: [-0.577086, -0.816669, 0.00485034], 
 421: [0.138803, 0.990318, -0.00191167], 
 422: [0.0609042, 0.997855, 0.0240126], 
 423: [-0.618463, 0.768733, -0.162951], 
 424: [0.0378255, 0.998529, 0.0388513], 
 425: [-0.248048, 0.854732, -0.455966], 
 426: [0.0104094, 0.999633, -0.0249935], 
 427: [0.00484689, 0.999928, 0.0109585], 
 428: [0.0168597, 0.998748, -0.0470977], 
 429: [-0.0900876, 0.976128, -0.197632], 
 430: [-0.00411801, 0.969308, -0.245813], 
 431: [-0.0536685, 0.837249, -0.544182], 
 432: [-0.0274907, 0.999573, 0.00993265], 
 433: [0.0610018, 0.997337, 0.0399755], 
 434: [-0.00923658, 0.999956, -0.0013455], 
 435: [-0.276033, 0.959452, -0.0570699], 
 436: [-0.196728, 0.973198, -0.119096], 
 437: [-0.469712, 0.831134, -0.297637], 
 438: [-0.412108, 0.561778, -0.717337], 
 439: [-0.113347, 0.516128, -0.848978], 
 440: [-0.488019, 0.25767, -0.833932], 
 441: [-0.136445, 0.181539, -0.973872], 
 442: [-0.881135, 0.398949, -0.25385], 
 443: [-0.717692, 0.514811, -0.468921], 
 444: [-0.959567, 0.0794003, -0.27005], 
 445: [-0.823192, 0.205594, -0.529231], 
 446: [-0.755927, 0.654071, 0.0276675], 
 447: [0.0259913, 0.999654, 0.0039893], 
 448: [-0.715724, 0.695077, -0.0678772], 
 449: [-0.0633948, 0.997986, -0.00236447], 
 450: [0.0432257, 0.998993, 0.0120155], 
 451: [-0.0464815, 0.998909, 0.00448406], 
 452: [-0.338192, 0.94068, -0.0273206], 
 453: [-0.317877, 0.947547, -0.0332926], 
 454: [-0.688461, 0.718924, -0.0957585], 
 455: [-0.166526, 0.985993, 0.00934462], 
 456: [0.183901, 0.98288, 0.0112408], 
 457: [-0.0743486, 0.997232, -0.000272885], 
 458: [0.174334, 0.984681, 0.00343918], 
 459: [-0.0950743, 0.99546, 0.00450771], 
 460: [-0.734338, 0.677848, -0.0356373], 
 461: [-0.355531, 0.93458, -0.0125488], 
 462: [-0.449539, 0.892997, 0.0216865], 
 463: [-0.385999, 0.92246, 0.00853901], 
 464: [-0.752189, 0.658918, 0.00623627], 
 465: [-0.955271, 0.278904, -0.098337], 
 466: [-0.937964, 0.314769, -0.145411], 
 467: [-0.994008, -0.0209787, -0.107278], 
 468: [-0.988224, 0.00169902, -0.153002], 
 469: [-0.94255, 0.332975, 0.0269593], 
 470: [-0.962317, 0.266018, -0.0564036], 
 471: [-0.963833, 0.266496, -0.00222821], 
 472: [-0.997733, -0.0217377, -0.0636933], 
 473: [-0.995828, 0.0888592, 0.0207594], 
 474: [-0.999953, -0.00359116, -0.0090395], 
 475: [0.360081, 0.932542, 0.0265904], 
 476: [0.99268, 0.104296, 0.0609006], 
 477: [0.994164, 0.106936, -0.0142205], 
 478: [0.993448, 0.1058, 0.0432171], 
 479: [0.585815, 0.809618, 0.0366075], 
 480: [0.658264, 0.752122, 0.0316435], 
 481: [0.951568, 0.301538, 0.0599492], 
 482: [0.955377, 0.29224, 0.0430164], 
 483: [0.64844, 0.761211, -0.00916146], 
 484: [0.65489, 0.75571, 0.0047004], 
 485: [0.99425, 0.106889, 0.00644194], 
 486: [0.955345, 0.295426, 0.00629739], 
 487: [0.95462, 0.297515, -0.0136485], 
 488: [0.0144894, 0.0200036, 0.999695], 
 489: [0.0448707, 0.00215644, 0.99899], 
 490: [0.0959605, 0.000742888, 0.995385], 
 491: [0.117625, 0.0182456, 0.99289], 
 492: [0.103429, 0.0302289, 0.994177], 
 493: [0.0940185, 0.0364641, 0.994902], 
 494: [0.0962316, 0.0366722, 0.994683], 
 495: [0.101486, 0.0357567, 0.994194], 
 496: [0.0935232, 0.0346704, 0.995013], 
 497: [0.0677595, 0.0296095, 0.997262], 
 498: [0.0298331, 0.0193775, 0.999367], 
 499: [0.0424073, 0.0266242, 0.998746], 
 500: [0.0643182, 0.0422713, 0.997034], 
 501: [0.0347345, 5.24499e-006, 0.999397], 
 502: [0.0889817, 0.0161599, 0.995902], 
 503: [0.115259, -0.0273042, 0.99296], 
 504: [0.0375654, 0.00332269, 0.999289], 
 505: [-0.997609, 0.0679888, -0.0123877], 
 506: [-0.802088, 0.595037, 0.0508592], 
 507: [-0.326788, 0.783332, -0.528772], 
 508: [-0.186924, 0.978107, 0.0914657], 
 509: [-0.0946605, 0.987378, -0.126979], 
 510: [-0.164135, 0.983864, -0.07121], 
 511: [-0.0359998, 0.996728, 0.0723741], 
 512: [-0.0409578, 0.999121, -0.00895272], 
 513: [-0.117108, 0.987051, -0.109616], 
 514: [-0.0454783, 0.998951, -0.00533113], 
 515: [-0.0466272, 0.998906, -0.00364548], 
 516: [-0.723333, 0.645573, -0.244999], 
 517: [-0.326696, 0.939291, 0.104895], 
 518: [-0.30368, 0.946635, -0.107985], 
 519: [-0.603376, 0.792294, 0.0905933], 
 520: [-0.57665, 0.79617, -0.183271], 
 521: [-0.152504, 0.963723, -0.219045], 
 522: [-0.208369, 0.960024, -0.186911], 
 523: [-0.47901, 0.755081, -0.447662], 
 524: [-0.387497, 0.857411, -0.338663], 
 525: [-0.263309, 0.874921, -0.406426], 
 526: [-0.0557234, 0.992591, -0.107973], 
 527: [-0.0455441, 0.998923, -0.00887037], 
 528: [-0.0385948, 0.991951, -0.120598], 
 529: [-0.041537, 0.999004, -0.01631], 
 530: [-0.13565, 0.785957, -0.603217], 
 531: [-0.0892531, 0.962055, -0.257845], 
 532: [-0.133878, 0.870016, -0.474499], 
 533: [-0.0482123, 0.955758, -0.290176], 
 534: [-0.0476423, 0.771685, -0.634218], 
 535: [-0.0584997, 0.849355, -0.52457], 
 536: [-0.409353, 0.851457, -0.327797], 
 537: [-0.956989, 0.289419, -0.0201968], 
 538: [-0.30273, 0.897432, -0.320891], 
 539: [-0.756893, 0.623076, -0.197204], 
 540: [-0.886719, 0.462033, 0.0159955], 
 541: [-0.78741, 0.55715, -0.26376], 
 542: [-0.933865, 0.357387, -0.0130493], 
 543: [-0.803466, 0.551399, -0.224504], 
 544: [-0.371154, 0.744619, -0.554785], 
 545: [-0.529476, 0.697211, -0.483272], 
 546: [-0.441664, 0.837757, -0.321085], 
 547: [-0.504861, 0.756719, -0.415321], 
 548: [-0.344823, 0.826588, -0.444802], 
 549: [-0.710767, 0.658433, -0.24754], 
 550: [-0.975504, 0.21912, -0.0194318], 
 551: [-0.777831, 0.602608, -0.178444], 
 552: [-0.990717, 0.133956, -0.0231428], 
 553: [-0.830882, 0.52964, -0.170638], 
 554: [-0.306208, 0.908902, -0.28308], 
 555: [-0.455553, 0.844048, -0.282938], 
 556: [-0.459163, 0.827714, -0.322581], 
 557: [-0.517035, 0.803134, -0.296058], 
 558: [-0.386315, 0.863949, -0.323037], 
 559: [-0.108339, 0.938451, -0.327982], 
 560: [-0.129933, 0.778147, -0.614496], 
 561: [-0.123268, 0.863774, -0.488569], 
 562: [-0.0484027, 0.787486, -0.614429], 
 563: [-0.0467891, 0.94953, -0.310166], 
 564: [-0.0511219, 0.876895, -0.477955], 
 565: [-0.143029, 0.914382, -0.378745], 
 566: [-0.119897, 0.951402, -0.283654], 
 567: [-0.150013, 0.929454, -0.337064], 
 568: [-0.0565223, 0.959894, -0.274606], 
 569: [-0.0465894, 0.918743, -0.392097], 
 570: [-0.0591001, 0.937588, -0.342688], 
 571: [-0.0810682, 0.05399, 0.995245], 
 572: [-0.130592, 0.0559444, 0.989856], 
 573: [-0.0850415, 0.0462705, 0.995302], 
 574: [-0.425517, 0.31993, 0.846511], 
 575: [-0.113123, 0.293494, 0.949244], 
 576: [-0.185409, 0.762, 0.620468], 
 577: [-0.0801049, 0.784235, 0.615271], 
 578: [-0.150145, 0.648259, 0.746469], 
 579: [-0.089281, 0.758609, 0.6454], 
 580: [-0.0615797, 0.312474, 0.947928], 
 581: [-0.714704, 0.53466, 0.450929], 
 582: [-0.310495, 0.772286, 0.554226], 
 583: [-0.51821, 0.665181, 0.53758], 
 584: [-0.177877, 0.286965, 0.941281], 
 585: [-0.267851, 0.559171, 0.784591], 
 586: [-0.534032, 0.396199, 0.746884], 
 587: [-0.407918, 0.444979, 0.797243], 
 588: [-0.338323, 0.309439, 0.888699], 
 589: [-0.0358647, 0.013301, 0.999268], 
 590: [-0.0845464, 0.168949, 0.981992], 
 591: [-0.043741, 0.166299, 0.985105], 
 592: [-0.0567412, 0.0573847, 0.996738], 
 593: [-0.02366, 0.0521989, 0.998356], 
 594: [-0.00826866, 0.00522971, 0.999952], 
 595: [-0.327937, 0.262885, 0.907386], 
 596: [-0.134929, 0.171008, 0.975987], 
 597: [-0.18993, 0.18047, 0.965069], 
 598: [-0.0634375, 0.0214397, 0.997755], 
 599: [-0.0944939, 0.0675516, 0.993231], 
 600: [-0.170036, 0.0918618, 0.981147], 
 601: [-0.12779, 0.0797572, 0.988589], 
 602: [-0.0810738, 0.0315482, 0.996209], 
 603: [-0.878998, 0.282428, 0.384183], 
 604: [-0.952239, 0.288668, 0.0995636], 
 605: [-0.836451, 0.44033, 0.326281], 
 606: [-0.912611, 0.359676, 0.194356], 
 607: [-0.57686, 0.320904, 0.751167], 
 608: [-0.701756, 0.380789, 0.602111], 
 609: [-0.928219, 0.297486, 0.22341], 
 610: [-0.828165, 0.365235, 0.425142], 
 611: [-0.709028, 0.33467, 0.620706], 
 612: [-0.974905, 0.219321, 0.0381936], 
 613: [-0.991227, 0.131952, 0.00753823], 
 614: [-0.960855, 0.199633, 0.192108], 
 615: [-0.97107, 0.218108, 0.0972177], 
 616: [-0.991264, 0.128947, 0.0277344], 
 617: [-0.99137, 0.111196, 0.069429], 
 618: [-0.670552, 0.107225, 0.734072], 
 619: [-0.79113, 0.217828, 0.571546], 
 620: [-0.457326, 0.273954, 0.846051], 
 621: [-0.562208, 0.252711, 0.787438], 
 622: [-0.225654, 0.080981, 0.970836], 
 623: [-0.278433, 0.158051, 0.947362], 
 624: [-0.704345, 0.1362, 0.696669], 
 625: [-0.452824, 0.143647, 0.879952], 
 626: [-0.527103, 0.0887288, 0.845157], 
 627: [-0.940137, 0.154448, 0.303789], 
 628: [-0.99129, 0.0791404, 0.105267], 
 629: [-0.901528, 0.0713485, 0.426797], 
 630: [-0.911113, 0.095326, 0.400982], 
 631: [-0.971215, 0.0961646, 0.217929], 
 632: [-0.991974, 0.0563559, 0.113188], 
 633: [0.124138, -0.224733, -0.966481], 
 634: [0.484488, -0.208739, -0.849529], 
 635: [-2.86029e-008, -0.234891, -0.972022], 
 636: [0.838695, -0.186905, -0.511524], 
 637: [0.953238, -0.17847, -0.243896], 
 638: [0.972079, -0.185038, -0.144302], 
 639: [0.975673, -0.191694, -0.106378], 
 640: [0.978537, -0.195399, -0.065461], 
 641: [0.980301, -0.196967, -0.0146181], 
 642: [0.980134, -0.198174, 0.00808628], 
 643: [-0.484488, -0.208741, -0.849529], 
 644: [-0.124137, -0.224733, -0.966481], 
 645: [-0.953238, -0.178472, -0.243896], 
 646: [-0.838695, -0.186904, -0.511525], 
 647: [-0.975673, -0.191694, -0.106378], 
 648: [-0.972079, -0.18504, -0.144302], 
 649: [-0.978536, -0.195401, -0.065461], 
 650: [-0.980133, -0.198176, 0.00808633], 
 651: [-0.980301, -0.196968, -0.014618], 
 652: [0.054303, 0.99777, -0.0388043], 
 653: [0.0585528, 0.994658, -0.0850097], 
 654: [0.0600743, 0.994601, 0.0846122], 
 655: [0.0539293, 0.998108, -0.0295403], 
 656: [0.168957, 0.882183, -0.439554], 
 657: [0.18293, 0.797165, -0.575383], 
 658: [0.105926, 0.965176, -0.239195], 
 659: [0.163877, 0.841669, -0.514527], 
 660: [0.140238, 0.923912, -0.355977], 
 661: [0.176889, 0.771933, -0.610597], 
 662: [0.207565, 0.920055, -0.332288], 
 663: [0.218062, 0.904874, -0.365584], 
 664: [0.162732, 0.941091, -0.296421], 
 665: [0.0347553, 0.959961, 0.27797], 
 666: [0.0801354, 0.97276, 0.217523], 
 667: [6.70714e-009, 0.950166, 0.311745], 
 668: [0.0465349, 0.796524, 0.602814], 
 669: [-0.0585527, 0.994658, -0.0850095], 
 670: [-0.054303, 0.99777, -0.0388039], 
 671: [-0.0539293, 0.998108, -0.0295404], 
 672: [-0.0600741, 0.994601, 0.084612], 
 673: [-0.18293, 0.797165, -0.575382], 
 674: [-0.168957, 0.882182, -0.439554], 
 675: [-0.105926, 0.965176, -0.239195], 
 676: [-0.140238, 0.923912, -0.355977], 
 677: [-0.163877, 0.841669, -0.514527], 
 678: [-0.176889, 0.771933, -0.610598], 
 679: [-0.218062, 0.904874, -0.365584], 
 680: [-0.207565, 0.920055, -0.332288], 
 681: [-0.162733, 0.941091, -0.296421], 
 682: [-0.0801349, 0.97276, 0.217523], 
 683: [-0.0347553, 0.959961, 0.277969], 
 684: [-0.0465348, 0.796526, 0.602811], 
 685: [0.961525, 0.0370117, 0.272213], 
 686: [0.919704, 0.0629553, 0.387533], 
 687: [0.135823, 0.337566, 0.931451], 
 688: [0.0722577, 0.390374, 0.917816], 
 689: [0.202293, 0.328496, 0.922588], 
 690: [0.24059, 0.276449, 0.930426], 
 691: [0.260767, 0.3348, 0.905489], 
 692: [0.238765, 0.173821, 0.955394], 
 693: [0.314052, 0.264979, 0.911678], 
 694: [0.71563, 0.106894, 0.690251], 
 695: [0.411829, 0.0990541, 0.905861], 
 696: [0.216349, 0.0995008, 0.971232], 
 697: [0.277499, 0.158111, 0.947626], 
 698: [-0.0722578, 0.390375, 0.917816], 
 699: [-0.135823, 0.337566, 0.931451], 
 700: [-0.202293, 0.328496, 0.922588], 
 701: [-0.260768, 0.3348, 0.905488], 
 702: [-0.24059, 0.276449, 0.930426], 
 703: [-0.314051, 0.264979, 0.911679], 
 704: [-0.238766, 0.173821, 0.955394], 
 705: [-0.2775, 0.15811, 0.947626], 
 706: [-0.21635, 0.0995013, 0.971232], 
 707: [-0.280245, 0.104321, 0.954243], 
 708: [-0.281011, 0.106351, 0.953794]]
Texture Coordinates
[0: [0.698045, 0.86711],
1: [0.391662, 0.984119],
2: [0.698045, 0.960767],
3: [0.391662, 0.984119],
4: [0.986664, 0.960767],
5: [0.791983, 0.44481],
6: [0.986664, 0.86711],
7: [0.680281, 0.984119],
8: [0.391662, 0.846487],
9: [0.654351, 0.351152],
10: [0.698045, 0.86711],
11: [0.791983, 0.351152],
12: [0.391662, 0.846487],
13: [0.654351, 0.44481],
14: [0.698045, 0.960767],
15: [0.791983, 0.44481],
16: [0.654351, 0.44481],
17: [0.680281, 0.846487],
18: [0.986664, 0.960767],
19: [0.680281, 0.984119],
20: [0.680281, 0.846487],
21: [0.654351, 0.351152],
22: [0.986664, 0.86711],
23: [0.791983, 0.351152],
24: [0.75316, 0.860655],
25: [0.446776, 0.993604],
26: [0.75316, 0.967222],
27: [0.446776, 0.993604],
28: [0.792107, 0.967222],
29: [0.801468, 0.451264],
30: [0.792107, 0.860655],
31: [0.485723, 0.993604],
32: [0.446776, 0.837002],
33: [0.644865, 0.344698],
34: [0.75316, 0.860655],
35: [0.801468, 0.344698],
36: [0.446776, 0.837002],
37: [0.644865, 0.451264],
38: [0.75316, 0.967222],
39: [0.801468, 0.451264],
40: [0.644865, 0.451264],
41: [0.485723, 0.837002],
42: [0.792107, 0.967222],
43: [0.485723, 0.993604],
44: [0.485723, 0.837002],
45: [0.644865, 0.344698],
46: [0.792107, 0.860655],
47: [0.801468, 0.344698],
48: [0.898632, 0.860655],
49: [0.592248, 0.993604],
50: [0.898632, 0.967222],
51: [0.592248, 0.993604],
52: [0.937579, 0.967222],
53: [0.801468, 0.451264],
54: [0.937579, 0.860655],
55: [0.631195, 0.993604],
56: [0.592248, 0.837002],
57: [0.644865, 0.344698],
58: [0.898632, 0.860655],
59: [0.801468, 0.344698],
60: [0.592248, 0.837002],
61: [0.644865, 0.451264],
62: [0.898632, 0.967222],
63: [0.801468, 0.451264],
64: [0.644865, 0.451264],
65: [0.631195, 0.837002],
66: [0.937579, 0.967222],
67: [0.631195, 0.993604],
68: [0.631195, 0.837002],
69: [0.644865, 0.344698],
70: [0.937579, 0.860655],
71: [0.801468, 0.344698],
72: [0.0347403, 0.288632],
73: [0.364954, 0.286663],
74: [0.21148, 0.292798],
75: [0.378926, 0.285344],
76: [0.378926, 0.19024],
77: [0.494312, 0.210117],
78: [0.378926, 0.258612],
79: [0.0363227, 0.258612],
80: [0.142281, 0.291961],
81: [0.142281, 0.258612],
82: [0.260604, 0.292266],
83: [0.260604, 0.258612],
84: [0.142281, 0.19024],
85: [0.0373888, 0.224426],
86: [0.142281, 0.224426],
87: [0.378926, 0.224426],
88: [0.260604, 0.224426],
89: [0.260604, 0.19024],
90: [0.93774, 0.650892],
91: [0.936434, 0.723203],
92: [0.929872, 0.757587],
93: [0.914469, 0.771322],
94: [0.886834, 0.779122],
95: [0.844339, 0.78543],
96: [0.784547, 0.792121],
97: [0.699042, 0.799959],
98: [0.555483, 0.805253],
99: [0.315552, 0.803202],
100: [0.321781, 0.761073],
101: [0.324415, 0.713218],
102: [0.542668, 0.510592],
103: [0.669125, 0.19024],
104: [0.0275446, 0.358597],
105: [0.608573, 0.331066],
106: [0.657931, 0.303334],
107: [0.954614, 0.650892],
108: [0.943828, 0.763201],
109: [0.952435, 0.725577],
110: [0.666824, 0.265257],
111: [0.94798, 0.650892],
112: [0.946144, 0.724643],
113: [0.938341, 0.760993],
114: [0.895246, 0.790172],
115: [0.63946, 0.320656],
116: [0.925734, 0.780082],
117: [0.921305, 0.776638],
118: [0.891939, 0.785828],
119: [0.500698, 0.346705],
120: [0.788056, 0.805487],
121: [0.56302, 0.339038],
122: [0.850068, 0.79794],
123: [0.847816, 0.793021],
124: [0.786677, 0.800232],
125: [0.413395, 0.355067],
126: [0.700974, 0.813785],
127: [0.700214, 0.808349],
128: [0.315063, 0.817271],
129: [0.268464, 0.360585],
130: [0.556211, 0.819275],
131: [0.555925, 0.813763],
132: [0.315255, 0.81174],
133: [0.594464, 0.19024],
134: [0.0327655, 0.315023],
135: [0.537379, 0.289499],
136: [0.657683, 0.19024],
137: [0.58837, 0.329228],
138: [0.58386, 0.261397],
139: [0.643618, 0.293763],
140: [0.626225, 0.19024],
141: [0.613451, 0.277397],
142: [0.592324, 0.234423],
143: [0.623977, 0.244519],
144: [0.64601, 0.19024],
145: [0.632208, 0.287528],
146: [0.643781, 0.251076],
147: [0.655525, 0.255344],
148: [0.561813, 0.309919],
149: [0.566454, 0.27783],
150: [0.593293, 0.296869],
151: [0.577901, 0.322309],
152: [0.61062, 0.308633],
153: [0.621533, 0.315476],
154: [0.664608, 0.19024],
155: [0.650774, 0.29787],
156: [0.6625, 0.258512],
157: [0.668138, 0.19024],
158: [0.655177, 0.300808],
159: [0.666002, 0.261522],
160: [0.595769, 0.332804],
161: [0.62886, 0.319406],
162: [0.601947, 0.333429],
163: [0.634344, 0.321042],
164: [0.0288028, 0.352196],
165: [0.431455, 0.306495],
166: [0.477206, 0.346782],
167: [0.4525, 0.32757],
168: [0.49347, 0.298615],
169: [0.515998, 0.319504],
170: [0.467058, 0.340079],
171: [0.531159, 0.332011],
172: [0.541345, 0.338811],
173: [0.0310067, 0.333585],
174: [0.345049, 0.313675],
175: [0.364301, 0.334995],
176: [0.215929, 0.317545],
177: [0.229706, 0.33838],
178: [0.388126, 0.354419],
179: [0.378091, 0.347634],
180: [0.0296871, 0.345236],
181: [0.240081, 0.350929],
182: [0.24799, 0.357888],
183: [0.484973, 0.34996],
184: [0.548836, 0.342109],
185: [0.492205, 0.349974],
186: [0.555481, 0.342232],
187: [0.0282569, 0.356347],
188: [0.396136, 0.357704],
189: [0.254452, 0.361521],
190: [0.403944, 0.35793],
191: [0.0279756, 0.35842],
192: [0.260804, 0.362378],
193: [0.398575, 0.309227],
194: [0.364927, 0.286316],
195: [0.034743, 0.288588],
196: [0.341608, 0.287707],
197: [0.36922, 0.297095],
198: [0.343069, 0.298732],
199: [0.36658, 0.288784],
200: [0.341957, 0.290334],
201: [0.0340185, 0.29982],
202: [0.215408, 0.302366],
203: [0.215023, 0.291167],
204: [0.215115, 0.293835],
205: [0.0346166, 0.291257],
206: [0.950885, 0.272725],
207: [0.950885, 0.315458],
208: [0.950885, 0.352982],
209: [0.919846, 0.356264],
210: [0.899922, 0.366968],
211: [0.892868, 0.385971],
212: [0.894203, 0.409174],
213: [0.898317, 0.423738],
214: [0.904828, 0.432438],
215: [0.914015, 0.437626],
216: [0.928674, 0.440217],
217: [0.952274, 0.440439],
218: [0.964482, 0.437967],
219: [0.973382, 0.431053],
220: [0.976826, 0.42038],
221: [0.976826, 0.367719],
222: [0.976826, 0.3079],
223: [0.149019, 0.471198],
224: [0.0599596, 0.874099],
225: [0.149019, 0.819015],
226: [0.060596, 0.9737],
227: [0.149019, 0.638844],
228: [0.209931, 0.964941],
229: [0.0605964, 0.996706],
230: [0.132532, 0.996692],
231: [0.0994284, 0.996079],
232: [0.0706352, 0.471197],
233: [0.0779519, 0.491077],
234: [0.120853, 0.996199],
235: [0.0888365, 0.502253],
236: [0.10199, 0.508556],
237: [0.152089, 0.967719],
238: [0.0605989, 0.992833],
239: [0.118031, 0.991135],
240: [0.0605927, 0.985164],
241: [0.134346, 0.982145],
242: [0.164915, 0.990908],
243: [0.148639, 0.990763],
244: [0.191464, 0.966111],
245: [0.168981, 0.981879],
246: [0.185852, 0.982116],
247: [0.149019, 0.558805],
248: [0.0967718, 0.551342],
249: [0.116319, 0.513122],
250: [0.12136, 0.556792],
251: [0.131549, 0.51631],
252: [0.149019, 0.517783],
253: [0.0703218, 0.630752],
254: [0.0848682, 0.586625],
255: [0.0764022, 0.606594],
256: [0.149019, 0.596234],
257: [0.114753, 0.593829],
258: [0.104013, 0.636918],
259: [0.108905, 0.612644],
260: [0.149019, 0.614011],
261: [0.378002, 0.875402],
262: [0.0603363, 0.915452],
263: [0.281075, 0.912675],
264: [0.209283, 0.910875],
265: [0.0605821, 0.956647],
266: [0.170817, 0.947875],
267: [0.0604998, 0.932273],
268: [0.188474, 0.924605],
269: [0.23704, 0.942699],
270: [0.215951, 0.945098],
271: [0.258281, 0.911659],
272: [0.236941, 0.923895],
273: [0.258937, 0.923497],
274: [0.284536, 0.875386],
275: [0.0602026, 0.900619],
276: [0.232243, 0.899391],
277: [0.060081, 0.886398],
278: [0.256439, 0.887862],
279: [0.307061, 0.903381],
280: [0.2823, 0.901308],
281: [0.34302, 0.875397],
282: [0.308761, 0.89026],
283: [0.33668, 0.892731],
284: [0.149019, 0.706988],
285: [0.0541993, 0.701886],
286: [0.0641943, 0.658924],
287: [0.058163, 0.680123],
288: [0.149019, 0.669733],
289: [0.0990957, 0.66622],
290: [0.0918422, 0.706696],
291: [0.0944682, 0.686595],
292: [0.149019, 0.689448],
293: [0.0458409, 0.808363],
294: [0.0509777, 0.728938],
295: [0.0481357, 0.760844],
296: [0.149019, 0.731688],
297: [0.0898293, 0.733146],
298: [0.0864576, 0.817666],
299: [0.0880069, 0.765642],
300: [0.149019, 0.763629],
301: [0.950883, 0.350088],
302: [0.950885, 0.229993],
303: [0.919817, 0.353172],
304: [0.950886, 0.347913],
305: [0.813388, 0.229993],
306: [0.027836, 0.944323],
307: [0.821918, 0.304435],
308: [0.149019, 0.452911],
309: [0.12364, 0.462448],
310: [0.0909091, 0.109547],
311: [0.80436, 0.229993],
312: [0.181818, 0.219093],
313: [0.0909091, 0.219093],
314: [0.817466, 0.274864],
315: [0.042525, 0.967503],
316: [0.105385, 0.736413],
317: [0.0405216, 0.979111],
318: [0.826847, 0.324296],
319: [0.15097, 0.597932],
320: [0.034046, 0.957459],
321: [0.0316097, 0.968315],
322: [0.0253548, 0.953992],
323: [0.950885, 0.28886],
324: [0.839958, 0.229993],
325: [0.846611, 0.299211],
326: [0.843191, 0.270225],
327: [0.893072, 0.229993],
328: [0.892927, 0.293991],
329: [0.892982, 0.265586],
330: [0.950886, 0.26138],
331: [0.0199314, 0.918793],
332: [0.850261, 0.320625],
333: [0.854514, 0.337563],
334: [0.950893, 0.313013],
335: [0.8929, 0.316959],
336: [0.892911, 0.349363],
337: [0.892897, 0.335184],
338: [0.9509, 0.33232],
339: [0.0363359, 0.905744],
340: [0.048691, 0.913174],
341: [0.0444507, 0.950751],
342: [0.0464313, 0.928799],
343: [0.0302423, 0.932403],
344: [0.0364177, 0.943093],
345: [0.0419658, 0.910468],
346: [0.0389, 0.92448],
347: [0.0328365, 0.917558],
348: [0.0515564, 0.899301],
349: [0.0552226, 0.885867],
350: [0.0415322, 0.894744],
351: [0.0461771, 0.897695],
352: [0.0520097, 0.885292],
353: [0.0491602, 0.884015],
354: [0.893922, 0.373747],
355: [0.0298443, 0.89465],
356: [0.0226425, 0.911217],
357: [0.0256266, 0.902174],
358: [0.899915, 0.363561],
359: [0.0162731, 0.874007],
360: [0.0240906, 0.873937],
361: [0.0194007, 0.873966],
362: [0.896375, 0.368136],
363: [0.0363143, 0.887547],
364: [0.0460227, 0.880603],
365: [0.893118, 0.377265],
366: [0.0315884, 0.873938],
367: [0.0369626, 0.873971],
368: [0.0431488, 0.874047],
369: [0.0347403, 0.091849],
370: [0.364954, 0.0938175],
371: [0.21148, 0.0876829],
372: [0.378926, 0.0951364],
373: [0.378926, 0.121869],
374: [0.0363227, 0.121869],
375: [0.142281, 0.0885198],
376: [0.142281, 0.121869],
377: [0.260604, 0.0882144],
378: [0.260604, 0.121869],
379: [0.0373888, 0.156055],
380: [0.142281, 0.156055],
381: [0.378926, 0.156055],
382: [0.260604, 0.156055],
383: [0.936434, 0.578581],
384: [0.929872, 0.544197],
385: [0.914469, 0.530461],
386: [0.886834, 0.522662],
387: [0.844339, 0.516354],
388: [0.784547, 0.509663],
389: [0.699042, 0.501825],
390: [0.555483, 0.49653],
391: [0.315552, 0.498582],
392: [0.321781, 0.540711],
393: [0.324415, 0.588566],
394: [0.0275446, 0.0218838],
395: [0.608573, 0.0494153],
396: [0.657931, 0.0771466],
397: [0.943828, 0.538583],
398: [0.952435, 0.576207],
399: [0.666824, 0.115223],
400: [0.946144, 0.57714],
401: [0.938341, 0.54079],
402: [0.895246, 0.511612],
403: [0.63946, 0.0598249],
404: [0.925734, 0.521702],
405: [0.921305, 0.525145],
406: [0.891939, 0.515956],
407: [0.500698, 0.0337756],
408: [0.788056, 0.496296],
409: [0.56302, 0.0414431],
410: [0.850068, 0.503844],
411: [0.847816, 0.508763],
412: [0.786677, 0.501552],
413: [0.413395, 0.0254141],
414: [0.700974, 0.487999],
415: [0.700214, 0.493435],
416: [0.315063, 0.484513],
417: [0.268464, 0.0198961],
418: [0.556211, 0.482509],
419: [0.555925, 0.488021],
420: [0.315255, 0.490044],
421: [0.0327655, 0.065458],
422: [0.537379, 0.0909818],
423: [0.58837, 0.0512531],
424: [0.58386, 0.119084],
425: [0.643618, 0.086718],
426: [0.613451, 0.103084],
427: [0.592324, 0.146058],
428: [0.623977, 0.135962],
429: [0.632208, 0.0929524],
430: [0.643781, 0.129405],
431: [0.655525, 0.125136],
432: [0.561813, 0.0705617],
433: [0.566454, 0.102651],
434: [0.593293, 0.0836123],
435: [0.577901, 0.0581722],
436: [0.61062, 0.0718482],
437: [0.621533, 0.0650046],
438: [0.650774, 0.0826109],
439: [0.6625, 0.121969],
440: [0.655177, 0.0796724],
441: [0.666002, 0.118959],
442: [0.595769, 0.0476773],
443: [0.62886, 0.0610745],
444: [0.601947, 0.0470514],
445: [0.634344, 0.0594387],
446: [0.0288028, 0.0282844],
447: [0.431455, 0.0739856],
448: [0.477206, 0.0336986],
449: [0.4525, 0.052911],
450: [0.49347, 0.0818663],
451: [0.515998, 0.060977],
452: [0.467058, 0.040402],
453: [0.531159, 0.0484698],
454: [0.541345, 0.0416698],
455: [0.0310067, 0.0468956],
456: [0.345049, 0.0668062],
457: [0.364301, 0.0454859],
458: [0.215929, 0.0629354],
459: [0.229706, 0.0421013],
460: [0.388126, 0.0260613],
461: [0.378091, 0.0328471],
462: [0.0296871, 0.0352444],
463: [0.240081, 0.0295514],
464: [0.247991, 0.0225927],
465: [0.484973, 0.0305209],
466: [0.548836, 0.0383721],
467: [0.492205, 0.0305072],
468: [0.555481, 0.0382492],
469: [0.0282569, 0.0241336],
470: [0.396137, 0.0227771],
471: [0.254452, 0.0189603],
472: [0.403944, 0.0225503],
473: [0.0279757, 0.022061],
474: [0.260804, 0.0181025],
475: [0.398575, 0.0712536],
476: [0.364927, 0.0941645],
477: [0.0347431, 0.0918927],
478: [0.341608, 0.0927735],
479: [0.36922, 0.0833856],
480: [0.343069, 0.0817491],
481: [0.36658, 0.0916972],
482: [0.341957, 0.0901466],
483: [0.0340185, 0.0806607],
484: [0.215408, 0.078115],
485: [0.215023, 0.089314],
486: [0.215115, 0.0866455],
487: [0.0346166, 0.0892235],
488: [0.950885, 0.187261],
489: [0.950885, 0.144528],
490: [0.950885, 0.107004],
491: [0.919846, 0.103722],
492: [0.899922, 0.0930183],
493: [0.892868, 0.074015],
494: [0.894203, 0.0508119],
495: [0.898317, 0.036248],
496: [0.904828, 0.027548],
497: [0.914015, 0.0223595],
498: [0.928674, 0.0197688],
499: [0.952274, 0.0195472],
500: [0.964482, 0.0220188],
501: [0.973382, 0.0289332],
502: [0.976826, 0.0396058],
503: [0.976826, 0.0922667],
504: [0.976826, 0.152086],
505: [0.0599596, 0.874099],
506: [0.060596, 0.9737],
507: [0.209931, 0.964941],
508: [0.0605964, 0.996706],
509: [0.132532, 0.996692],
510: [0.0994284, 0.996079],
511: [0.227403, 0.471197],
512: [0.220087, 0.491077],
513: [0.120853, 0.996199],
514: [0.209202, 0.502253],
515: [0.196048, 0.508556],
516: [0.152089, 0.967719],
517: [0.0605989, 0.992833],
518: [0.118031, 0.991135],
519: [0.0605928, 0.985164],
520: [0.134346, 0.982145],
521: [0.164915, 0.990908],
522: [0.148639, 0.990763],
523: [0.191464, 0.966111],
524: [0.168981, 0.981879],
525: [0.185852, 0.982116],
526: [0.201267, 0.551342],
527: [0.181719, 0.513122],
528: [0.176679, 0.556792],
529: [0.166489, 0.51631],
530: [0.227717, 0.630752],
531: [0.21317, 0.586625],
532: [0.221636, 0.606594],
533: [0.183286, 0.593829],
534: [0.194026, 0.636918],
535: [0.189133, 0.612644],
536: [0.378002, 0.875402],
537: [0.0603363, 0.915452],
538: [0.281075, 0.912675],
539: [0.209283, 0.910875],
540: [0.0605821, 0.956647],
541: [0.170817, 0.947875],
542: [0.0604998, 0.932273],
543: [0.188474, 0.924605],
544: [0.23704, 0.942699],
545: [0.215951, 0.945098],
546: [0.258281, 0.911659],
547: [0.236941, 0.923895],
548: [0.258937, 0.923497],
549: [0.284536, 0.875386],
550: [0.0602026, 0.900619],
551: [0.232243, 0.899391],
552: [0.060081, 0.886398],
553: [0.256439, 0.887862],
554: [0.307061, 0.903381],
555: [0.2823, 0.901308],
556: [0.34302, 0.875397],
557: [0.308761, 0.89026],
558: [0.33668, 0.892731],
559: [0.243839, 0.701886],
560: [0.233844, 0.658924],
561: [0.239876, 0.680123],
562: [0.198943, 0.66622],
563: [0.206196, 0.706696],
564: [0.20357, 0.686595],
565: [0.252198, 0.808363],
566: [0.247061, 0.728938],
567: [0.249903, 0.760844],
568: [0.208209, 0.733146],
569: [0.211581, 0.817666],
570: [0.210032, 0.765642],
571: [0.950883, 0.109898],
572: [0.919817, 0.106814],
573: [0.950886, 0.112073],
574: [0.027836, 0.944323],
575: [0.821918, 0.15555],
576: [0.12364, 0.462448],
577: [0.0909091, 0.109547],
578: [0.181818, 0.219093],
579: [0.0909091, 0.219093],
580: [0.817466, 0.185122],
581: [0.042525, 0.967503],
582: [0.105385, 0.736413],
583: [0.0405216, 0.979111],
584: [0.826847, 0.13569],
585: [0.15097, 0.597932],
586: [0.0340461, 0.957459],
587: [0.0316097, 0.968315],
588: [0.0253548, 0.953992],
589: [0.950885, 0.171126],
590: [0.846611, 0.160775],
591: [0.843191, 0.189761],
592: [0.892927, 0.165995],
593: [0.892982, 0.1944],
594: [0.950886, 0.198606],
595: [0.0199314, 0.918793],
596: [0.850261, 0.139361],
597: [0.854514, 0.122423],
598: [0.950893, 0.146972],
599: [0.8929, 0.143027],
600: [0.892911, 0.110623],
601: [0.892897, 0.124802],
602: [0.9509, 0.127666],
603: [0.0363359, 0.905744],
604: [0.048691, 0.913174],
605: [0.0444507, 0.950751],
606: [0.0464313, 0.928799],
607: [0.0302423, 0.932403],
608: [0.0364177, 0.943093],
609: [0.0419658, 0.910468],
610: [0.0389001, 0.92448],
611: [0.0328366, 0.917558],
612: [0.0515564, 0.899301],
613: [0.0552226, 0.885867],
614: [0.0415322, 0.894744],
615: [0.0461771, 0.897695],
616: [0.0520097, 0.885292],
617: [0.0491602, 0.884015],
618: [0.0238959, 0.872695],
619: [0.0298443, 0.89465],
620: [0.0226426, 0.911217],
621: [0.0256267, 0.902174],
622: [0.899915, 0.0964245],
623: [0.0162731, 0.874007],
624: [0.0240906, 0.873938],
625: [0.0194007, 0.873966],
626: [0.0188867, 0.869424],
627: [0.0363143, 0.887547],
628: [0.0460228, 0.880603],
629: [0.0315515, 0.873767],
630: [0.0315884, 0.873938],
631: [0.0369626, 0.873971],
632: [0.0431488, 0.874047],
633: [0.954673, 0.725909],
634: [0.94578, 0.763986],
635: [0.956974, 0.650892],
636: [0.927309, 0.781307],
637: [0.896422, 0.791717],
638: [0.850869, 0.799689],
639: [0.788547, 0.807357],
640: [0.701245, 0.815718],
641: [0.556313, 0.821236],
642: [0.315394, 0.819248],
643: [0.94578, 0.537798],
644: [0.954673, 0.575875],
645: [0.896422, 0.510067],
646: [0.927309, 0.520476],
647: [0.788547, 0.494427],
648: [0.850869, 0.502095],
649: [0.701245, 0.486066],
650: [0.315394, 0.482535],
651: [0.556313, 0.480548],
652: [0.053549, 0.531455],
653: [0.0739858, 0.543134],
654: [0.0288905, 0.471198],
655: [0.0376501, 0.51003],
656: [0.0476645, 0.596454],
657: [0.0414545, 0.620533],
658: [0.0577119, 0.575516],
659: [0.0286288, 0.669539],
660: [0.0235649, 0.691677],
661: [0.0351756, 0.647642],
662: [0.0154416, 0.747282],
663: [0.0124877, 0.788604],
664: [0.0192195, 0.717663],
665: [0.0767968, 0.445506],
666: [0.0350984, 0.446975],
667: [0.149019, 0.436236],
668: [0.0830007, 0.435729],
669: [0.224053, 0.543134],
670: [0.24449, 0.531455],
671: [0.260388, 0.51003],
672: [0.269148, 0.471198],
673: [0.256584, 0.620533],
674: [0.250374, 0.596454],
675: [0.240327, 0.575516],
676: [0.274474, 0.691677],
677: [0.26941, 0.669539],
678: [0.262863, 0.647642],
679: [0.285551, 0.788604],
680: [0.282597, 0.747282],
681: [0.278819, 0.717663],
682: [0.26294, 0.446975],
683: [0.221242, 0.445506],
684: [0.215038, 0.435729],
685: [0.892965, 0.378408],
686: [0.89299, 0.377267],
687: [0.811315, 0.309777],
688: [0.80754, 0.279507],
689: [0.815865, 0.328061],
690: [0.832949, 0.339947],
691: [0.822207, 0.342445],
692: [0.859348, 0.350413],
693: [0.840201, 0.351468],
694: [0.89299, 0.373749],
695: [0.892969, 0.368181],
696: [0.892938, 0.360182],
697: [0.86503, 0.360594],
698: [0.80754, 0.180479],
699: [0.811315, 0.150209],
700: [0.815865, 0.131925],
701: [0.822207, 0.117541],
702: [0.83295, 0.120039],
703: [0.840201, 0.108518],
704: [0.859348, 0.109573],
705: [0.86503, 0.0993918],
706: [0.892938, 0.0998039],
707: [0.892969, 0.0918054],
708: [0.896375, 0.0918501]]
