Name: heavy_missile
Transform: [0, 0, 0]
Rotation: [0, 0, 0, 1]
Scale: [1, 1, 1]
LOD: 0
Animation data
[]
[]
[]
SubObjects: [ ]
Shading Data:
Diffuse_Color: [1,1,1,1]
Ambient: [0, 0, 0, 0]
Emmision_Color: [0, 0, 0, 0]
Specular_Color: [0.2735, 0.2735, 0.2735, 0]
Shininess: 6.19
Texture: heavy_missile
Number of Vertices: 325
[0: [-0.11683, -1.50995e-009, -0.0165308, 1], 
 1: [-0.089074, -2.50883e-009, -0.648249, 1], 
 2: [0.089074, 1.30008e-009, -0.648249, 1], 
 3: [-0.0718472, 8.06375e-009, -0.984473, 1], 
 4: [0.0718472, 1.89142e-008, -0.984473, 1], 
 5: [5.28727e-010, 0.0718472, -0.984473, 1], 
 6: [-0.0508036, 0.0508036, -0.984473, 1], 
 7: [-0.0478364, 1.05996e-008, -1.06935, 1], 
 8: [-0.0338254, 0.0338254, -1.06935, 1], 
 9: [-1.32187e-009, 0.0478364, -1.06935, 1], 
 10: [0.0508036, 0.0508036, -0.984473, 1], 
 11: [0.0338254, 0.0338255, -1.06935, 1], 
 12: [0.0478364, 2.59901e-008, -1.06935, 1], 
 13: [-2.34073e-009, 0.089074, -0.648249, 1], 
 14: [-0.0818529, 2.10299e-009, -0.874411, 1], 
 15: [-1.3888e-009, 0.0818529, -0.874411, 1], 
 16: [-0.0578787, 0.0578787, -0.874411, 1], 
 17: [-0.0629848, 0.0629848, -0.648249, 1], 
 18: [-0.0864169, 2.22744e-009, -0.760703, 1], 
 19: [-0.061106, 0.061106, -0.760703, 1], 
 20: [-3.36422e-010, 0.0864169, -0.760703, 1], 
 21: [0.0818529, -1.81053e-009, -0.874411, 1], 
 22: [0.0578787, 0.0578787, -0.874411, 1], 
 23: [0.0629848, 0.0629848, -0.648249, 1], 
 24: [0.061106, 0.061106, -0.760703, 1], 
 25: [0.0864169, -4.93817e-010, -0.760703, 1], 
 26: [-2.0734e-009, -0.0718472, -0.984473, 1], 
 27: [0.0508036, -0.0508036, -0.984473, 1], 
 28: [0.0338254, -0.0338254, -1.06935, 1], 
 29: [-1.33421e-009, -0.0478364, -1.06935, 1], 
 30: [-1.22342e-010, -3.00327e-009, -1.10336, 1], 
 31: [-0.0508036, -0.0508036, -0.984473, 1], 
 32: [-0.0338254, -0.0338254, -1.06935, 1], 
 33: [1.10391e-009, -0.089074, -0.648249, 1], 
 34: [4.52011e-010, -0.0818529, -0.874411, 1], 
 35: [0.0578787, -0.0578787, -0.874411, 1], 
 36: [0.0629848, -0.0629848, -0.648249, 1], 
 37: [0.061106, -0.061106, -0.760703, 1], 
 38: [3.36422e-010, -0.0864169, -0.760703, 1], 
 39: [-0.0578787, -0.0578787, -0.874411, 1], 
 40: [-0.0629848, -0.0629848, -0.648249, 1], 
 41: [-0.061106, -0.061106, -0.760703, 1], 
 42: [0.11683, 1.66296e-009, -0.0165308, 1], 
 43: [-0.0972042, -1.42002e-009, -0.42823, 1], 
 44: [0.0972042, 7.36558e-010, -0.42823, 1], 
 45: [-1.03253e-009, 0.0972042, -0.42823, 1], 
 46: [-0.0687338, 0.0687338, -0.42823, 1], 
 47: [-0.0921015, -8.12599e-010, -0.537793, 1], 
 48: [-0.0651256, 0.0651256, -0.537793, 1], 
 49: [-5.71763e-010, 0.0921015, -0.537793, 1], 
 50: [0.0687338, 0.0687338, -0.42823, 1], 
 51: [0.0651256, 0.0651256, -0.537793, 1], 
 52: [0.0921015, -1.17404e-010, -0.537793, 1], 
 53: [-7.44584e-010, 0.11683, -0.0165308, 1], 
 54: [-0.103796, 4.50259e-010, -0.311065, 1], 
 55: [-2.33024e-009, 0.103796, -0.311065, 1], 
 56: [-0.0733946, 0.0733946, -0.311065, 1], 
 57: [-0.0826115, 0.0826115, -0.0165308, 1], 
 58: [-0.110716, 5.67698e-011, -0.175954, 1], 
 59: [-0.0782884, 0.0782884, -0.175954, 1], 
 60: [-2.56317e-009, 0.110716, -0.175954, 1], 
 61: [0.103796, -5.98448e-010, -0.311065, 1], 
 62: [0.0733946, 0.0733946, -0.311065, 1], 
 63: [0.0826115, 0.0826115, -0.0165308, 1], 
 64: [0.0782884, 0.0782884, -0.175954, 1], 
 65: [0.110716, -8.75968e-010, -0.175954, 1], 
 66: [6.22907e-011, -0.0972042, -0.42823, 1], 
 67: [0.0687338, -0.0687338, -0.42823, 1], 
 68: [0.0651256, -0.0651256, -0.537793, 1], 
 69: [-1.37316e-009, -0.0921015, -0.537793, 1], 
 70: [-0.0687338, -0.0687338, -0.42823, 1], 
 71: [-0.0651256, -0.0651256, -0.537793, 1], 
 72: [7.25389e-010, -0.11683, -0.0165308, 1], 
 73: [1.54364e-009, -0.103796, -0.311065, 1], 
 74: [0.0733946, -0.0733946, -0.311065, 1], 
 75: [0.0826115, -0.0826115, -0.0165308, 1], 
 76: [0.0782884, -0.0782884, -0.175954, 1], 
 77: [2.56317e-009, -0.110716, -0.175954, 1], 
 78: [-0.0733946, -0.0733946, -0.311065, 1], 
 79: [-0.0826115, -0.0826115, -0.0165308, 1], 
 80: [-0.0782884, -0.0782884, -0.175954, 1], 
 81: [-0.111434, 2.86925e-009, 0.734432, 1], 
 82: [0.111434, -5.68931e-009, 0.734432, 1], 
 83: [-0.122481, 1.87612e-009, 0.333111, 1], 
 84: [0.122481, -1.53055e-009, 0.333111, 1], 
 85: [9.11712e-010, 0.122481, 0.333111, 1], 
 86: [-0.0866072, 0.0866072, 0.333111, 1], 
 87: [-0.121093, -1.08994e-010, 0.157663, 1], 
 88: [-0.0856254, 0.0856254, 0.157663, 1], 
 89: [1.26784e-009, 0.121093, 0.157663, 1], 
 90: [0.0866072, 0.0866072, 0.333111, 1], 
 91: [0.0856254, 0.0856254, 0.157663, 1], 
 92: [0.121093, 1.45606e-009, 0.157663, 1], 
 93: [-4.8873e-011, 0.111434, 0.734432, 1], 
 94: [-0.120428, 7.43592e-010, 0.49639, 1], 
 95: [1.0556e-009, 0.120428, 0.49639, 1], 
 96: [-0.0851553, 0.0851553, 0.49639, 1], 
 97: [-0.0787958, 0.0787958, 0.734432, 1], 
 98: [-0.116179, 2.02285e-009, 0.634474, 1], 
 99: [-0.0821508, 0.0821508, 0.634474, 1], 
 100: [1.72518e-009, 0.116179, 0.634474, 1], 
 101: [0.120428, -1.39905e-009, 0.49639, 1], 
 102: [0.0851553, 0.0851553, 0.49639, 1], 
 103: [0.0787958, 0.0787958, 0.734432, 1], 
 104: [0.0821508, 0.0821508, 0.634474, 1], 
 105: [0.116179, 4.81378e-010, 0.634474, 1], 
 106: [3.28177e-010, -0.122481, 0.333111, 1], 
 107: [0.0866072, -0.0866072, 0.333111, 1], 
 108: [0.0856254, -0.0856254, 0.157663, 1], 
 109: [2.13065e-009, -0.121093, 0.157663, 1], 
 110: [-0.0866072, -0.0866072, 0.333111, 1], 
 111: [-0.0856254, -0.0856254, 0.157663, 1], 
 112: [4.8873e-011, -0.111434, 0.734432, 1], 
 113: [-1.14486e-009, -0.120428, 0.49639, 1], 
 114: [0.0851553, -0.0851553, 0.49639, 1], 
 115: [0.0787958, -0.0787958, 0.734432, 1], 
 116: [0.0821508, -0.0821508, 0.634474, 1], 
 117: [-1.72518e-009, -0.116179, 0.634474, 1], 
 118: [-0.0851553, -0.0851553, 0.49639, 1], 
 119: [-0.0787958, -0.0787958, 0.734432, 1], 
 120: [-0.0821508, -0.0821508, 0.634474, 1], 
 121: [-0.0989909, -3.45776e-009, 0.811017, 1], 
 122: [0.0989909, -2.36101e-010, 0.811017, 1], 
 123: [4.93255e-009, 0.0989909, 0.811017, 1], 
 124: [-0.107441, -7.40758e-009, 0.788325, 1], 
 125: [9.52802e-010, 0.107441, 0.788325, 1], 
 126: [-0.075972, 0.075972, 0.788325, 1], 
 127: [-0.0699971, 0.0699971, 0.811017, 1], 
 128: [-0.103632, -1.52571e-008, 0.80818, 1], 
 129: [-0.0732792, 0.0732792, 0.80818, 1], 
 130: [1.18098e-009, 0.103632, 0.80818, 1], 
 131: [0.107441, 3.17704e-009, 0.788325, 1], 
 132: [0.075972, 0.075972, 0.788325, 1], 
 133: [0.0699971, 0.0699971, 0.811017, 1], 
 134: [0.0732792, 0.0732792, 0.80818, 1], 
 135: [0.103632, 1.52571e-008, 0.80818, 1], 
 136: [-0.089909, 4.16334e-017, 0.811225, 1], 
 137: [3.60822e-017, 0.089909, 0.811225, 1], 
 138: [-0.0635753, 0.0635753, 0.811225, 1], 
 139: [-0.0624277, 3.19189e-017, 0.812684, 1], 
 140: [-0.0441431, 0.0441431, 0.812684, 1], 
 141: [2.77556e-017, 0.0624277, 0.812684, 1], 
 142: [0.089909, -3.60822e-017, 0.811225, 1], 
 143: [0.0635753, 0.0635753, 0.811225, 1], 
 144: [0.0441431, 0.0441431, 0.812684, 1], 
 145: [0.0624277, -2.77556e-017, 0.812684, 1], 
 146: [-1.06033e-010, -0.0989909, 0.811017, 1], 
 147: [-4.59249e-010, -0.107441, 0.788325, 1], 
 148: [0.075972, -0.075972, 0.788325, 1], 
 149: [0.0699971, -0.0699971, 0.811017, 1], 
 150: [0.0732792, -0.0732792, 0.80818, 1], 
 151: [2.76523e-009, -0.103632, 0.80818, 1], 
 152: [-0.075972, -0.075972, 0.788325, 1], 
 153: [-0.0699971, -0.0699971, 0.811017, 1], 
 154: [-0.0732792, -0.0732792, 0.80818, 1], 
 155: [-3.60822e-017, -0.089909, 0.811225, 1], 
 156: [0.0635753, -0.0635753, 0.811225, 1], 
 157: [0.0441431, -0.0441431, 0.812684, 1], 
 158: [-2.498e-017, -0.0624277, 0.812684, 1], 
 159: [-0.0635753, -0.0635753, 0.811225, 1], 
 160: [0, 0, 0.816644, 1], 
 161: [-0.0441431, -0.0441431, 0.812684, 1], 
 162: [-0.0915229, -0.0161317, -0.202705, 1], 
 163: [-0.148875, -0.0161317, 0.119349, 1], 
 164: [-0.259168, -0.0161317, 0.419345, 1], 
 165: [-0.338578, -0.0161317, 0.653166, 1], 
 166: [-0.338578, -0.0161317, 0.79434, 1], 
 167: [-0.281226, -0.0161317, 0.869339, 1], 
 168: [-0.197404, -0.0161317, 0.829634, 1], 
 169: [-0.100346, -0.0161317, 0.750223, 1], 
 170: [-0.0915229, 0.014473, -0.202705, 1], 
 171: [-0.148875, 0.014473, 0.119349, 1], 
 172: [-0.259168, 0.014473, 0.419345, 1], 
 173: [-0.338578, 0.014473, 0.653166, 1], 
 174: [-0.338578, 0.014473, 0.79434, 1], 
 175: [-0.281226, 0.014473, 0.869339, 1], 
 176: [-0.197404, 0.014473, 0.829634, 1], 
 177: [-0.100346, 0.014473, 0.750223, 1], 
 178: [0.0161317, -0.0915229, -0.202705, 1], 
 179: [0.0161317, -0.148875, 0.119349, 1], 
 180: [0.0161317, -0.259168, 0.419345, 1], 
 181: [0.0161317, -0.338578, 0.653166, 1], 
 182: [0.0161317, -0.338578, 0.79434, 1], 
 183: [0.0161317, -0.281226, 0.869339, 1], 
 184: [0.0161317, -0.197404, 0.829634, 1], 
 185: [0.0161317, -0.100346, 0.750223, 1], 
 186: [-0.014473, -0.0915229, -0.202705, 1], 
 187: [-0.014473, -0.148875, 0.119349, 1], 
 188: [-0.014473, -0.259168, 0.419345, 1], 
 189: [-0.014473, -0.338578, 0.653166, 1], 
 190: [-0.014473, -0.338578, 0.79434, 1], 
 191: [-0.014473, -0.281226, 0.869339, 1], 
 192: [-0.014473, -0.197404, 0.829634, 1], 
 193: [-0.014473, -0.100346, 0.750223, 1], 
 194: [0.0915229, 0.0161317, -0.202705, 1], 
 195: [0.148875, 0.0161317, 0.119349, 1], 
 196: [0.259168, 0.0161317, 0.419345, 1], 
 197: [0.338578, 0.0161317, 0.653166, 1], 
 198: [0.338578, 0.0161317, 0.79434, 1], 
 199: [0.281226, 0.0161317, 0.869339, 1], 
 200: [0.197404, 0.0161317, 0.829634, 1], 
 201: [0.100346, 0.0161317, 0.750223, 1], 
 202: [0.0915229, -0.014473, -0.202705, 1], 
 203: [0.148875, -0.014473, 0.119349, 1], 
 204: [0.259168, -0.014473, 0.419345, 1], 
 205: [0.338578, -0.014473, 0.653166, 1], 
 206: [0.338578, -0.014473, 0.79434, 1], 
 207: [0.281226, -0.014473, 0.869339, 1], 
 208: [0.197404, -0.014473, 0.829634, 1], 
 209: [0.100346, -0.014473, 0.750223, 1], 
 210: [-0.0161317, 0.0915229, -0.202705, 1], 
 211: [-0.0161317, 0.148875, 0.119349, 1], 
 212: [-0.0161317, 0.259168, 0.419345, 1], 
 213: [-0.0161317, 0.338578, 0.653166, 1], 
 214: [-0.0161317, 0.338578, 0.79434, 1], 
 215: [-0.0161317, 0.281226, 0.869339, 1], 
 216: [-0.0161317, 0.197404, 0.829634, 1], 
 217: [-0.0161317, 0.100346, 0.750223, 1], 
 218: [0.014473, 0.0915229, -0.202705, 1], 
 219: [0.014473, 0.148875, 0.119349, 1], 
 220: [0.014473, 0.259168, 0.419345, 1], 
 221: [0.014473, 0.338578, 0.653166, 1], 
 222: [0.014473, 0.338578, 0.79434, 1], 
 223: [0.014473, 0.281226, 0.869339, 1], 
 224: [0.014473, 0.197404, 0.829634, 1], 
 225: [0.014473, 0.100346, 0.750223, 1], 
 226: [-0.0635753, 0.0635753, 0.811225, 1], 
 227: [-1.20131e-009, 0.089909, 0.811225, 1], 
 228: [-0.089909, 3.26213e-010, 0.811225, 1], 
 229: [0.0635753, 0.0635753, 0.811225, 1], 
 230: [0.089909, -4.74418e-010, 0.811225, 1], 
 231: [0.0635753, -0.0635753, 0.811225, 1], 
 232: [6.61886e-010, -0.089909, 0.811225, 1], 
 233: [-0.0635753, -0.0635753, 0.811225, 1], 
 234: [5.28727e-010, 0.0718472, -0.984473, 1], 
 235: [5.28727e-010, 0.0718472, -0.984473, 1], 
 236: [5.28727e-010, 0.0718472, -0.984473, 1], 
 237: [5.28727e-010, 0.0718472, -0.984473, 1], 
 238: [5.28727e-010, 0.0718472, -0.984473, 1], 
 239: [-1.32187e-009, 0.0478364, -1.06935, 1], 
 240: [-1.32187e-009, 0.0478364, -1.06935, 1], 
 241: [-1.32187e-009, 0.0478364, -1.06935, 1], 
 242: [-1.32187e-009, 0.0478364, -1.06935, 1], 
 243: [-2.34073e-009, 0.089074, -0.648249, 1], 
 244: [-2.34073e-009, 0.089074, -0.648249, 1], 
 245: [-2.34073e-009, 0.089074, -0.648249, 1], 
 246: [-2.34073e-009, 0.089074, -0.648249, 1], 
 247: [-2.34073e-009, 0.089074, -0.648249, 1], 
 248: [-1.3888e-009, 0.0818529, -0.874411, 1], 
 249: [-1.3888e-009, 0.0818529, -0.874411, 1], 
 250: [-1.3888e-009, 0.0818529, -0.874411, 1], 
 251: [-1.3888e-009, 0.0818529, -0.874411, 1], 
 252: [-1.3888e-009, 0.0818529, -0.874411, 1], 
 253: [-3.36422e-010, 0.0864169, -0.760703, 1], 
 254: [-3.36422e-010, 0.0864169, -0.760703, 1], 
 255: [-3.36422e-010, 0.0864169, -0.760703, 1], 
 256: [-3.36422e-010, 0.0864169, -0.760703, 1], 
 257: [-3.36422e-010, 0.0864169, -0.760703, 1], 
 258: [-1.03253e-009, 0.0972042, -0.42823, 1], 
 259: [-1.03253e-009, 0.0972042, -0.42823, 1], 
 260: [-1.03253e-009, 0.0972042, -0.42823, 1], 
 261: [-1.03253e-009, 0.0972042, -0.42823, 1], 
 262: [-1.03253e-009, 0.0972042, -0.42823, 1], 
 263: [-5.71763e-010, 0.0921015, -0.537793, 1], 
 264: [-5.71763e-010, 0.0921015, -0.537793, 1], 
 265: [-5.71763e-010, 0.0921015, -0.537793, 1], 
 266: [-5.71763e-010, 0.0921015, -0.537793, 1], 
 267: [-5.71763e-010, 0.0921015, -0.537793, 1], 
 268: [-7.44584e-010, 0.11683, -0.0165308, 1], 
 269: [-7.44584e-010, 0.11683, -0.0165308, 1], 
 270: [-7.44584e-010, 0.11683, -0.0165308, 1], 
 271: [-7.44584e-010, 0.11683, -0.0165308, 1], 
 272: [-7.44584e-010, 0.11683, -0.0165308, 1], 
 273: [-2.33024e-009, 0.103796, -0.311065, 1], 
 274: [-2.33024e-009, 0.103796, -0.311065, 1], 
 275: [-2.33024e-009, 0.103796, -0.311065, 1], 
 276: [-2.33024e-009, 0.103796, -0.311065, 1], 
 277: [-2.33024e-009, 0.103796, -0.311065, 1], 
 278: [-2.56317e-009, 0.110716, -0.175954, 1], 
 279: [-2.56317e-009, 0.110716, -0.175954, 1], 
 280: [-2.56317e-009, 0.110716, -0.175954, 1], 
 281: [-2.56317e-009, 0.110716, -0.175954, 1], 
 282: [-2.56317e-009, 0.110716, -0.175954, 1], 
 283: [9.11712e-010, 0.122481, 0.333111, 1], 
 284: [9.11712e-010, 0.122481, 0.333111, 1], 
 285: [9.11712e-010, 0.122481, 0.333111, 1], 
 286: [9.11712e-010, 0.122481, 0.333111, 1], 
 287: [9.11712e-010, 0.122481, 0.333111, 1], 
 288: [1.26784e-009, 0.121093, 0.157663, 1], 
 289: [1.26784e-009, 0.121093, 0.157663, 1], 
 290: [1.26784e-009, 0.121093, 0.157663, 1], 
 291: [1.26784e-009, 0.121093, 0.157663, 1], 
 292: [1.26784e-009, 0.121093, 0.157663, 1], 
 293: [-4.8873e-011, 0.111434, 0.734432, 1], 
 294: [-4.8873e-011, 0.111434, 0.734432, 1], 
 295: [-4.8873e-011, 0.111434, 0.734432, 1], 
 296: [-4.8873e-011, 0.111434, 0.734432, 1], 
 297: [-4.8873e-011, 0.111434, 0.734432, 1], 
 298: [1.0556e-009, 0.120428, 0.49639, 1], 
 299: [1.0556e-009, 0.120428, 0.49639, 1], 
 300: [1.0556e-009, 0.120428, 0.49639, 1], 
 301: [1.0556e-009, 0.120428, 0.49639, 1], 
 302: [1.0556e-009, 0.120428, 0.49639, 1], 
 303: [1.72518e-009, 0.116179, 0.634474, 1], 
 304: [1.72518e-009, 0.116179, 0.634474, 1], 
 305: [1.72518e-009, 0.116179, 0.634474, 1], 
 306: [1.72518e-009, 0.116179, 0.634474, 1], 
 307: [1.72518e-009, 0.116179, 0.634474, 1], 
 308: [4.93255e-009, 0.0989909, 0.811017, 1], 
 309: [4.93255e-009, 0.0989909, 0.811017, 1], 
 310: [4.93255e-009, 0.0989909, 0.811017, 1], 
 311: [4.93255e-009, 0.0989909, 0.811017, 1], 
 312: [4.93255e-009, 0.0989909, 0.811017, 1], 
 313: [9.52802e-010, 0.107441, 0.788325, 1], 
 314: [9.52802e-010, 0.107441, 0.788325, 1], 
 315: [9.52802e-010, 0.107441, 0.788325, 1], 
 316: [9.52802e-010, 0.107441, 0.788325, 1], 
 317: [9.52802e-010, 0.107441, 0.788325, 1], 
 318: [1.18098e-009, 0.103632, 0.80818, 1], 
 319: [1.18098e-009, 0.103632, 0.80818, 1], 
 320: [1.18098e-009, 0.103632, 0.80818, 1], 
 321: [1.18098e-009, 0.103632, 0.80818, 1], 
 322: [1.18098e-009, 0.103632, 0.80818, 1], 
 323: [-1.20131e-009, 0.089909, 0.811225, 1], 
 324: [-1.20131e-009, 0.089909, 0.811225, 1]]
Number of polygons: 432
Polygon Connection List
[0: [160, 139, 161], 
1: [79, 0, 80], 
2: [0, 58, 80], 
3: [40, 1, 41], 
4: [1, 18, 41], 
5: [23, 2, 24], 
6: [2, 25, 24], 
7: [10, 4, 11], 
8: [4, 12, 11], 
9: [6, 237, 8], 
10: [236, 242, 8], 
11: [3, 6, 7], 
12: [7, 6, 8], 
13: [30, 7, 8], 
14: [241, 30, 8], 
15: [235, 10, 9], 
16: [10, 11, 239], 
17: [11, 30, 240], 
18: [12, 30, 11], 
19: [17, 247, 19], 
20: [246, 255, 19], 
21: [16, 252, 6], 
22: [251, 238, 6], 
23: [14, 16, 3], 
24: [3, 16, 6], 
25: [1, 17, 18], 
26: [18, 17, 19], 
27: [18, 19, 14], 
28: [14, 19, 16], 
29: [254, 15, 19], 
30: [248, 16, 19], 
31: [21, 4, 22], 
32: [4, 10, 22], 
33: [250, 22, 5], 
34: [10, 234, 22], 
35: [245, 23, 256], 
36: [23, 24, 257], 
37: [24, 22, 20], 
38: [22, 249, 253], 
39: [25, 21, 24], 
40: [21, 22, 24], 
41: [3, 7, 31], 
42: [7, 32, 31], 
43: [27, 26, 28], 
44: [28, 26, 29], 
45: [4, 27, 12], 
46: [12, 27, 28], 
47: [30, 12, 28], 
48: [30, 28, 29], 
49: [26, 31, 29], 
50: [29, 31, 32], 
51: [30, 29, 32], 
52: [7, 30, 32], 
53: [36, 33, 37], 
54: [33, 38, 37], 
55: [34, 26, 35], 
56: [26, 27, 35], 
57: [21, 35, 4], 
58: [27, 4, 35], 
59: [2, 36, 25], 
60: [36, 37, 25], 
61: [37, 35, 25], 
62: [35, 21, 25], 
63: [38, 34, 37], 
64: [34, 35, 37], 
65: [14, 3, 39], 
66: [3, 31, 39], 
67: [34, 39, 26], 
68: [31, 26, 39], 
69: [33, 40, 38], 
70: [40, 41, 38], 
71: [41, 39, 38], 
72: [39, 34, 38], 
73: [18, 14, 41], 
74: [14, 39, 41], 
75: [63, 42, 64], 
76: [42, 65, 64], 
77: [50, 44, 51], 
78: [44, 52, 51], 
79: [46, 261, 48], 
80: [260, 265, 48], 
81: [43, 46, 47], 
82: [47, 46, 48], 
83: [47, 48, 1], 
84: [1, 48, 17], 
85: [264, 13, 48], 
86: [243, 17, 48], 
87: [259, 50, 266], 
88: [50, 51, 267], 
89: [51, 23, 49], 
90: [23, 244, 263], 
91: [52, 2, 51], 
92: [2, 23, 51], 
93: [57, 272, 59], 
94: [271, 280, 59], 
95: [56, 277, 46], 
96: [276, 262, 46], 
97: [54, 56, 43], 
98: [43, 56, 46], 
99: [0, 57, 58], 
100: [58, 57, 59], 
101: [58, 59, 54], 
102: [54, 59, 56], 
103: [279, 55, 59], 
104: [273, 56, 59], 
105: [61, 44, 62], 
106: [44, 50, 62], 
107: [275, 62, 45], 
108: [50, 258, 62], 
109: [270, 63, 281], 
110: [63, 64, 282], 
111: [64, 62, 60], 
112: [62, 274, 278], 
113: [65, 61, 64], 
114: [61, 62, 64], 
115: [43, 47, 70], 
116: [47, 71, 70], 
117: [67, 66, 68], 
118: [68, 66, 69], 
119: [44, 67, 52], 
120: [52, 67, 68], 
121: [52, 68, 2], 
122: [36, 2, 68], 
123: [68, 69, 36], 
124: [33, 36, 69], 
125: [66, 70, 69], 
126: [69, 70, 71], 
127: [69, 71, 33], 
128: [40, 33, 71], 
129: [47, 1, 71], 
130: [1, 40, 71], 
131: [75, 72, 76], 
132: [72, 77, 76], 
133: [73, 66, 74], 
134: [66, 67, 74], 
135: [61, 74, 44], 
136: [67, 44, 74], 
137: [42, 75, 65], 
138: [75, 76, 65], 
139: [76, 74, 65], 
140: [74, 61, 65], 
141: [77, 73, 76], 
142: [73, 74, 76], 
143: [54, 43, 78], 
144: [43, 70, 78], 
145: [73, 78, 66], 
146: [70, 66, 78], 
147: [72, 79, 77], 
148: [79, 80, 77], 
149: [80, 78, 77], 
150: [78, 73, 77], 
151: [58, 54, 80], 
152: [54, 78, 80], 
153: [98, 120, 81], 
154: [119, 81, 120], 
155: [105, 104, 82], 
156: [103, 82, 104], 
157: [90, 84, 91], 
158: [84, 92, 91], 
159: [86, 286, 88], 
160: [285, 290, 88], 
161: [83, 86, 87], 
162: [87, 86, 88], 
163: [87, 88, 0], 
164: [0, 88, 57], 
165: [289, 53, 88], 
166: [268, 57, 88], 
167: [284, 90, 291], 
168: [90, 91, 292], 
169: [91, 63, 89], 
170: [63, 269, 288], 
171: [92, 42, 91], 
172: [42, 63, 91], 
173: [307, 99, 295], 
174: [97, 296, 99], 
175: [287, 86, 300], 
176: [96, 301, 86], 
177: [83, 94, 86], 
178: [94, 96, 86], 
179: [98, 81, 99], 
180: [81, 97, 99], 
181: [94, 98, 96], 
182: [98, 99, 96], 
183: [302, 96, 305], 
184: [306, 96, 99], 
185: [84, 90, 101], 
186: [101, 90, 102], 
187: [90, 85, 102], 
188: [283, 299, 102], 
189: [104, 100, 103], 
190: [294, 103, 303], 
191: [102, 95, 104], 
192: [104, 298, 304], 
193: [101, 102, 105], 
194: [105, 102, 104], 
195: [83, 87, 110], 
196: [87, 111, 110], 
197: [107, 106, 108], 
198: [108, 106, 109], 
199: [84, 107, 92], 
200: [92, 107, 108], 
201: [92, 108, 42], 
202: [75, 42, 108], 
203: [108, 109, 75], 
204: [72, 75, 109], 
205: [106, 110, 109], 
206: [109, 110, 111], 
207: [109, 111, 72], 
208: [79, 72, 111], 
209: [87, 0, 111], 
210: [0, 79, 111], 
211: [117, 116, 112], 
212: [115, 112, 116], 
213: [106, 107, 113], 
214: [113, 107, 114], 
215: [107, 84, 114], 
216: [84, 101, 114], 
217: [116, 105, 115], 
218: [82, 115, 105], 
219: [114, 101, 116], 
220: [116, 101, 105], 
221: [113, 114, 117], 
222: [117, 114, 116], 
223: [83, 110, 94], 
224: [94, 110, 118], 
225: [110, 106, 118], 
226: [106, 113, 118], 
227: [120, 117, 119], 
228: [112, 119, 117], 
229: [118, 113, 120], 
230: [120, 113, 117], 
231: [94, 118, 98], 
232: [98, 118, 120], 
233: [160, 145, 144], 
234: [135, 134, 122], 
235: [133, 122, 134], 
236: [322, 129, 310], 
237: [127, 311, 129], 
238: [297, 97, 315], 
239: [126, 316, 97], 
240: [81, 124, 97], 
241: [124, 126, 97], 
242: [128, 121, 129], 
243: [121, 127, 129], 
244: [124, 128, 126], 
245: [128, 129, 126], 
246: [317, 126, 320], 
247: [321, 126, 129], 
248: [82, 103, 131], 
249: [131, 103, 132], 
250: [103, 93, 132], 
251: [293, 314, 132], 
252: [134, 130, 133], 
253: [309, 133, 318], 
254: [132, 125, 134], 
255: [134, 313, 319], 
256: [131, 132, 135], 
257: [135, 132, 134], 
258: [160, 141, 140], 
259: [312, 127, 323], 
260: [226, 324, 127], 
261: [121, 228, 127], 
262: [228, 226, 127], 
263: [139, 160, 140], 
264: [136, 139, 138], 
265: [139, 140, 138], 
266: [137, 138, 141], 
267: [141, 138, 140], 
268: [122, 133, 230], 
269: [230, 133, 229], 
270: [133, 123, 229], 
271: [308, 227, 229], 
272: [160, 144, 141], 
273: [143, 137, 144], 
274: [144, 137, 141], 
275: [142, 143, 145], 
276: [145, 143, 144], 
277: [128, 154, 121], 
278: [121, 154, 153], 
279: [151, 150, 146], 
280: [149, 146, 150], 
281: [112, 115, 147], 
282: [115, 148, 147], 
283: [115, 82, 148], 
284: [82, 131, 148], 
285: [135, 122, 150], 
286: [122, 149, 150], 
287: [131, 135, 148], 
288: [135, 150, 148], 
289: [147, 148, 151], 
290: [151, 148, 150], 
291: [81, 119, 124], 
292: [124, 119, 152], 
293: [119, 112, 152], 
294: [112, 147, 152], 
295: [151, 146, 154], 
296: [146, 153, 154], 
297: [152, 147, 154], 
298: [147, 151, 154], 
299: [124, 152, 128], 
300: [128, 152, 154], 
301: [160, 158, 157], 
302: [146, 149, 232], 
303: [232, 149, 231], 
304: [149, 122, 231], 
305: [122, 230, 231], 
306: [160, 157, 145], 
307: [156, 142, 157], 
308: [157, 142, 145], 
309: [155, 156, 158], 
310: [158, 156, 157], 
311: [121, 153, 228], 
312: [228, 153, 233], 
313: [153, 146, 233], 
314: [146, 232, 233], 
315: [160, 161, 158], 
316: [159, 155, 161], 
317: [161, 155, 158], 
318: [136, 159, 139], 
319: [139, 159, 161], 
320: [170, 171, 177], 
321: [175, 176, 174], 
322: [174, 176, 173], 
323: [176, 177, 173], 
324: [171, 172, 177], 
325: [172, 173, 177], 
326: [162, 169, 163], 
327: [167, 166, 168], 
328: [166, 165, 168], 
329: [168, 165, 169], 
330: [163, 169, 164], 
331: [169, 165, 164], 
332: [162, 163, 170], 
333: [163, 171, 170], 
334: [163, 164, 171], 
335: [164, 172, 171], 
336: [164, 165, 172], 
337: [165, 173, 172], 
338: [165, 166, 173], 
339: [166, 174, 173], 
340: [166, 167, 174], 
341: [167, 175, 174], 
342: [167, 168, 175], 
343: [168, 176, 175], 
344: [168, 169, 176], 
345: [169, 177, 176], 
346: [169, 162, 177], 
347: [162, 170, 177], 
348: [186, 187, 193], 
349: [191, 192, 190], 
350: [190, 192, 189], 
351: [192, 193, 189], 
352: [187, 188, 193], 
353: [188, 189, 193], 
354: [178, 185, 179], 
355: [183, 182, 184], 
356: [182, 181, 184], 
357: [184, 181, 185], 
358: [179, 185, 180], 
359: [185, 181, 180], 
360: [178, 179, 186], 
361: [179, 187, 186], 
362: [179, 180, 187], 
363: [180, 188, 187], 
364: [180, 181, 188], 
365: [181, 189, 188], 
366: [181, 182, 189], 
367: [182, 190, 189], 
368: [182, 183, 190], 
369: [183, 191, 190], 
370: [183, 184, 191], 
371: [184, 192, 191], 
372: [184, 185, 192], 
373: [185, 193, 192], 
374: [185, 178, 193], 
375: [178, 186, 193], 
376: [202, 203, 209], 
377: [207, 208, 206], 
378: [206, 208, 205], 
379: [208, 209, 205], 
380: [203, 204, 209], 
381: [204, 205, 209], 
382: [194, 201, 195], 
383: [199, 198, 200], 
384: [198, 197, 200], 
385: [200, 197, 201], 
386: [195, 201, 196], 
387: [201, 197, 196], 
388: [194, 195, 202], 
389: [195, 203, 202], 
390: [195, 196, 203], 
391: [196, 204, 203], 
392: [196, 197, 204], 
393: [197, 205, 204], 
394: [197, 198, 205], 
395: [198, 206, 205], 
396: [198, 199, 206], 
397: [199, 207, 206], 
398: [199, 200, 207], 
399: [200, 208, 207], 
400: [200, 201, 208], 
401: [201, 209, 208], 
402: [201, 194, 209], 
403: [194, 202, 209], 
404: [218, 219, 225], 
405: [223, 224, 222], 
406: [222, 224, 221], 
407: [224, 225, 221], 
408: [219, 220, 225], 
409: [220, 221, 225], 
410: [210, 217, 211], 
411: [215, 214, 216], 
412: [214, 213, 216], 
413: [216, 213, 217], 
414: [211, 217, 212], 
415: [217, 213, 212], 
416: [210, 211, 218], 
417: [211, 219, 218], 
418: [211, 212, 219], 
419: [212, 220, 219], 
420: [212, 213, 220], 
421: [213, 221, 220], 
422: [213, 214, 221], 
423: [214, 222, 221], 
424: [214, 215, 222], 
425: [215, 223, 222], 
426: [215, 216, 223], 
427: [216, 224, 223], 
428: [216, 217, 224], 
429: [217, 225, 224], 
430: [217, 210, 225], 
431: [210, 218, 225]]
Per Vertex Normals
[0: [-0.999509, -2.5712e-008, -0.0313392], 
 1: [-0.999674, -6.15767e-008, -0.025522], 
 2: [0.999674, -3.07883e-008, -0.0255221], 
 3: [-0.983987, 7.88641e-008, -0.178238], 
 4: [0.983987, 7.62353e-008, -0.178238], 
 5: [0.381341, 0.920638, -0.0836948], 
 6: [-0.695784, 0.695784, -0.178238], 
 7: [-0.841085, 1.13753e-007, -0.540903], 
 8: [-0.594737, 0.594738, -0.540901], 
 9: [0.370248, 0.893857, -0.252855], 
 10: [0.695784, 0.695784, -0.178238], 
 11: [0.594738, 0.594737, -0.540902], 
 12: [0.841086, -1.42191e-008, -0.540901], 
 13: [-0.382561, 0.923583, -0.0253149], 
 14: [-0.997889, -1.03311e-008, -0.064944], 
 15: [-0.382421, 0.923245, -0.0370572], 
 16: [-0.705614, 0.705614, -0.064944], 
 17: [-0.706877, 0.706876, -0.0255221], 
 18: [-0.999494, -1.98047e-007, -0.0318009], 
 19: [-0.706749, 0.706749, -0.0318008], 
 20: [0.382421, 0.923245, -0.0370572], 
 21: [0.997889, -3.09933e-008, -0.064944], 
 22: [0.705614, 0.705614, -0.064944], 
 23: [0.706877, 0.706876, -0.0255221], 
 24: [0.706749, 0.706749, -0.0318008], 
 25: [0.999494, 2.57204e-008, -0.0318008], 
 26: [1.05152e-008, -0.983987, -0.178238], 
 27: [0.695784, -0.695784, -0.178239], 
 28: [0.594738, -0.594737, -0.540902], 
 29: [-2.55943e-008, -0.841086, -0.540902], 
 30: [6.63097e-007, -1.3336e-007, -1], 
 31: [-0.695784, -0.695784, -0.178238], 
 32: [-0.594737, -0.594738, -0.540902], 
 33: [-2.56569e-009, -0.999674, -0.0255221], 
 34: [6.71521e-008, -0.997889, -0.064944], 
 35: [0.705614, -0.705614, -0.064944], 
 36: [0.706877, -0.706876, -0.0255221], 
 37: [0.706749, -0.706749, -0.0318008], 
 38: [6.68731e-008, -0.999494, -0.0318008], 
 39: [-0.705614, -0.705614, -0.064944], 
 40: [-0.706876, -0.706876, -0.0255221], 
 41: [-0.706749, -0.706749, -0.0318008], 
 42: [0.999509, 5.39953e-008, -0.0313392], 
 43: [-0.998678, 5.12702e-009, -0.0514068], 
 44: [0.998678, -7.69053e-008, -0.0514068], 
 45: [0.382168, 0.922634, -0.051905], 
 46: [-0.706172, 0.706172, -0.0514068], 
 47: [-0.999313, 2.0487e-008, -0.0370491], 
 48: [-0.706621, 0.706621, -0.0370491], 
 49: [0.382561, 0.923583, -0.0253149], 
 50: [0.706172, 0.706172, -0.0514068], 
 51: [0.706621, 0.706621, -0.0370491], 
 52: [0.999313, -1.43409e-007, -0.0370491], 
 53: [-0.382586, 0.923644, -0.0225997], 
 54: [-0.998561, 0, -0.0536299], 
 55: [-0.382256, 0.922847, -0.0472714], 
 56: [-0.706089, 0.706089, -0.0536299], 
 57: [-0.706759, 0.706759, -0.0313392], 
 58: [-0.999002, 1.28534e-008, -0.0446703], 
 59: [-0.706401, 0.706401, -0.0446703], 
 60: [0.382256, 0.922847, -0.0472714], 
 61: [0.998561, -2.05442e-008, -0.05363], 
 62: [0.706089, 0.706089, -0.0536299], 
 63: [0.70676, 0.706759, -0.0313392], 
 64: [0.706401, 0.706401, -0.0446703], 
 65: [0.999002, 0, -0.0446703], 
 66: [3.07621e-008, -0.998678, -0.0514068], 
 67: [0.706172, -0.706172, -0.0514068], 
 68: [0.706621, -0.706621, -0.0370491], 
 69: [-2.0487e-008, -0.999313, -0.0370491], 
 70: [-0.706172, -0.706172, -0.0514068], 
 71: [-0.706621, -0.706621, -0.0370491], 
 72: [-2.05696e-008, -0.999509, -0.0313392], 
 73: [3.08163e-008, -0.998561, -0.0536299], 
 74: [0.706089, -0.706089, -0.0536299], 
 75: [0.70676, -0.706759, -0.0313392], 
 76: [0.706401, -0.706401, -0.0446703], 
 77: [1.02827e-008, -0.999002, -0.0446703], 
 78: [-0.706089, -0.706089, -0.0536299], 
 79: [-0.706759, -0.706759, -0.0313392], 
 80: [-0.706401, -0.706401, -0.0446703], 
 81: [-0.99817, 9.26931e-008, 0.0604664], 
 82: [0.99817, -6.17954e-008, 0.0604664], 
 83: [-0.999997, 1.02941e-008, 0.00232468], 
 84: [0.999997, 3.34559e-008, 0.00232467], 
 85: [0.382658, 0.923817, 0.0116177], 
 86: [-0.707105, 0.707105, 0.00232466], 
 87: [-0.999869, -2.57221e-008, -0.0161555], 
 88: [-0.707015, 0.707015, -0.0161554], 
 89: [0.382586, 0.923644, -0.0225998], 
 90: [0.707105, 0.707105, 0.00232467], 
 91: [0.707015, 0.707015, -0.0161555], 
 92: [0.999869, -5.14441e-008, -0.0161555], 
 93: [0.38179, 0.921722, 0.0683006], 
 94: [-0.999766, 0, 0.0216187], 
 95: [0.382529, 0.923506, 0.0284172], 
 96: [-0.706941, 0.706941, 0.0216186], 
 97: [-0.705813, 0.705813, 0.0604665], 
 98: [-0.999239, -1.5432e-008, 0.0390071], 
 99: [-0.706569, 0.706569, 0.0390071], 
 100: [0.382316, 0.922992, 0.0438113], 
 101: [0.999766, 3.60177e-008, 0.0216187], 
 102: [0.706941, 0.706941, 0.0216186], 
 103: [0.705813, 0.705813, 0.0604664], 
 104: [0.706569, 0.706569, 0.0390071], 
 105: [0.999239, 2.572e-008, 0.0390071], 
 106: [1.80147e-008, -0.999997, 0.00232467], 
 107: [0.707105, -0.707105, 0.00232465], 
 108: [0.707015, -0.707014, -0.0161555], 
 109: [1.54332e-008, -0.999869, -0.0161554], 
 110: [-0.707105, -0.707105, 0.00232467], 
 111: [-0.707014, -0.707015, -0.0161554], 
 112: [-5.14962e-008, -0.99817, 0.0604663], 
 113: [-1.54362e-008, -0.999766, 0.0216187], 
 114: [0.706941, -0.706941, 0.0216187], 
 115: [0.705813, -0.705813, 0.0604665], 
 116: [0.706569, -0.706569, 0.0390071], 
 117: [5.14401e-008, -0.999239, 0.0390071], 
 118: [-0.706941, -0.706941, 0.0216186], 
 119: [-0.705813, -0.705813, 0.0604664], 
 120: [-0.706569, -0.706569, 0.0390071], 
 121: [-0.339218, 6.99511e-007, 0.940708], 
 122: [0.339216, -6.48188e-007, 0.940709], 
 123: [0.0094986, 0.0229378, 0.999692], 
 124: [-0.991572, 8.33236e-008, 0.129553], 
 125: [0.376814, 0.909708, 0.174478], 
 126: [-0.701148, 0.701147, 0.129554], 
 127: [-0.239861, 0.239863, 0.940708], 
 128: [-0.849647, 8.33854e-008, 0.527351], 
 129: [-0.600791, 0.600792, 0.527351], 
 130: [0.211126, 0.509698, 0.834047], 
 131: [0.991572, -1.24985e-007, 0.129553], 
 132: [0.701147, 0.701148, 0.129554], 
 133: [0.239864, 0.239864, 0.940708], 
 134: [0.600793, 0.600792, 0.527348], 
 135: [0.849647, 1.63793e-007, 0.527352], 
 136: [-0.0530139, 0, 0.998594], 
 137: [3.83311e-008, 0.053014, 0.998594], 
 138: [-0.0374865, 0.0374865, 0.998594], 
 139: [-0.0568772, 5.93025e-010, 0.998381], 
 140: [-0.0402182, 0.040218, 0.998381], 
 141: [-3.08373e-007, 0.0568768, 0.998381], 
 142: [0.053015, -7.90331e-010, 0.998594], 
 143: [0.0374882, 0.0374865, 0.998594], 
 144: [0.0402195, 0.040218, 0.998381], 
 145: [0.0568782, -4.15117e-009, 0.998381], 
 146: [2.23666e-006, -0.339215, 0.940709], 
 147: [-4.32241e-007, -0.991572, 0.129553], 
 148: [0.701148, -0.701147, 0.129554], 
 149: [0.239861, -0.239862, 0.940709], 
 150: [0.600791, -0.600792, 0.527351], 
 151: [1.0721e-006, -0.849647, 0.527351], 
 152: [-0.701148, -0.701147, 0.129553], 
 153: [-0.239864, -0.239864, 0.940707], 
 154: [-0.600794, -0.600793, 0.527347], 
 155: [-3.83311e-008, -0.053014, 0.998594], 
 156: [0.0374866, -0.0374865, 0.998594], 
 157: [0.0402185, -0.040218, 0.998381], 
 158: [3.08373e-007, -0.0568768, 0.998381], 
 159: [-0.0374882, -0.0374865, 0.998594], 
 160: [-2.97777e-010, -1.19111e-009, 1], 
 161: [-0.0402195, -0.040218, 0.998381], 
 162: [0.0780989, -0.537473, -0.839657], 
 163: [-0.662347, -0.727443, -0.179232], 
 164: [-0.669285, -0.704314, -0.236641], 
 165: [-0.730472, -0.672199, -0.120658], 
 166: [-0.726574, -0.641552, 0.24597], 
 167: [-0.190318, -0.589233, 0.785228], 
 168: [0.391599, -0.680781, 0.619022], 
 169: [0.705341, -0.622959, 0.338254], 
 170: [0.0780999, 0.537475, -0.839656], 
 171: [-0.662347, 0.727443, -0.179232], 
 172: [-0.669285, 0.704314, -0.236641], 
 173: [-0.730472, 0.672199, -0.120658], 
 174: [-0.726574, 0.641552, 0.24597], 
 175: [-0.190318, 0.589233, 0.785228], 
 176: [0.391599, 0.680781, 0.619022], 
 177: [0.705341, 0.622959, 0.338254], 
 178: [0.537474, 0.0780988, -0.839656], 
 179: [0.727443, -0.662347, -0.179232], 
 180: [0.704314, -0.669285, -0.236641], 
 181: [0.672199, -0.730472, -0.120658], 
 182: [0.641552, -0.726574, 0.24597], 
 183: [0.589233, -0.190318, 0.785228], 
 184: [0.680781, 0.391599, 0.619022], 
 185: [0.622959, 0.705341, 0.338254], 
 186: [-0.537474, 0.0781, -0.839656], 
 187: [-0.727443, -0.662347, -0.179232], 
 188: [-0.704314, -0.669285, -0.236641], 
 189: [-0.672199, -0.730472, -0.120658], 
 190: [-0.641552, -0.726574, 0.24597], 
 191: [-0.589233, -0.190318, 0.785229], 
 192: [-0.680781, 0.391599, 0.619022], 
 193: [-0.622959, 0.705341, 0.338254], 
 194: [-0.0780989, 0.537473, -0.839657], 
 195: [0.662347, 0.727443, -0.179232], 
 196: [0.669285, 0.704314, -0.236641], 
 197: [0.730472, 0.672199, -0.120658], 
 198: [0.726574, 0.641552, 0.24597], 
 199: [0.190318, 0.589233, 0.785228], 
 200: [-0.391599, 0.680781, 0.619022], 
 201: [-0.705341, 0.622959, 0.338254], 
 202: [-0.0780999, -0.537475, -0.839656], 
 203: [0.662347, -0.727443, -0.179232], 
 204: [0.669285, -0.704314, -0.236641], 
 205: [0.730472, -0.672199, -0.120658], 
 206: [0.726574, -0.641552, 0.24597], 
 207: [0.190318, -0.589233, 0.785228], 
 208: [-0.391599, -0.680781, 0.619022], 
 209: [-0.705341, -0.622959, 0.338254], 
 210: [-0.537474, -0.0780988, -0.839656], 
 211: [-0.727443, 0.662347, -0.179232], 
 212: [-0.704314, 0.669285, -0.236641], 
 213: [-0.672199, 0.730472, -0.120658], 
 214: [-0.641552, 0.726574, 0.24597], 
 215: [-0.589233, 0.190318, 0.785228], 
 216: [-0.680781, -0.391599, 0.619022], 
 217: [-0.622959, -0.705341, 0.338254], 
 218: [0.537474, -0.0781, -0.839656], 
 219: [0.727443, 0.662347, -0.179232], 
 220: [0.704314, 0.669285, -0.236641], 
 221: [0.672199, 0.730472, -0.120658], 
 222: [0.641552, 0.726574, 0.24597], 
 223: [0.589233, 0.190318, 0.785229], 
 224: [0.680781, -0.391599, 0.619022], 
 225: [0.622959, -0.705341, 0.338254], 
 226: [-0.016223, 0.0162251, 0.999737], 
 227: [0.00950082, 0.0229372, 0.999692], 
 228: [-0.0229499, 4.86077e-007, 0.999737], 
 229: [0.0162159, 0.0162204, 0.999737], 
 230: [0.0229481, -1.0123e-006, 0.999737], 
 231: [0.0162232, -0.0162246, 0.999737], 
 232: [1.30611e-006, -0.0229448, 0.999737], 
 233: [-0.0162177, -0.0162206, 0.999737], 
 234: [0.381341, 0.920638, -0.0836948], 
 235: [0.370248, 0.893857, -0.252855], 
 236: [-0.37025, 0.893857, -0.252855], 
 237: [-0.370248, 0.893857, -0.252855], 
 238: [-0.381341, 0.920638, -0.0836948], 
 239: [0.370248, 0.893857, -0.252855], 
 240: [0.233355, 0.56337, -0.792565], 
 241: [-0.233357, 0.56337, -0.792565], 
 242: [-0.37025, 0.893857, -0.252855], 
 243: [-0.382561, 0.923584, -0.0253149], 
 244: [0.382561, 0.923583, -0.0253148], 
 245: [0.382592, 0.923659, -0.0218243], 
 246: [-0.382592, 0.923659, -0.0218242], 
 247: [-0.382592, 0.923659, -0.0218242], 
 248: [-0.38242, 0.923245, -0.0370571], 
 249: [0.38242, 0.923245, -0.0370572], 
 250: [0.381341, 0.920638, -0.0836948], 
 251: [-0.381341, 0.920638, -0.0836948], 
 252: [-0.381341, 0.920638, -0.0836951], 
 253: [0.38242, 0.923245, -0.0370572], 
 254: [-0.382421, 0.923245, -0.0370572], 
 255: [-0.382593, 0.923659, -0.0218242], 
 256: [0.382592, 0.923659, -0.0218243], 
 257: [0.382592, 0.92366, -0.0218242], 
 258: [0.382167, 0.922634, -0.0519049], 
 259: [0.38233, 0.923025, -0.0429884], 
 260: [-0.38233, 0.923026, -0.0429884], 
 261: [-0.38233, 0.923025, -0.0429883], 
 262: [-0.382167, 0.922634, -0.051905], 
 263: [0.382561, 0.923583, -0.0253148], 
 264: [-0.382561, 0.923583, -0.0253149], 
 265: [-0.38233, 0.923025, -0.0429884], 
 266: [0.38233, 0.923025, -0.0429884], 
 267: [0.38233, 0.923025, -0.0429884], 
 268: [-0.382586, 0.923644, -0.0225998], 
 269: [0.382586, 0.923644, -0.0225998], 
 270: [0.382443, 0.9233, -0.0354087], 
 271: [-0.382443, 0.9233, -0.0354087], 
 272: [-0.382443, 0.9233, -0.0354087], 
 273: [-0.382256, 0.922847, -0.0472714], 
 274: [0.382256, 0.922847, -0.0472714], 
 275: [0.382167, 0.922634, -0.051905], 
 276: [-0.382167, 0.922634, -0.051905], 
 277: [-0.382168, 0.922634, -0.0519049], 
 278: [0.382256, 0.922847, -0.0472714], 
 279: [-0.382256, 0.922847, -0.0472714], 
 280: [-0.382443, 0.9233, -0.0354087], 
 281: [0.382444, 0.9233, -0.0354087], 
 282: [0.382443, 0.9233, -0.0354086], 
 283: [0.382658, 0.923817, 0.0116177], 
 284: [0.382673, 0.923855, -0.00731172], 
 285: [-0.382673, 0.923855, -0.00731166], 
 286: [-0.382673, 0.923855, -0.00731173], 
 287: [-0.382658, 0.923817, 0.0116177], 
 288: [0.382586, 0.923644, -0.0225998], 
 289: [-0.382586, 0.923644, -0.0225997], 
 290: [-0.382673, 0.923855, -0.00731166], 
 291: [0.382673, 0.923855, -0.00731172], 
 292: [0.382673, 0.923855, -0.00731174], 
 293: [0.38179, 0.921722, 0.0683007], 
 294: [0.382316, 0.922992, 0.0438113], 
 295: [-0.382316, 0.922992, 0.0438114], 
 296: [-0.382316, 0.922992, 0.0438114], 
 297: [-0.38179, 0.921722, 0.0683008], 
 298: [0.382529, 0.923506, 0.0284173], 
 299: [0.382658, 0.923817, 0.0116177], 
 300: [-0.382658, 0.923817, 0.0116177], 
 301: [-0.382658, 0.923817, 0.0116177], 
 302: [-0.382529, 0.923506, 0.0284172], 
 303: [0.382316, 0.922992, 0.0438113], 
 304: [0.382529, 0.923506, 0.0284173], 
 305: [-0.382529, 0.923506, 0.0284172], 
 306: [-0.382529, 0.923506, 0.0284172], 
 307: [-0.382316, 0.922993, 0.0438114], 
 308: [0.00950082, 0.0229372, 0.999692], 
 309: [0.211123, 0.509691, 0.834052], 
 310: [-0.211123, 0.509691, 0.834052], 
 311: [-0.211116, 0.509692, 0.834053], 
 312: [-0.00950421, 0.0229372, 0.999692], 
 313: [0.376813, 0.909709, 0.174477], 
 314: [0.38179, 0.921722, 0.0683007], 
 315: [-0.38179, 0.921722, 0.0683008], 
 316: [-0.38179, 0.921722, 0.0683008], 
 317: [-0.376815, 0.909708, 0.174476], 
 318: [0.211123, 0.509691, 0.834052], 
 319: [0.376813, 0.909709, 0.174477], 
 320: [-0.376815, 0.909708, 0.174476], 
 321: [-0.376813, 0.909708, 0.174478], 
 322: [-0.211123, 0.50969, 0.834052], 
 323: [-0.00950421, 0.0229372, 0.999692], 
 324: [-0.0095025, 0.0229445, 0.999692]]
Texture Coordinates
[0: [0.568389, 0.474911],
1: [0.253977, 0.474911],
2: [0.253977, 0.163276],
3: [0.0866353, 0.474911],
4: [0.0866352, 0.163276],
5: [0.0866352, 0.0230395],
6: [0.0866353, 0.55282],
7: [0.04439, 0.474911],
8: [0.04439, 0.55282],
9: [0.04439, 0.0230395],
10: [0.0866353, 0.0853667],
11: [0.04439, 0.0853667],
12: [0.04439, 0.163276],
13: [0.253977, 0.630729],
14: [0.141414, 0.474911],
15: [0.141414, 0.630729],
16: [0.141414, 0.55282],
17: [0.253977, 0.55282],
18: [0.198008, 0.474911],
19: [0.198008, 0.55282],
20: [0.198008, 0.0230395],
21: [0.141414, 0.163276],
22: [0.141414, 0.0853667],
23: [0.253977, 0.0853667],
24: [0.198008, 0.0853667],
25: [0.198008, 0.163276],
26: [0.0866353, 0.319093],
27: [0.0866353, 0.241185],
28: [0.04439, 0.241185],
29: [0.04439, 0.319093],
30: [0.0274664, 0.319093],
31: [0.0866353, 0.397002],
32: [0.04439, 0.397002],
33: [0.253977, 0.319093],
34: [0.141414, 0.319093],
35: [0.141414, 0.241185],
36: [0.253977, 0.241184],
37: [0.198008, 0.241185],
38: [0.198008, 0.319093],
39: [0.141414, 0.397002],
40: [0.253977, 0.397002],
41: [0.198008, 0.397002],
42: [0.568389, 0.163276],
43: [0.363482, 0.474911],
44: [0.363482, 0.163276],
45: [0.363482, 0.0230395],
46: [0.363482, 0.55282],
47: [0.308952, 0.474911],
48: [0.308952, 0.55282],
49: [0.308952, 0.0230395],
50: [0.363482, 0.0853667],
51: [0.308952, 0.0853667],
52: [0.308952, 0.163276],
53: [0.568389, 0.630729],
54: [0.421797, 0.474911],
55: [0.421797, 0.630729],
56: [0.421797, 0.55282],
57: [0.568389, 0.55282],
58: [0.489042, 0.474911],
59: [0.489042, 0.55282],
60: [0.489042, 0.0230395],
61: [0.421797, 0.163276],
62: [0.421797, 0.0853667],
63: [0.568389, 0.0853667],
64: [0.489042, 0.0853667],
65: [0.489042, 0.163276],
66: [0.363482, 0.319093],
67: [0.363482, 0.241185],
68: [0.308952, 0.241184],
69: [0.308952, 0.319093],
70: [0.363482, 0.397002],
71: [0.308952, 0.397002],
72: [0.568389, 0.319093],
73: [0.421797, 0.319093],
74: [0.421797, 0.241184],
75: [0.568389, 0.241184],
76: [0.489042, 0.241184],
77: [0.489042, 0.319093],
78: [0.421797, 0.397002],
79: [0.568389, 0.397002],
80: [0.489042, 0.397002],
81: [0.94215, 0.474911],
82: [0.94215, 0.163276],
83: [0.742409, 0.474911],
84: [0.742409, 0.163276],
85: [0.742409, 0.0230395],
86: [0.742409, 0.55282],
87: [0.655087, 0.474911],
88: [0.655087, 0.55282],
89: [0.655087, 0.0230395],
90: [0.742409, 0.0853666],
91: [0.655087, 0.0853667],
92: [0.655087, 0.163276],
93: [0.94215, 0.0230394],
94: [0.823674, 0.474911],
95: [0.823674, 0.0230395],
96: [0.823674, 0.55282],
97: [0.94215, 0.55282],
98: [0.8924, 0.474911],
99: [0.8924, 0.55282],
100: [0.8924, 0.0230394],
101: [0.823674, 0.163276],
102: [0.823674, 0.0853666],
103: [0.94215, 0.0853666],
104: [0.8924, 0.0853666],
105: [0.8924, 0.163276],
106: [0.742409, 0.319093],
107: [0.742409, 0.241184],
108: [0.655087, 0.241184],
109: [0.655087, 0.319093],
110: [0.742409, 0.397002],
111: [0.655087, 0.397002],
112: [0.94215, 0.319093],
113: [0.823674, 0.319093],
114: [0.823674, 0.241184],
115: [0.94215, 0.241184],
116: [0.8924, 0.241184],
117: [0.8924, 0.319093],
118: [0.823674, 0.397002],
119: [0.94215, 0.397002],
120: [0.8924, 0.397002],
121: [0.980267, 0.474911],
122: [0.980267, 0.163276],
123: [0.980267, 0.0230394],
124: [0.968973, 0.474911],
125: [0.968973, 0.0230394],
126: [0.968973, 0.55282],
127: [0.980267, 0.55282],
128: [0.978855, 0.474911],
129: [0.978855, 0.55282],
130: [0.978855, 0.0230394],
131: [0.968973, 0.163276],
132: [0.968973, 0.0853666],
133: [0.980267, 0.0853666],
134: [0.978855, 0.0853666],
135: [0.978855, 0.163276],
136: [0.0802049, 0.933358],
137: [0.116168, 0.969322],
138: [0.0907384, 0.958788],
139: [0.0911974, 0.933358],
140: [0.0985112, 0.951015],
141: [0.116168, 0.958329],
142: [0.152132, 0.933358],
143: [0.141599, 0.958788],
144: [0.133826, 0.951015],
145: [0.14114, 0.933358],
146: [0.980267, 0.319093],
147: [0.968973, 0.319093],
148: [0.968973, 0.241184],
149: [0.980267, 0.241184],
150: [0.978855, 0.241184],
151: [0.978855, 0.319093],
152: [0.968973, 0.397002],
153: [0.980267, 0.397002],
154: [0.978855, 0.397002],
155: [0.116168, 0.897395],
156: [0.141599, 0.907928],
157: [0.133826, 0.915701],
158: [0.116168, 0.908387],
159: [0.0907384, 0.907928],
160: [0.116168, 0.933358],
161: [0.0985112, 0.915701],
162: [0.0309807, 0.761687],
163: [0.312778, 0.81187],
164: [0.575275, 0.908376],
165: [0.779868, 0.977861],
166: [0.903395, 0.977861],
167: [0.969019, 0.927678],
168: [0.934277, 0.854333],
169: [0.864793, 0.769408],
170: [0.0309807, 0.761687],
171: [0.312778, 0.81187],
172: [0.575275, 0.908376],
173: [0.779868, 0.977861],
174: [0.903395, 0.977861],
175: [0.969019, 0.927678],
176: [0.934277, 0.854333],
177: [0.864793, 0.769408],
178: [0.0309807, 0.761687],
179: [0.312778, 0.81187],
180: [0.575275, 0.908376],
181: [0.779868, 0.977861],
182: [0.903395, 0.977861],
183: [0.969019, 0.927678],
184: [0.934277, 0.854333],
185: [0.864793, 0.769408],
186: [0.0309807, 0.761687],
187: [0.312778, 0.81187],
188: [0.575275, 0.908376],
189: [0.779868, 0.977861],
190: [0.903395, 0.977861],
191: [0.969019, 0.927678],
192: [0.934277, 0.854333],
193: [0.864793, 0.769408],
194: [0.0309807, 0.761687],
195: [0.312778, 0.81187],
196: [0.575275, 0.908376],
197: [0.779868, 0.977861],
198: [0.903395, 0.977861],
199: [0.969019, 0.927678],
200: [0.934277, 0.854333],
201: [0.864793, 0.769408],
202: [0.0309807, 0.761687],
203: [0.312778, 0.81187],
204: [0.575275, 0.908376],
205: [0.779868, 0.977861],
206: [0.903395, 0.977861],
207: [0.969019, 0.927678],
208: [0.934277, 0.854333],
209: [0.864793, 0.769408],
210: [0.0309807, 0.761687],
211: [0.312778, 0.81187],
212: [0.575275, 0.908376],
213: [0.779868, 0.977861],
214: [0.903395, 0.977861],
215: [0.969019, 0.927678],
216: [0.934277, 0.854333],
217: [0.864793, 0.769408],
218: [0.0309807, 0.761687],
219: [0.312778, 0.81187],
220: [0.575275, 0.908376],
221: [0.779868, 0.977861],
222: [0.903395, 0.977861],
223: [0.969019, 0.927678],
224: [0.934277, 0.854333],
225: [0.864793, 0.769408],
226: [0.98037, 0.55282],
227: [0.98037, 0.0230394],
228: [0.98037, 0.474911],
229: [0.98037, 0.0853666],
230: [0.98037, 0.163276],
231: [0.98037, 0.241184],
232: [0.98037, 0.319093],
233: [0.98037, 0.397002],
234: [0.0866352, 0.0230395],
235: [0.0866352, 0.0230395],
236: [0.0866353, 0.630729],
237: [0.0866353, 0.630729],
238: [0.0866353, 0.630729],
239: [0.04439, 0.0230395],
240: [0.04439, 0.0230395],
241: [0.04439, 0.0230395],
242: [0.04439, 0.630729],
243: [0.253977, 0.630729],
244: [0.253977, 0.0230395],
245: [0.253977, 0.0230395],
246: [0.253977, 0.630729],
247: [0.253977, 0.630729],
248: [0.141414, 0.630729],
249: [0.141414, 0.0230395],
250: [0.141414, 0.0230395],
251: [0.141414, 0.630729],
252: [0.141414, 0.630729],
253: [0.198008, 0.0230395],
254: [0.198008, 0.630729],
255: [0.198008, 0.630729],
256: [0.198008, 0.0230395],
257: [0.198008, 0.0230395],
258: [0.363482, 0.0230395],
259: [0.363482, 0.0230395],
260: [0.363482, 0.630729],
261: [0.363482, 0.630729],
262: [0.363482, 0.630729],
263: [0.308952, 0.0230395],
264: [0.308952, 0.630729],
265: [0.308952, 0.630729],
266: [0.308952, 0.0230395],
267: [0.308952, 0.0230395],
268: [0.568389, 0.630729],
269: [0.568389, 0.0230395],
270: [0.568389, 0.0230395],
271: [0.568389, 0.630729],
272: [0.568389, 0.630729],
273: [0.421797, 0.630729],
274: [0.421797, 0.0230395],
275: [0.421797, 0.0230395],
276: [0.421797, 0.630729],
277: [0.421797, 0.630729],
278: [0.489042, 0.0230395],
279: [0.489043, 0.630729],
280: [0.489043, 0.630729],
281: [0.489042, 0.0230395],
282: [0.489042, 0.0230395],
283: [0.742409, 0.0230395],
284: [0.742409, 0.0230395],
285: [0.742409, 0.630729],
286: [0.742409, 0.630729],
287: [0.742409, 0.630729],
288: [0.655087, 0.0230395],
289: [0.655087, 0.630729],
290: [0.655087, 0.630729],
291: [0.655087, 0.0230395],
292: [0.655087, 0.0230395],
293: [0.94215, 0.0230394],
294: [0.94215, 0.0230394],
295: [0.94215, 0.630729],
296: [0.94215, 0.630729],
297: [0.94215, 0.630729],
298: [0.823674, 0.0230395],
299: [0.823674, 0.0230395],
300: [0.823674, 0.630729],
301: [0.823674, 0.630729],
302: [0.823674, 0.630729],
303: [0.8924, 0.0230394],
304: [0.8924, 0.0230394],
305: [0.8924, 0.630729],
306: [0.8924, 0.630729],
307: [0.8924, 0.630729],
308: [0.980267, 0.0230394],
309: [0.980267, 0.0230394],
310: [0.980267, 0.630729],
311: [0.980267, 0.630729],
312: [0.980267, 0.630729],
313: [0.968973, 0.0230394],
314: [0.968973, 0.0230394],
315: [0.968973, 0.630729],
316: [0.968973, 0.630729],
317: [0.968973, 0.630729],
318: [0.978855, 0.0230394],
319: [0.978855, 0.0230394],
320: [0.978855, 0.630729],
321: [0.978855, 0.630729],
322: [0.978855, 0.630729],
323: [0.98037, 0.630729],
324: [0.98037, 0.630729]]
