Name: light_missile
Transform: [0, 0, 0]
Rotation: [0, 0, 0, 1]
Scale: [1, 1, 1]
LOD: 0
Animation data
[]
[]
[]
SubObjects: [ ]
Shading Data:
Diffuse_Color: [0.8, 0.8, 0.8, 1]
Ambient: [0, 0, 0, 0]
Emmision_Color: [0, 0, 0, 0]
Specular_Color: [0.31624, 0.31624, 0.31624, 0]
Shininess: 4.514
Texture: light_missile
Number of Vertices: 271
[0: [-0.0302086, -0.00529473, -0.583073, 1], 
 1: [-0.0998223, -0.00529473, -0.528929, 1], 
 2: [-0.126894, -0.00529473, -0.45158, 1], 
 3: [-0.142364, -0.00529473, -0.354895, 1], 
 4: [-0.061148, -0.00529473, -0.405171, 1], 
 5: [-0.0302086, 0.00651598, -0.583073, 1], 
 6: [-0.0998223, 0.00651598, -0.528929, 1], 
 7: [-0.126894, 0.00651598, -0.45158, 1], 
 8: [-0.142364, 0.00651598, -0.354895, 1], 
 9: [-0.061148, 0.00651598, -0.405171, 1], 
 10: [-0.0740037, -0.00794895, 0.125559, 1], 
 11: [-0.141144, -0.00794895, 0.346003, 1], 
 12: [-0.199155, -0.00794895, 0.504567, 1], 
 13: [-0.245564, -0.00794895, 0.616723, 1], 
 14: [-0.245564, -0.00794895, 0.647662, 1], 
 15: [-0.0869998, -0.00794895, 0.659264, 1], 
 16: [-0.0740037, 0.00856554, 0.125559, 1], 
 17: [-0.141144, 0.00856554, 0.346003, 1], 
 18: [-0.199155, 0.00856554, 0.504567, 1], 
 19: [-0.245564, 0.00856554, 0.616723, 1], 
 20: [-0.245564, 0.00856554, 0.647662, 1], 
 21: [-0.0869998, 0.00856554, 0.659264, 1], 
 22: [-0.0679946, -4.68375e-018, -0.0407414, 1], 
 23: [-0.0653316, -3.1225e-018, -0.699772, 1], 
 24: [0.0653316, 3.1225e-017, -0.699772, 1], 
 25: [-0.0617166, -3.1225e-018, -0.838772, 1], 
 26: [0.0617166, 3.1225e-017, -0.838772, 1], 
 27: [-0.0308583, 0.0534481, -0.838772, 1], 
 28: [-0.0405363, -3.90313e-018, -0.901371, 1], 
 29: [-0.0202682, 0.0351055, -0.901371, 1], 
 30: [0.0308583, 0.0534481, -0.838772, 1], 
 31: [0.0202682, 0.0351055, -0.901371, 1], 
 32: [0.0405363, 2.18575e-017, -0.901371, 1], 
 33: [-0.0326658, 0.0565788, -0.699772, 1], 
 34: [-0.0671777, -3.1225e-018, -0.773731, 1], 
 35: [-0.0335889, 0.0581776, -0.773731, 1], 
 36: [0.0326658, 0.0565788, -0.699772, 1], 
 37: [0.0335889, 0.0581776, -0.773731, 1], 
 38: [0.0671777, 3.43475e-017, -0.773731, 1], 
 39: [0.0308583, -0.0534481, -0.838772, 1], 
 40: [0.0202682, -0.0351055, -0.901371, 1], 
 41: [0, 0, -0.93106, 1], 
 42: [-0.0308583, -0.0534481, -0.838772, 1], 
 43: [-0.0202682, -0.0351055, -0.901371, 1], 
 44: [0.0326658, -0.0565788, -0.699772, 1], 
 45: [0.0335889, -0.0581776, -0.773731, 1], 
 46: [-0.0326658, -0.0565788, -0.699772, 1], 
 47: [-0.0335889, -0.0581776, -0.773731, 1], 
 48: [0.0679946, 3.59088e-017, -0.0407414, 1], 
 49: [-0.0637995, -3.1225e-018, -0.469188, 1], 
 50: [0.0637995, 3.1225e-017, -0.469188, 1], 
 51: [-0.0318998, 0.055252, -0.469188, 1], 
 52: [-0.063991, -4.68375e-018, -0.602053, 1], 
 53: [-0.0319955, 0.0554179, -0.602053, 1], 
 54: [0.0318998, 0.055252, -0.469188, 1], 
 55: [0.0319955, 0.0554179, -0.602053, 1], 
 56: [0.063991, 3.1225e-017, -0.602053, 1], 
 57: [-0.0339973, 0.058885, -0.0407414, 1], 
 58: [-0.0639578, -3.1225e-018, -0.301765, 1], 
 59: [-0.0319789, 0.0553891, -0.301765, 1], 
 60: [-0.065066, -4.68375e-018, -0.144789, 1], 
 61: [-0.032533, 0.0563488, -0.144789, 1], 
 62: [0.0639578, 3.27863e-017, -0.301765, 1], 
 63: [0.0319789, 0.0553891, -0.301765, 1], 
 64: [0.0339973, 0.058885, -0.0407414, 1], 
 65: [0.032533, 0.0563488, -0.144789, 1], 
 66: [0.065066, 3.1225e-017, -0.144789, 1], 
 67: [0.0318998, -0.055252, -0.469188, 1], 
 68: [0.0319955, -0.0554179, -0.602053, 1], 
 69: [-0.0318998, -0.055252, -0.469188, 1], 
 70: [-0.0319955, -0.0554179, -0.602053, 1], 
 71: [0.0339973, -0.058885, -0.0407414, 1], 
 72: [0.0319789, -0.0553891, -0.301765, 1], 
 73: [0.032533, -0.0563488, -0.144789, 1], 
 74: [-0.0319789, -0.0553891, -0.301765, 1], 
 75: [-0.0339973, -0.058885, -0.0407414, 1], 
 76: [-0.032533, -0.0563488, -0.144789, 1], 
 77: [-0.0899382, -9.36751e-018, 0.379946, 1], 
 78: [0.0899382, 5.30825e-017, 0.379946, 1], 
 79: [-0.080738, -4.68375e-018, 0.0774068, 1], 
 80: [0.080738, 4.05925e-017, 0.0774068, 1], 
 81: [-0.040369, 0.0699212, 0.0774068, 1], 
 82: [-0.0732978, -6.245e-018, 0.0224279, 1], 
 83: [-0.0366489, 0.0634777, 0.0224279, 1], 
 84: [0.040369, 0.0699212, 0.0774068, 1], 
 85: [0.0366489, 0.0634777, 0.0224279, 1], 
 86: [0.0732978, 3.90313e-017, 0.0224279, 1], 
 87: [-0.0449691, 0.0778888, 0.379946, 1], 
 88: [-0.0872285, -1.56125e-017, 0.184911, 1], 
 89: [-0.0436142, 0.0755421, 0.184911, 1], 
 90: [0.0449691, 0.0778888, 0.379946, 1], 
 91: [0.0436142, 0.0755421, 0.184911, 1], 
 92: [0.0872285, 4.68375e-017, 0.184911, 1], 
 93: [0.040369, -0.0699212, 0.0774068, 1], 
 94: [0.0366489, -0.0634777, 0.0224279, 1], 
 95: [-0.040369, -0.0699212, 0.0774068, 1], 
 96: [-0.0366489, -0.0634777, 0.0224279, 1], 
 97: [0.0449691, -0.0778888, 0.379946, 1], 
 98: [0.0436142, -0.0755421, 0.184911, 1], 
 99: [-0.0449691, -0.0778888, 0.379946, 1], 
 100: [-0.0436142, -0.0755421, 0.184911, 1], 
 101: [-0.0886685, -9.36751e-018, 0.649268, 1], 
 102: [0.0886685, 4.05925e-017, 0.649268, 1], 
 103: [-0.0443343, 0.0767892, 0.649268, 1], 
 104: [-0.0899096, -1.249e-017, 0.56664, 1], 
 105: [-0.0449548, 0.077864, 0.56664, 1], 
 106: [0.0443343, 0.0767892, 0.649268, 1], 
 107: [0.0449548, 0.077864, 0.56664, 1], 
 108: [0.0899096, 4.996e-017, 0.56664, 1], 
 109: [-0.085801, -1.249e-017, 0.663563, 1], 
 110: [-0.0429005, 0.0743059, 0.663563, 1], 
 111: [-0.0714593, -6.245e-018, 0.666275, 1], 
 112: [-0.0357297, 0.0618856, 0.666275, 1], 
 113: [0.085801, 4.3715e-017, 0.663563, 1], 
 114: [0.0429005, 0.0743059, 0.663563, 1], 
 115: [0.0357297, 0.0618856, 0.666275, 1], 
 116: [0.0714593, 3.747e-017, 0.666275, 1], 
 117: [0.0443343, -0.0767892, 0.649268, 1], 
 118: [0.0449548, -0.077864, 0.56664, 1], 
 119: [-0.0443343, -0.0767892, 0.649268, 1], 
 120: [-0.0449548, -0.077864, 0.56664, 1], 
 121: [0.0429005, -0.0743059, 0.663563, 1], 
 122: [0.0357297, -0.0618856, 0.666275, 1], 
 123: [-0.0429005, -0.0743059, 0.663563, 1], 
 124: [0, 0, 0.666781, 1], 
 125: [-0.0357297, -0.0618856, 0.666275, 1], 
 126: [0.00529473, -0.0302086, -0.583073, 1], 
 127: [0.00529473, -0.0998223, -0.528929, 1], 
 128: [0.00529473, -0.126894, -0.45158, 1], 
 129: [0.00529473, -0.142364, -0.354895, 1], 
 130: [0.00529473, -0.061148, -0.405171, 1], 
 131: [-0.00651598, -0.0302086, -0.583073, 1], 
 132: [-0.00651598, -0.0998223, -0.528929, 1], 
 133: [-0.00651598, -0.126894, -0.45158, 1], 
 134: [-0.00651598, -0.142364, -0.354895, 1], 
 135: [-0.00651598, -0.061148, -0.405171, 1], 
 136: [0.0060971, -0.0758555, 0.125559, 1], 
 137: [0.0060971, -0.142996, 0.346003, 1], 
 138: [0.0060971, -0.201007, 0.504567, 1], 
 139: [0.0060971, -0.247416, 0.616723, 1], 
 140: [0.0060971, -0.247416, 0.647662, 1], 
 141: [0.0060971, -0.0888516, 0.659264, 1], 
 142: [-0.0104174, -0.0758555, 0.125559, 1], 
 143: [-0.0104174, -0.142996, 0.346003, 1], 
 144: [-0.0104174, -0.201007, 0.504567, 1], 
 145: [-0.0104174, -0.247416, 0.616723, 1], 
 146: [-0.0104174, -0.247416, 0.647662, 1], 
 147: [-0.0104174, -0.0888516, 0.659264, 1], 
 148: [0.0302086, 0.00529473, -0.583073, 1], 
 149: [0.0998223, 0.00529473, -0.528929, 1], 
 150: [0.126894, 0.00529473, -0.45158, 1], 
 151: [0.142364, 0.00529473, -0.354895, 1], 
 152: [0.061148, 0.00529473, -0.405171, 1], 
 153: [0.0302086, -0.00651598, -0.583073, 1], 
 154: [0.0998223, -0.00651598, -0.528929, 1], 
 155: [0.126894, -0.00651598, -0.45158, 1], 
 156: [0.142364, -0.00651598, -0.354895, 1], 
 157: [0.061148, -0.00651598, -0.405171, 1], 
 158: [0.0740037, 0.00424525, 0.125559, 1], 
 159: [0.141144, 0.00424525, 0.346003, 1], 
 160: [0.199155, 0.00424525, 0.504567, 1], 
 161: [0.245564, 0.00424525, 0.616723, 1], 
 162: [0.245564, 0.00424525, 0.647662, 1], 
 163: [0.0869998, 0.00424525, 0.659264, 1], 
 164: [0.0740037, -0.0122692, 0.125559, 1], 
 165: [0.141144, -0.0122692, 0.346003, 1], 
 166: [0.199155, -0.0122692, 0.504567, 1], 
 167: [0.245564, -0.0122692, 0.616723, 1], 
 168: [0.245564, -0.0122692, 0.647662, 1], 
 169: [0.0869998, -0.0122692, 0.659264, 1], 
 170: [-0.00529473, 0.0302086, -0.583073, 1], 
 171: [-0.00529473, 0.0998223, -0.528929, 1], 
 172: [-0.00529473, 0.126894, -0.45158, 1], 
 173: [-0.00529473, 0.142364, -0.354895, 1], 
 174: [-0.00529473, 0.061148, -0.405171, 1], 
 175: [0.00651598, 0.0302086, -0.583073, 1], 
 176: [0.00651598, 0.0998223, -0.528929, 1], 
 177: [0.00651598, 0.126894, -0.45158, 1], 
 178: [0.00651598, 0.142364, -0.354895, 1], 
 179: [0.00651598, 0.061148, -0.405171, 1], 
 180: [-0.0060971, 0.0721518, 0.125559, 1], 
 181: [-0.0060971, 0.139292, 0.346003, 1], 
 182: [-0.0060971, 0.197303, 0.504567, 1], 
 183: [-0.0060971, 0.243712, 0.616723, 1], 
 184: [-0.0060971, 0.243712, 0.647662, 1], 
 185: [-0.0060971, 0.0851479, 0.659264, 1], 
 186: [0.0104174, 0.0721518, 0.125559, 1], 
 187: [0.0104174, 0.139292, 0.346003, 1], 
 188: [0.0104174, 0.197303, 0.504567, 1], 
 189: [0.0104174, 0.243712, 0.616723, 1], 
 190: [0.0104174, 0.243712, 0.647662, 1], 
 191: [0.0104174, 0.0851479, 0.659264, 1], 
 192: [0.0308583, 0.0534481, -0.838772, 1], 
 193: [0.0308583, 0.0534481, -0.838772, 1], 
 194: [0.0308583, 0.0534481, -0.838772, 1], 
 195: [0.0308583, 0.0534481, -0.838772, 1], 
 196: [0.0308583, 0.0534481, -0.838772, 1], 
 197: [0.0202682, 0.0351055, -0.901371, 1], 
 198: [0.0202682, 0.0351055, -0.901371, 1], 
 199: [0.0202682, 0.0351055, -0.901371, 1], 
 200: [0.0202682, 0.0351055, -0.901371, 1], 
 201: [0.0326658, 0.0565788, -0.699772, 1], 
 202: [0.0326658, 0.0565788, -0.699772, 1], 
 203: [0.0326658, 0.0565788, -0.699772, 1], 
 204: [0.0326658, 0.0565788, -0.699772, 1], 
 205: [0.0326658, 0.0565788, -0.699772, 1], 
 206: [0.0335889, 0.0581776, -0.773731, 1], 
 207: [0.0335889, 0.0581776, -0.773731, 1], 
 208: [0.0335889, 0.0581776, -0.773731, 1], 
 209: [0.0335889, 0.0581776, -0.773731, 1], 
 210: [0.0335889, 0.0581776, -0.773731, 1], 
 211: [0.0318998, 0.055252, -0.469188, 1], 
 212: [0.0318998, 0.055252, -0.469188, 1], 
 213: [0.0318998, 0.055252, -0.469188, 1], 
 214: [0.0318998, 0.055252, -0.469188, 1], 
 215: [0.0319955, 0.0554179, -0.602053, 1], 
 216: [0.0319955, 0.0554179, -0.602053, 1], 
 217: [0.0319955, 0.0554179, -0.602053, 1], 
 218: [0.0319955, 0.0554179, -0.602053, 1], 
 219: [0.0319955, 0.0554179, -0.602053, 1], 
 220: [0.0319789, 0.0553891, -0.301765, 1], 
 221: [0.0319789, 0.0553891, -0.301765, 1], 
 222: [0.0319789, 0.0553891, -0.301765, 1], 
 223: [0.0319789, 0.0553891, -0.301765, 1], 
 224: [0.0319789, 0.0553891, -0.301765, 1], 
 225: [0.0319789, 0.0553891, -0.301765, 1], 
 226: [0.0339973, 0.058885, -0.0407414, 1], 
 227: [0.0339973, 0.058885, -0.0407414, 1], 
 228: [0.0339973, 0.058885, -0.0407414, 1], 
 229: [0.0339973, 0.058885, -0.0407414, 1], 
 230: [0.0339973, 0.058885, -0.0407414, 1], 
 231: [0.032533, 0.0563488, -0.144789, 1], 
 232: [0.032533, 0.0563488, -0.144789, 1], 
 233: [0.032533, 0.0563488, -0.144789, 1], 
 234: [0.032533, 0.0563488, -0.144789, 1], 
 235: [0.032533, 0.0563488, -0.144789, 1], 
 236: [0.040369, 0.0699212, 0.0774068, 1], 
 237: [0.040369, 0.0699212, 0.0774068, 1], 
 238: [0.040369, 0.0699212, 0.0774068, 1], 
 239: [0.040369, 0.0699212, 0.0774068, 1], 
 240: [0.040369, 0.0699212, 0.0774068, 1], 
 241: [0.0366489, 0.0634777, 0.0224279, 1], 
 242: [0.0366489, 0.0634777, 0.0224279, 1], 
 243: [0.0366489, 0.0634777, 0.0224279, 1], 
 244: [0.0366489, 0.0634777, 0.0224279, 1], 
 245: [0.0366489, 0.0634777, 0.0224279, 1], 
 246: [0.0449691, 0.0778888, 0.379946, 1], 
 247: [0.0449691, 0.0778888, 0.379946, 1], 
 248: [0.0449691, 0.0778888, 0.379946, 1], 
 249: [0.0449691, 0.0778888, 0.379946, 1], 
 250: [0.0449691, 0.0778888, 0.379946, 1], 
 251: [0.0436142, 0.0755421, 0.184911, 1], 
 252: [0.0436142, 0.0755421, 0.184911, 1], 
 253: [0.0436142, 0.0755421, 0.184911, 1], 
 254: [0.0436142, 0.0755421, 0.184911, 1], 
 255: [0.0436142, 0.0755421, 0.184911, 1], 
 256: [0.0443343, 0.0767892, 0.649268, 1], 
 257: [0.0443343, 0.0767892, 0.649268, 1], 
 258: [0.0443343, 0.0767892, 0.649268, 1], 
 259: [0.0443343, 0.0767892, 0.649268, 1], 
 260: [0.0443343, 0.0767892, 0.649268, 1], 
 261: [0.0449548, 0.077864, 0.56664, 1], 
 262: [0.0449548, 0.077864, 0.56664, 1], 
 263: [0.0449548, 0.077864, 0.56664, 1], 
 264: [0.0449548, 0.077864, 0.56664, 1], 
 265: [0.0449548, 0.077864, 0.56664, 1], 
 266: [0.0429005, 0.0743059, 0.663563, 1], 
 267: [0.0429005, 0.0743059, 0.663563, 1], 
 268: [0.0429005, 0.0743059, 0.663563, 1], 
 269: [0.0429005, 0.0743059, 0.663563, 1], 
 270: [0.0429005, 0.0743059, 0.663563, 1]]
Number of polygons: 348
Polygon Connection List
[0: [8, 9, 7], 
1: [5, 6, 9], 
2: [6, 7, 9], 
3: [3, 2, 4], 
4: [0, 4, 1], 
5: [4, 2, 1], 
6: [0, 1, 5], 
7: [1, 6, 5], 
8: [1, 2, 6], 
9: [2, 7, 6], 
10: [2, 3, 7], 
11: [3, 8, 7], 
12: [3, 4, 8], 
13: [4, 9, 8], 
14: [4, 0, 9], 
15: [0, 5, 9], 
16: [20, 21, 19], 
17: [16, 17, 21], 
18: [17, 18, 21], 
19: [18, 19, 21], 
20: [14, 13, 15], 
21: [10, 15, 11], 
22: [11, 15, 12], 
23: [15, 13, 12], 
24: [10, 11, 16], 
25: [11, 17, 16], 
26: [11, 12, 17], 
27: [12, 18, 17], 
28: [12, 13, 18], 
29: [13, 19, 18], 
30: [13, 14, 19], 
31: [14, 20, 19], 
32: [14, 15, 20], 
33: [15, 21, 20], 
34: [15, 10, 21], 
35: [10, 16, 21], 
36: [124, 111, 125], 
37: [75, 22, 76], 
38: [22, 60, 76], 
39: [34, 47, 23], 
40: [46, 23, 47], 
41: [38, 210, 24], 
42: [202, 24, 209], 
43: [194, 26, 31], 
44: [26, 32, 197], 
45: [25, 27, 28], 
46: [28, 27, 29], 
47: [41, 28, 29], 
48: [27, 196, 29], 
49: [195, 200, 29], 
50: [199, 41, 29], 
51: [32, 41, 198], 
52: [34, 23, 35], 
53: [23, 33, 35], 
54: [34, 35, 25], 
55: [25, 35, 27], 
56: [208, 35, 203], 
57: [33, 204, 35], 
58: [207, 30, 35], 
59: [192, 27, 35], 
60: [38, 26, 37], 
61: [26, 193, 206], 
62: [25, 28, 42], 
63: [28, 43, 42], 
64: [26, 39, 32], 
65: [32, 39, 40], 
66: [41, 32, 40], 
67: [39, 42, 40], 
68: [40, 42, 43], 
69: [41, 40, 43], 
70: [28, 41, 43], 
71: [45, 38, 44], 
72: [24, 44, 38], 
73: [45, 39, 38], 
74: [39, 26, 38], 
75: [47, 45, 46], 
76: [44, 46, 45], 
77: [47, 42, 45], 
78: [42, 39, 45], 
79: [34, 25, 47], 
80: [25, 42, 47], 
81: [228, 48, 234], 
82: [48, 66, 235], 
83: [56, 218, 50], 
84: [214, 50, 217], 
85: [52, 49, 53], 
86: [49, 51, 53], 
87: [23, 52, 33], 
88: [52, 53, 33], 
89: [216, 53, 54], 
90: [51, 211, 53], 
91: [205, 33, 55], 
92: [215, 33, 53], 
93: [24, 36, 56], 
94: [56, 201, 219], 
95: [22, 57, 60], 
96: [60, 57, 61], 
97: [58, 59, 49], 
98: [49, 59, 51], 
99: [60, 61, 58], 
100: [58, 61, 59], 
101: [62, 50, 222], 
102: [50, 213, 223], 
103: [59, 225, 51], 
104: [212, 51, 224], 
105: [57, 230, 61], 
106: [229, 233, 61], 
107: [232, 63, 61], 
108: [220, 59, 61], 
109: [66, 62, 65], 
110: [62, 221, 231], 
111: [52, 70, 49], 
112: [49, 70, 69], 
113: [56, 50, 68], 
114: [50, 67, 68], 
115: [44, 24, 68], 
116: [24, 56, 68], 
117: [68, 67, 70], 
118: [67, 69, 70], 
119: [46, 44, 70], 
120: [44, 68, 70], 
121: [23, 46, 52], 
122: [52, 46, 70], 
123: [48, 71, 66], 
124: [71, 73, 66], 
125: [72, 67, 62], 
126: [67, 50, 62], 
127: [73, 72, 66], 
128: [72, 62, 66], 
129: [58, 49, 74], 
130: [49, 69, 74], 
131: [72, 74, 67], 
132: [69, 67, 74], 
133: [71, 75, 73], 
134: [75, 76, 73], 
135: [76, 74, 73], 
136: [74, 72, 73], 
137: [60, 58, 76], 
138: [58, 74, 76], 
139: [99, 77, 100], 
140: [77, 88, 100], 
141: [247, 78, 254], 
142: [78, 92, 255], 
143: [238, 80, 244], 
144: [80, 86, 245], 
145: [79, 81, 82], 
146: [82, 81, 83], 
147: [82, 83, 22], 
148: [22, 83, 57], 
149: [81, 240, 83], 
150: [239, 243, 83], 
151: [242, 64, 83], 
152: [226, 57, 83], 
153: [86, 48, 85], 
154: [48, 227, 241], 
155: [77, 87, 88], 
156: [88, 87, 89], 
157: [88, 89, 79], 
158: [79, 89, 81], 
159: [87, 249, 89], 
160: [248, 253, 89], 
161: [252, 84, 89], 
162: [236, 81, 89], 
163: [92, 80, 91], 
164: [80, 237, 251], 
165: [79, 82, 95], 
166: [82, 96, 95], 
167: [80, 93, 86], 
168: [86, 93, 94], 
169: [86, 94, 48], 
170: [71, 48, 94], 
171: [93, 95, 94], 
172: [94, 95, 96], 
173: [94, 96, 71], 
174: [75, 71, 96], 
175: [82, 22, 96], 
176: [22, 75, 96], 
177: [78, 97, 92], 
178: [97, 98, 92], 
179: [98, 93, 92], 
180: [93, 80, 92], 
181: [97, 99, 98], 
182: [99, 100, 98], 
183: [100, 95, 98], 
184: [95, 93, 98], 
185: [88, 79, 100], 
186: [79, 95, 100], 
187: [124, 116, 115], 
188: [108, 264, 102], 
189: [257, 102, 263], 
190: [104, 101, 105], 
191: [101, 103, 105], 
192: [77, 104, 87], 
193: [104, 105, 87], 
194: [262, 105, 258], 
195: [103, 259, 105], 
196: [250, 87, 107], 
197: [261, 87, 105], 
198: [78, 90, 108], 
199: [108, 246, 265], 
200: [111, 124, 112], 
201: [101, 109, 103], 
202: [109, 110, 103], 
203: [109, 111, 110], 
204: [111, 112, 110], 
205: [102, 106, 113], 
206: [113, 256, 267], 
207: [260, 103, 268], 
208: [103, 110, 269], 
209: [124, 115, 112], 
210: [270, 110, 115], 
211: [115, 110, 112], 
212: [113, 114, 116], 
213: [116, 266, 115], 
214: [104, 120, 101], 
215: [101, 120, 119], 
216: [108, 102, 118], 
217: [102, 117, 118], 
218: [97, 78, 118], 
219: [78, 108, 118], 
220: [118, 117, 120], 
221: [117, 119, 120], 
222: [99, 97, 120], 
223: [97, 118, 120], 
224: [77, 99, 104], 
225: [104, 99, 120], 
226: [124, 122, 116], 
227: [117, 102, 121], 
228: [121, 102, 113], 
229: [121, 113, 122], 
230: [122, 113, 116], 
231: [101, 119, 109], 
232: [109, 119, 123], 
233: [119, 117, 123], 
234: [117, 121, 123], 
235: [124, 125, 122], 
236: [123, 121, 125], 
237: [125, 121, 122], 
238: [109, 123, 111], 
239: [111, 123, 125], 
240: [134, 135, 133], 
241: [131, 132, 135], 
242: [132, 133, 135], 
243: [129, 128, 130], 
244: [126, 130, 127], 
245: [130, 128, 127], 
246: [126, 127, 131], 
247: [127, 132, 131], 
248: [127, 128, 132], 
249: [128, 133, 132], 
250: [128, 129, 133], 
251: [129, 134, 133], 
252: [129, 130, 134], 
253: [130, 135, 134], 
254: [130, 126, 135], 
255: [126, 131, 135], 
256: [146, 147, 145], 
257: [142, 143, 147], 
258: [143, 144, 147], 
259: [144, 145, 147], 
260: [140, 139, 141], 
261: [136, 141, 137], 
262: [137, 141, 138], 
263: [141, 139, 138], 
264: [136, 137, 142], 
265: [137, 143, 142], 
266: [137, 138, 143], 
267: [138, 144, 143], 
268: [138, 139, 144], 
269: [139, 145, 144], 
270: [139, 140, 145], 
271: [140, 146, 145], 
272: [140, 141, 146], 
273: [141, 147, 146], 
274: [141, 136, 147], 
275: [136, 142, 147], 
276: [156, 157, 155], 
277: [153, 154, 157], 
278: [154, 155, 157], 
279: [151, 150, 152], 
280: [148, 152, 149], 
281: [152, 150, 149], 
282: [148, 149, 153], 
283: [149, 154, 153], 
284: [149, 150, 154], 
285: [150, 155, 154], 
286: [150, 151, 155], 
287: [151, 156, 155], 
288: [151, 152, 156], 
289: [152, 157, 156], 
290: [152, 148, 157], 
291: [148, 153, 157], 
292: [168, 169, 167], 
293: [164, 165, 169], 
294: [165, 166, 169], 
295: [166, 167, 169], 
296: [162, 161, 163], 
297: [158, 163, 159], 
298: [159, 163, 160], 
299: [163, 161, 160], 
300: [158, 159, 164], 
301: [159, 165, 164], 
302: [159, 160, 165], 
303: [160, 166, 165], 
304: [160, 161, 166], 
305: [161, 167, 166], 
306: [161, 162, 167], 
307: [162, 168, 167], 
308: [162, 163, 168], 
309: [163, 169, 168], 
310: [163, 158, 169], 
311: [158, 164, 169], 
312: [178, 179, 177], 
313: [175, 176, 179], 
314: [176, 177, 179], 
315: [173, 172, 174], 
316: [170, 174, 171], 
317: [174, 172, 171], 
318: [170, 171, 175], 
319: [171, 176, 175], 
320: [171, 172, 176], 
321: [172, 177, 176], 
322: [172, 173, 177], 
323: [173, 178, 177], 
324: [173, 174, 178], 
325: [174, 179, 178], 
326: [174, 170, 179], 
327: [170, 175, 179], 
328: [190, 191, 189], 
329: [186, 187, 191], 
330: [187, 188, 191], 
331: [188, 189, 191], 
332: [184, 183, 185], 
333: [180, 185, 181], 
334: [181, 185, 182], 
335: [185, 183, 182], 
336: [180, 181, 186], 
337: [181, 187, 186], 
338: [181, 182, 187], 
339: [182, 188, 187], 
340: [182, 183, 188], 
341: [183, 189, 188], 
342: [183, 184, 189], 
343: [184, 190, 189], 
344: [184, 185, 190], 
345: [185, 191, 190], 
346: [185, 180, 191], 
347: [180, 186, 191]]
Per Vertex Normals
[0: [0.43152, -0.545743, -0.7183], 
 1: [-0.617987, -0.64868, -0.444192], 
 2: [-0.703902, -0.687636, -0.177986], 
 3: [-0.46339, -0.548841, 0.695733], 
 4: [0.646451, -0.625468, 0.43691], 
 5: [0.431519, 0.545744, -0.7183], 
 6: [-0.617987, 0.648679, -0.444192], 
 7: [-0.703902, 0.687636, -0.177986], 
 8: [-0.463389, 0.548842, 0.695732], 
 9: [0.646451, 0.625468, 0.43691], 
 10: [0.13427, -0.538202, -0.832052], 
 11: [-0.664518, -0.713358, -0.222566], 
 12: [-0.654441, -0.71182, -0.254989], 
 13: [-0.73186, -0.665754, -0.145439], 
 14: [-0.595995, -0.581289, 0.553979], 
 15: [0.549756, -0.574833, 0.606082], 
 16: [0.134271, 0.538203, -0.832051], 
 17: [-0.664518, 0.713358, -0.222566], 
 18: [-0.654441, 0.711819, -0.254989], 
 19: [-0.73186, 0.665754, -0.145439], 
 20: [-0.595995, 0.581288, 0.553979], 
 21: [0.549756, 0.574833, 0.606082], 
 22: [-0.998407, -5.42838e-008, -0.056419], 
 23: [-0.999812, 5.46699e-009, 0.0193707], 
 24: [0.999812, -5.46699e-008, 0.0193707], 
 25: [-0.980546, 1.13945e-008, -0.196291], 
 26: [0.980546, 1.13945e-007, -0.196291], 
 27: [-0.490273, 0.849178, -0.196291], 
 28: [-0.835916, 5.97283e-008, -0.548858], 
 29: [-0.417958, 0.723924, -0.548858], 
 30: [-6.20973e-009, 0.997367, -0.072524], 
 31: [0.831082, 0.479826, -0.281194], 
 32: [0.835916, -1.19457e-008, -0.548858], 
 33: [-0.499906, 0.865863, 0.0193707], 
 34: [-0.999582, -2.00842e-007, -0.0289053], 
 35: [-0.499791, 0.865664, -0.0289054], 
 36: [0.865964, 0.499964, 0.0118794], 
 37: [0.863745, 0.498683, -0.0725239], 
 38: [0.999582, 6.69473e-008, -0.0289054], 
 39: [0.490273, -0.849178, -0.196291], 
 40: [0.417958, -0.723924, -0.548858], 
 41: [-6.91456e-007, -1.56674e-008, -1], 
 42: [-0.490273, -0.849178, -0.196291], 
 43: [-0.417958, -0.723924, -0.548858], 
 44: [0.499906, -0.865863, 0.0193707], 
 45: [0.499791, -0.865664, -0.0289054], 
 46: [-0.499906, -0.865863, 0.0193707], 
 47: [-0.499791, -0.865664, -0.0289054], 
 48: [0.998407, 4.88554e-008, -0.056419], 
 49: [-1, 2.18995e-008, 0.000248001], 
 50: [1, -6.56986e-008, 0.000248001], 
 51: [-0.5, 0.866025, 0.000247999], 
 52: [-0.999971, 1.09326e-008, 0.00759406], 
 53: [-0.499986, 0.866, 0.00759408], 
 54: [-3.51055e-010, 0.999999, 0.00124821], 
 55: [7.61639e-009, 0.999929, 0.0118795], 
 56: [0.999971, -2.18653e-008, 0.00759406], 
 57: [-0.499204, 0.864646, -0.0564191], 
 58: [-0.999992, 1.09433e-008, -0.0040062], 
 59: [-0.499996, 0.866018, -0.00400621], 
 60: [-0.999844, 5.45866e-009, -0.0176577], 
 61: [-0.499922, 0.86589, -0.0176577], 
 62: [0.999992, -1.09433e-008, -0.0040062], 
 63: [1.08227e-009, 0.999981, -0.00611336], 
 64: [-1.29141e-010, 0.997367, -0.0725133], 
 65: [0.866009, 0.499991, -0.00611335], 
 66: [0.999844, -1.09173e-008, -0.0176577], 
 67: [0.5, -0.866025, 0.000248005], 
 68: [0.499986, -0.866, 0.00759407], 
 69: [-0.5, -0.866025, 0.000248006], 
 70: [-0.499985, -0.866, 0.00759408], 
 71: [0.499204, -0.864646, -0.056419], 
 72: [0.499996, -0.866018, -0.00400621], 
 73: [0.499922, -0.86589, -0.0176577], 
 74: [-0.499996, -0.866018, -0.00400621], 
 75: [-0.499204, -0.864646, -0.056419], 
 76: [-0.499922, -0.86589, -0.0176577], 
 77: [-0.999977, -1.64679e-008, -0.00685426], 
 78: [0.999977, -1.09786e-008, -0.00685426], 
 79: [-0.995369, 5.53864e-009, -0.0961284], 
 80: [0.995369, 1.66159e-008, -0.0961284], 
 81: [-0.497684, 0.862015, -0.0961284], 
 82: [-0.993953, -2.7132e-008, -0.109803], 
 83: [-0.496977, 0.860789, -0.109803], 
 84: [-3.96122e-010, 0.998636, -0.0522138], 
 85: [0.863746, 0.498684, -0.0725132], 
 86: [0.993953, 3.25584e-008, -0.109803], 
 87: [-0.499988, 0.866005, -0.00685426], 
 88: [-0.999322, -2.75894e-009, -0.0368172], 
 89: [-0.499661, 0.865438, -0.0368172], 
 90: [0.866025, 0.5, 0.000132756], 
 91: [0.864844, 0.499318, -0.0522139], 
 92: [0.999322, 0, -0.0368172], 
 93: [0.497684, -0.862015, -0.0961284], 
 94: [0.496977, -0.860789, -0.109803], 
 95: [-0.497685, -0.862015, -0.0961284], 
 96: [-0.496977, -0.860789, -0.109803], 
 97: [0.499988, -0.866005, -0.00685426], 
 98: [0.499661, -0.865438, -0.0368172], 
 99: [-0.499988, -0.866005, -0.00685426], 
 100: [-0.499661, -0.865438, -0.0368172], 
 101: [-0.994646, -9.04098e-008, 0.103344], 
 102: [0.994646, 2.37326e-007, 0.103344], 
 103: [-0.497323, 0.861389, 0.103344], 
 104: [-0.999971, -3.01951e-008, 0.00756796], 
 105: [-0.499986, 0.866001, 0.00756796], 
 106: [0.853245, 0.492623, 0.17116], 
 107: [-3.11031e-011, 1, 0.000132797], 
 108: [0.999971, 2.19601e-008, 0.00756796], 
 109: [-0.775488, -4.2809e-008, 0.631363], 
 110: [-0.387743, 0.671592, 0.631363], 
 111: [-0.126253, 9.5875e-009, 0.991998], 
 112: [-0.0631256, 0.109338, 0.991998], 
 113: [0.775487, 3.56742e-007, 0.631363], 
 114: [0.184725, 0.10665, 0.976986], 
 115: [0.0631256, 0.109338, 0.991998], 
 116: [0.126252, -2.87625e-008, 0.991998], 
 117: [0.497323, -0.861389, 0.103343], 
 118: [0.499986, -0.866001, 0.00756792], 
 119: [-0.497323, -0.861388, 0.103343], 
 120: [-0.499986, -0.866001, 0.00756793], 
 121: [0.387744, -0.671592, 0.631362], 
 122: [0.0631268, -0.109338, 0.991998], 
 123: [-0.387744, -0.671592, 0.631363], 
 124: [-5.50086e-011, 0, 1], 
 125: [-0.0631256, -0.109338, 0.991998], 
 126: [0.545742, 0.43152, -0.7183], 
 127: [0.64868, -0.617987, -0.444192], 
 128: [0.687636, -0.703902, -0.177986], 
 129: [0.548842, -0.463389, 0.695732], 
 130: [0.625468, 0.646451, 0.43691], 
 131: [-0.545744, 0.431519, -0.7183], 
 132: [-0.648679, -0.617988, -0.444192], 
 133: [-0.687636, -0.703902, -0.177986], 
 134: [-0.548841, -0.463389, 0.695733], 
 135: [-0.625468, 0.646451, 0.43691], 
 136: [0.538203, 0.13427, -0.832051], 
 137: [0.713358, -0.664518, -0.222566], 
 138: [0.71182, -0.654441, -0.254989], 
 139: [0.665754, -0.73186, -0.14544], 
 140: [0.58129, -0.595995, 0.553979], 
 141: [0.574832, 0.549756, 0.606083], 
 142: [-0.538201, 0.134271, -0.832052], 
 143: [-0.713358, -0.664518, -0.222566], 
 144: [-0.71182, -0.654441, -0.254989], 
 145: [-0.665754, -0.73186, -0.14544], 
 146: [-0.581288, -0.595996, 0.55398], 
 147: [-0.574834, 0.549755, 0.606082], 
 148: [-0.43152, 0.545743, -0.7183], 
 149: [0.617987, 0.64868, -0.444192], 
 150: [0.703902, 0.687636, -0.177986], 
 151: [0.46339, 0.548841, 0.695733], 
 152: [-0.646451, 0.625468, 0.43691], 
 153: [-0.431519, -0.545744, -0.7183], 
 154: [0.617987, -0.648679, -0.444192], 
 155: [0.703902, -0.687636, -0.177986], 
 156: [0.463389, -0.548842, 0.695732], 
 157: [-0.646451, -0.625468, 0.43691], 
 158: [-0.13427, 0.538202, -0.832052], 
 159: [0.664518, 0.713358, -0.222566], 
 160: [0.654441, 0.71182, -0.254989], 
 161: [0.73186, 0.665754, -0.145439], 
 162: [0.595995, 0.581289, 0.553979], 
 163: [-0.549756, 0.574833, 0.606082], 
 164: [-0.134272, -0.538203, -0.832051], 
 165: [0.664518, -0.713358, -0.222566], 
 166: [0.654441, -0.711819, -0.254989], 
 167: [0.73186, -0.665754, -0.145439], 
 168: [0.595996, -0.581288, 0.553979], 
 169: [-0.549756, -0.574833, 0.606082], 
 170: [-0.545742, -0.43152, -0.7183], 
 171: [-0.64868, 0.617987, -0.444192], 
 172: [-0.687636, 0.703902, -0.177986], 
 173: [-0.548842, 0.463389, 0.695732], 
 174: [-0.625468, -0.646451, 0.43691], 
 175: [0.545744, -0.431519, -0.7183], 
 176: [0.648679, 0.617988, -0.444192], 
 177: [0.687636, 0.703902, -0.177986], 
 178: [0.548841, 0.463389, 0.695733], 
 179: [0.625468, -0.646451, 0.43691], 
 180: [-0.538201, -0.13427, -0.832052], 
 181: [-0.713358, 0.664518, -0.222566], 
 182: [-0.711819, 0.654441, -0.254989], 
 183: [-0.665754, 0.73186, -0.145439], 
 184: [-0.581289, 0.595995, 0.553979], 
 185: [-0.574832, -0.549756, 0.606082], 
 186: [0.538203, -0.134272, -0.832051], 
 187: [0.713358, 0.664518, -0.222566], 
 188: [0.71182, 0.654441, -0.254989], 
 189: [0.665754, 0.73186, -0.145439], 
 190: [0.581288, 0.595995, 0.553979], 
 191: [0.574833, -0.549756, 0.606082], 
 192: [6.75921e-009, 0.997367, -0.072524], 
 193: [0.863745, 0.498683, -0.0725239], 
 194: [0.831082, 0.479826, -0.281194], 
 195: [3.99988e-007, 0.959651, -0.281194], 
 196: [2.62718e-007, 0.959651, -0.281194], 
 197: [0.831082, 0.479826, -0.281194], 
 198: [0.559235, 0.322874, -0.76355], 
 199: [-1.58867e-006, 0.645748, -0.763551], 
 200: [3.99988e-007, 0.959651, -0.281194], 
 201: [0.865964, 0.499965, 0.0118794], 
 202: [0.865823, 0.499883, 0.0216131], 
 203: [2.24705e-008, 0.999766, 0.0216131], 
 204: [-2.31055e-008, 0.999766, 0.021613], 
 205: [7.61639e-009, 0.999929, 0.0118795], 
 206: [0.863745, 0.498683, -0.0725239], 
 207: [-6.20973e-009, 0.997367, -0.072524], 
 208: [2.24705e-008, 0.999766, 0.0216131], 
 209: [0.865823, 0.499883, 0.0216131], 
 210: [0.865823, 0.499883, 0.0216131], 
 211: [3.52108e-010, 0.999999, 0.00124822], 
 212: [3.17241e-010, 1, -0.00081884], 
 213: [0.866025, 0.5, -0.000818842], 
 214: [0.866025, 0.5, 0.00124823], 
 215: [-7.77594e-009, 0.999929, 0.0118795], 
 216: [-3.51055e-010, 0.999999, 0.00124821], 
 217: [0.866025, 0.5, 0.00124823], 
 218: [0.866025, 0.5, 0.00124822], 
 219: [0.865964, 0.499965, 0.0118794], 
 220: [-1.10102e-009, 0.999981, -0.00611338], 
 221: [0.866009, 0.499991, -0.00611336], 
 222: [0.866025, 0.5, -0.000818843], 
 223: [0.866025, 0.5, -0.000818841], 
 224: [3.17241e-010, 1, -0.000818839], 
 225: [-3.16456e-010, 1, -0.000818838], 
 226: [1.39213e-010, 0.997367, -0.0725133], 
 227: [0.863746, 0.498684, -0.0725132], 
 228: [0.865768, 0.499852, -0.0243687], 
 229: [3.3779e-010, 0.999703, -0.0243687], 
 230: [3.23241e-010, 0.999703, -0.0243687], 
 231: [0.866009, 0.499991, -0.00611336], 
 232: [1.08227e-009, 0.999981, -0.00611336], 
 233: [3.3779e-010, 0.999703, -0.0243687], 
 234: [0.865768, 0.499851, -0.0243687], 
 235: [0.865768, 0.499852, -0.0243686], 
 236: [4.27966e-010, 0.998636, -0.0522139], 
 237: [0.864844, 0.499318, -0.0522139], 
 238: [0.860138, 0.496601, -0.116402], 
 239: [1.85104e-009, 0.993202, -0.116402], 
 240: [1.68046e-009, 0.993202, -0.116402], 
 241: [0.863746, 0.498684, -0.0725132], 
 242: [-1.29141e-010, 0.997367, -0.0725133], 
 243: [1.85104e-009, 0.993202, -0.116402], 
 244: [0.860138, 0.496601, -0.116402], 
 245: [0.860138, 0.496601, -0.116402], 
 246: [0.866025, 0.5, 0.000132761], 
 247: [0.865963, 0.499964, -0.0120312], 
 248: [1.28713e-009, 0.999928, -0.0120312], 
 249: [1.24835e-009, 0.999928, -0.0120312], 
 250: [-3.11031e-011, 1, 0.000132797], 
 251: [0.864844, 0.499318, -0.0522139], 
 252: [-3.96122e-010, 0.998636, -0.0522138], 
 253: [1.28713e-009, 0.999928, -0.0120312], 
 254: [0.865963, 0.499964, -0.0120312], 
 255: [0.865963, 0.499964, -0.0120312], 
 256: [0.853246, 0.492622, 0.171159], 
 257: [0.865952, 0.499958, 0.0130063], 
 258: [5.2828e-009, 0.999915, 0.0130063], 
 259: [-5.35674e-009, 0.999915, 0.0130063], 
 260: [7.97206e-008, 0.985243, 0.171159], 
 261: [3.1113e-011, 1, 0.000132784], 
 262: [5.2828e-009, 0.999915, 0.0130063], 
 263: [0.865952, 0.499958, 0.0130063], 
 264: [0.865952, 0.499958, 0.0130063], 
 265: [0.866025, 0.5, 0.000132761], 
 266: [0.18472, 0.10665, 0.976987], 
 267: [0.853246, 0.492622, 0.17116], 
 268: [7.97206e-008, 0.985243, 0.171159], 
 269: [8.23849e-008, 0.985243, 0.17116], 
 270: [7.45864e-007, 0.2133, 0.976987]]
Texture Coordinates
[0: [0.0680588, 0.820791],
1: [0.128219, 0.89814],
2: [0.214162, 0.92822],
3: [0.32159, 0.945408],
4: [0.265727, 0.855169],
5: [0.0680588, 0.820791],
6: [0.128219, 0.89814],
7: [0.214162, 0.92822],
8: [0.32159, 0.945408],
9: [0.265727, 0.855169],
10: [0.370774, 0.78455],
11: [0.615711, 0.85915],
12: [0.791894, 0.923607],
13: [0.916511, 0.975173],
14: [0.950888, 0.975173],
15: [0.96378, 0.79899],
16: [0.370774, 0.78455],
17: [0.615711, 0.85915],
18: [0.791894, 0.923607],
19: [0.916511, 0.975173],
20: [0.950888, 0.975173],
21: [0.96378, 0.79899],
22: [0.553706, 0.449801],
23: [0.194632, 0.449801],
24: [0.194632, 0.136459],
25: [0.118898, 0.449801],
26: [0.118898, 0.136459],
27: [0.118898, 0.554248],
28: [0.084791, 0.449801],
29: [0.084791, 0.554248],
30: [0.118898, 0.637806],
31: [0.084791, 0.0320123],
32: [0.084791, 0.13646],
33: [0.194632, 0.554248],
34: [0.154336, 0.449801],
35: [0.154336, 0.554248],
36: [0.194632, 0.0320123],
37: [0.154336, 0.0320123],
38: [0.154336, 0.136459],
39: [0.118898, 0.240907],
40: [0.084791, 0.240907],
41: [0.0686148, 0.29313],
42: [0.118898, 0.345354],
43: [0.084791, 0.345354],
44: [0.194632, 0.240907],
45: [0.154336, 0.240907],
46: [0.194632, 0.345354],
47: [0.154336, 0.345354],
48: [0.553706, 0.136459],
49: [0.320266, 0.449801],
50: [0.320266, 0.136459],
51: [0.320266, 0.554248],
52: [0.247875, 0.449801],
53: [0.247875, 0.554248],
54: [0.320266, 0.637806],
55: [0.247875, 0.637806],
56: [0.247875, 0.136459],
57: [0.553706, 0.554248],
58: [0.411487, 0.449801],
59: [0.411487, 0.554248],
60: [0.497015, 0.449801],
61: [0.497015, 0.554248],
62: [0.411487, 0.136459],
63: [0.411487, 0.637806],
64: [0.553706, 0.637806],
65: [0.497015, 0.0320123],
66: [0.497015, 0.136459],
67: [0.320266, 0.240907],
68: [0.247875, 0.240907],
69: [0.320266, 0.345354],
70: [0.247875, 0.345354],
71: [0.553706, 0.240907],
72: [0.411487, 0.240907],
73: [0.497015, 0.240907],
74: [0.411487, 0.345354],
75: [0.553706, 0.345354],
76: [0.497015, 0.345354],
77: [0.782917, 0.449801],
78: [0.782917, 0.136459],
79: [0.618079, 0.449801],
80: [0.618079, 0.136459],
81: [0.618079, 0.554248],
82: [0.588124, 0.449801],
83: [0.588124, 0.554248],
84: [0.618079, 0.637806],
85: [0.588124, 0.0320123],
86: [0.588124, 0.136459],
87: [0.782917, 0.554248],
88: [0.676653, 0.449801],
89: [0.676653, 0.554248],
90: [0.782917, 0.0320123],
91: [0.676653, 0.0320123],
92: [0.676653, 0.136459],
93: [0.618079, 0.240907],
94: [0.588124, 0.240907],
95: [0.618079, 0.345354],
96: [0.588124, 0.345354],
97: [0.782917, 0.240907],
98: [0.676653, 0.240907],
99: [0.782917, 0.345354],
100: [0.676653, 0.345354],
101: [0.929658, 0.449801],
102: [0.929658, 0.136459],
103: [0.929658, 0.554248],
104: [0.884638, 0.449801],
105: [0.884638, 0.554248],
106: [0.929658, 0.0320122],
107: [0.884638, 0.637806],
108: [0.884638, 0.136459],
109: [0.937447, 0.449801],
110: [0.937447, 0.554248],
111: [0.786556, 0.606418],
112: [0.720297, 0.754141],
113: [0.937446, 0.136459],
114: [0.937446, 0.0320122],
115: [0.779903, 0.643138],
116: [0.787842, 0.449737],
117: [0.929658, 0.240907],
118: [0.884638, 0.240907],
119: [0.929658, 0.345354],
120: [0.884638, 0.345354],
121: [0.937446, 0.240907],
122: [0.779903, 0.498653],
123: [0.937447, 0.345354],
124: [0.521521, 0.919653],
125: [0.764023, 0.561321],
126: [0.0680588, 0.820791],
127: [0.128219, 0.89814],
128: [0.214162, 0.92822],
129: [0.32159, 0.945408],
130: [0.265727, 0.855169],
131: [0.0680588, 0.820791],
132: [0.128219, 0.89814],
133: [0.214162, 0.92822],
134: [0.32159, 0.945408],
135: [0.265727, 0.855169],
136: [0.370774, 0.78455],
137: [0.615711, 0.85915],
138: [0.791894, 0.923607],
139: [0.916511, 0.975173],
140: [0.950888, 0.975173],
141: [0.96378, 0.79899],
142: [0.370774, 0.78455],
143: [0.615711, 0.85915],
144: [0.791894, 0.923607],
145: [0.916511, 0.975173],
146: [0.950888, 0.975173],
147: [0.96378, 0.79899],
148: [0.0680588, 0.820791],
149: [0.128219, 0.89814],
150: [0.214162, 0.92822],
151: [0.32159, 0.945408],
152: [0.265727, 0.855169],
153: [0.0680588, 0.820791],
154: [0.128219, 0.89814],
155: [0.214162, 0.92822],
156: [0.32159, 0.945408],
157: [0.265727, 0.855169],
158: [0.370774, 0.78455],
159: [0.615711, 0.85915],
160: [0.791894, 0.923607],
161: [0.916511, 0.975173],
162: [0.950888, 0.975173],
163: [0.96378, 0.79899],
164: [0.370774, 0.78455],
165: [0.615711, 0.85915],
166: [0.791894, 0.923607],
167: [0.916511, 0.975173],
168: [0.950888, 0.975173],
169: [0.96378, 0.79899],
170: [0.0680588, 0.820791],
171: [0.128219, 0.89814],
172: [0.214162, 0.92822],
173: [0.32159, 0.945408],
174: [0.265727, 0.855169],
175: [0.0680588, 0.820791],
176: [0.128219, 0.89814],
177: [0.214162, 0.92822],
178: [0.32159, 0.945408],
179: [0.265727, 0.855169],
180: [0.370774, 0.78455],
181: [0.615711, 0.85915],
182: [0.791894, 0.923607],
183: [0.916511, 0.975173],
184: [0.950888, 0.975173],
185: [0.96378, 0.79899],
186: [0.370774, 0.78455],
187: [0.615711, 0.85915],
188: [0.791894, 0.923607],
189: [0.916511, 0.975173],
190: [0.950888, 0.975173],
191: [0.96378, 0.79899],
192: [0.118898, 0.637806],
193: [0.118898, 0.0320123],
194: [0.118898, 0.0320123],
195: [0.118898, 0.637806],
196: [0.118898, 0.637806],
197: [0.084791, 0.0320123],
198: [0.084791, 0.0320123],
199: [0.084791, 0.0320123],
200: [0.084791, 0.637806],
201: [0.194632, 0.0320123],
202: [0.194632, 0.0320123],
203: [0.194632, 0.637806],
204: [0.194632, 0.637806],
205: [0.194632, 0.637806],
206: [0.154336, 0.0320123],
207: [0.154336, 0.637806],
208: [0.154336, 0.637806],
209: [0.154336, 0.0320123],
210: [0.154336, 0.0320123],
211: [0.320266, 0.637806],
212: [0.320266, 0.637806],
213: [0.320266, 0.0320123],
214: [0.320266, 0.0320123],
215: [0.247875, 0.637806],
216: [0.247875, 0.637806],
217: [0.247875, 0.0320123],
218: [0.247875, 0.0320123],
219: [0.247875, 0.0320123],
220: [0.411487, 0.637806],
221: [0.411487, 0.0320123],
222: [0.411487, 0.0320123],
223: [0.411487, 0.0320123],
224: [0.411487, 0.637806],
225: [0.411487, 0.637806],
226: [0.553706, 0.637806],
227: [0.553706, 0.0320123],
228: [0.553706, 0.0320123],
229: [0.553706, 0.637806],
230: [0.553706, 0.637806],
231: [0.497015, 0.0320123],
232: [0.497015, 0.637806],
233: [0.497015, 0.637806],
234: [0.497015, 0.0320123],
235: [0.497015, 0.0320123],
236: [0.618079, 0.637806],
237: [0.618079, 0.0320123],
238: [0.618079, 0.0320123],
239: [0.618079, 0.637806],
240: [0.618079, 0.637806],
241: [0.588124, 0.0320123],
242: [0.588124, 0.637806],
243: [0.588124, 0.637806],
244: [0.588124, 0.0320123],
245: [0.588124, 0.0320123],
246: [0.782917, 0.0320123],
247: [0.782917, 0.0320123],
248: [0.782917, 0.637806],
249: [0.782917, 0.637806],
250: [0.782917, 0.637806],
251: [0.676653, 0.0320123],
252: [0.676653, 0.637806],
253: [0.676653, 0.637806],
254: [0.676653, 0.0320123],
255: [0.676653, 0.0320123],
256: [0.929658, 0.0320122],
257: [0.929658, 0.0320122],
258: [0.929658, 0.637806],
259: [0.929658, 0.637806],
260: [0.929658, 0.637806],
261: [0.884638, 0.637806],
262: [0.884638, 0.637806],
263: [0.884638, 0.0320122],
264: [0.884638, 0.0320122],
265: [0.884638, 0.0320122],
266: [0.937446, 0.0320122],
267: [0.937446, 0.0320122],
268: [0.937446, 0.637806],
269: [0.937446, 0.637806],
270: [0.937446, 0.637806]]
