Name: engine_glow
Transform: [0, 0, 0]
Rotation: [0, 0, 0, 1]
Scale: [1, 1, 1]
LOD: 0
Animation data
[]
[]
[]
SubObjects: [ ]
Shading Data:
Diffuse_Color: [0.4, 0.1732, 0, 1]
Ambient: [0.547, 0.236851, 0, 0]
Emmision_Color: [0.533, 0.230789, 0, 0]
Specular_Color: [0, 0, 0, 1]
Shininess: 0
Texture: ship4
Number of Vertices: 54
[0: [-0.54971, 0.345106, 2.71314, 1], 
 1: [-0.450168, 0.318138, 2.71315, 1], 
 2: [-0.376992, 0.245315, 2.71317, 1], 
 3: [-0.349947, 0.145727, 2.71319, 1], 
 4: [-0.376969, 0.0457673, 2.71322, 1], 
 5: [-0.450209, -0.0273559, 2.71323, 1], 
 6: [-0.54971, -0.054453, 2.71324, 1], 
 7: [-0.649241, -0.0273559, 2.71323, 1], 
 8: [-0.722503, 0.0457673, 2.71322, 1], 
 9: [-0.749534, 0.145727, 2.71319, 1], 
 10: [-0.72248, 0.245315, 2.71317, 1], 
 11: [-0.649282, 0.318138, 2.71315, 1], 
 12: [0.312881, 0.376331, 2.77203, 1], 
 13: [0.275632, 0.518042, 2.77202, 1], 
 14: [0.199794, 0.603581, 2.77203, 1], 
 15: [0.138016, 0.630379, 2.77206, 1], 
 16: [0.0712818, 0.644674, 2.77202, 1], 
 17: [-1.69732e-016, 0.65206, 2.77203, 1], 
 18: [-0.0712818, 0.644674, 2.77202, 1], 
 19: [-0.138016, 0.630379, 2.77206, 1], 
 20: [-0.199794, 0.603581, 2.77203, 1], 
 21: [-0.275632, 0.518042, 2.77202, 1], 
 22: [-0.312881, 0.376331, 2.77203, 1], 
 23: [-0.281016, 0.244537, 2.77203, 1], 
 24: [-0.194963, 0.144208, 2.77203, 1], 
 25: [-0.0857701, 0.0977537, 2.77203, 1], 
 26: [-1.69732e-016, 0.100602, 2.77203, 1], 
 27: [0.0857701, 0.0977537, 2.77203, 1], 
 28: [0.194963, 0.144208, 2.77203, 1], 
 29: [0.281016, 0.244537, 2.77203, 1], 
 30: [0.54971, 0.345106, 2.71314, 1], 
 31: [0.450168, 0.318138, 2.71315, 1], 
 32: [0.376992, 0.245315, 2.71317, 1], 
 33: [0.349947, 0.145727, 2.71319, 1], 
 34: [0.376969, 0.0457673, 2.71322, 1], 
 35: [0.450209, -0.0273559, 2.71323, 1], 
 36: [0.54971, -0.054453, 2.71324, 1], 
 37: [0.649241, -0.0273559, 2.71323, 1], 
 38: [0.722503, 0.0457673, 2.71322, 1], 
 39: [0.749534, 0.145727, 2.71319, 1], 
 40: [0.72248, 0.245315, 2.71317, 1], 
 41: [0.649282, 0.318138, 2.71315, 1], 
 42: [-1.66127e-016, 1.09158, 2.71314, 1], 
 43: [0.0995723, 1.06461, 2.71315, 1], 
 44: [0.172771, 0.991786, 2.71317, 1], 
 45: [0.199824, 0.892198, 2.71319, 1], 
 46: [0.172793, 0.792238, 2.71322, 1], 
 47: [0.0995314, 0.719115, 2.71323, 1], 
 48: [-1.66133e-016, 0.692018, 2.71324, 1], 
 49: [-0.0995314, 0.719115, 2.71323, 1], 
 50: [-0.172793, 0.792238, 2.71322, 1], 
 51: [-0.199824, 0.892198, 2.71319, 1], 
 52: [-0.172771, 0.991786, 2.71317, 1], 
 53: [-0.0995723, 1.06461, 2.71315, 1]]
Number of polygons: 46
Polygon Connection List
[0: [0, 11, 1], 
1: [11, 10, 1], 
2: [10, 9, 1], 
3: [9, 8, 1], 
4: [8, 7, 1], 
5: [7, 6, 1], 
6: [6, 5, 1], 
7: [5, 4, 1], 
8: [4, 3, 1], 
9: [3, 2, 1], 
10: [12, 13, 29], 
11: [29, 13, 28], 
12: [13, 14, 28], 
13: [14, 15, 28], 
14: [28, 15, 27], 
15: [27, 15, 26], 
16: [15, 16, 26], 
17: [16, 17, 26], 
18: [17, 18, 26], 
19: [26, 18, 25], 
20: [25, 18, 24], 
21: [24, 18, 23], 
22: [23, 18, 22], 
23: [22, 18, 21], 
24: [18, 19, 21], 
25: [19, 20, 21], 
26: [30, 31, 41], 
27: [31, 32, 41], 
28: [32, 33, 41], 
29: [33, 34, 41], 
30: [34, 35, 41], 
31: [35, 36, 41], 
32: [36, 37, 41], 
33: [37, 38, 41], 
34: [38, 39, 41], 
35: [39, 40, 41], 
36: [42, 53, 43], 
37: [53, 52, 43], 
38: [52, 51, 43], 
39: [51, 50, 43], 
40: [50, 49, 43], 
41: [49, 48, 43], 
42: [48, 47, 43], 
43: [47, 46, 43], 
44: [46, 45, 43], 
45: [45, 44, 43]]
Per Vertex Normals
[0: [1.08027e-006, 0.000238702, 1], 
 1: [-5.09678e-007, 0.000247517, 1], 
 2: [-8.14639e-006, 0.000249041, 1], 
 3: [8.48826e-007, 0.000248399, 1], 
 4: [1.91215e-006, 0.000248409, 1], 
 5: [-2.11437e-007, 0.000248429, 1], 
 6: [-6.29707e-007, 0.000248261, 1], 
 7: [-5.42812e-007, 0.000248174, 1], 
 8: [-2.83858e-007, 0.000248188, 1], 
 9: [3.82119e-007, 0.000248418, 1], 
 10: [7.96879e-008, 0.000248959, 1], 
 11: [-1.63929e-007, 0.0002478, 1], 
 12: [-5.06204e-005, 1.28975e-005, 1], 
 13: [0.000116525, -1.51923e-005, 1], 
 14: [0.000276771, -2.26033e-005, 1], 
 15: [-0.000112828, 1.57438e-005, 1], 
 16: [-0.000211226, 2.94604e-005, 1], 
 17: [-8.67806e-007, 0, 1], 
 18: [6.94761e-005, -0.000127898, 1], 
 19: [0.000596112, -0.00103179, 0.999999], 
 20: [-0.00042892, 0.000233578, 1], 
 21: [-2.39446e-005, -9.82386e-006, 1], 
 22: [-4.07573e-006, 7.18893e-006, 1], 
 23: [2.23713e-006, 1.28327e-006, 1], 
 24: [1.04727e-006, 1.6374e-006, 1], 
 25: [1.48479e-007, 1.73599e-006, 1], 
 26: [-1.87726e-005, -2.01365e-005, 1], 
 27: [7.43985e-006, -5.63535e-005, 1], 
 28: [4.05135e-005, -4.02662e-005, 1], 
 29: [-1.79257e-005, 1.35636e-005, 1], 
 30: [1.08027e-006, 0.000238702, 1], 
 31: [-1.63884e-007, 0.0002478, 1], 
 32: [7.96755e-008, 0.000248959, 1], 
 33: [3.82167e-007, 0.000248418, 1], 
 34: [5.96682e-007, 0.000248188, 1], 
 35: [9.54185e-007, 0.000248174, 1], 
 36: [2.85348e-007, 0.000248261, 1], 
 37: [-9.29485e-007, 0.000248429, 1], 
 38: [-8.04949e-007, 0.000248409, 1], 
 39: [-2.74152e-006, 0.000248399, 1], 
 40: [-8.14391e-006, 0.000249041, 1], 
 41: [-8.51954e-007, 0.000247518, 1], 
 42: [-8.76465e-007, 0.000238701, 1], 
 43: [8.44402e-007, 0.000247518, 1], 
 44: [8.70697e-006, 0.000249041, 1], 
 45: [-1.43748e-006, 0.000248399, 1], 
 46: [5.75793e-008, 0.000248409, 1], 
 47: [2.13838e-006, 0.000248429, 1], 
 48: [1.37246e-006, 0.000248261, 1], 
 49: [-2.42791e-007, 0.000248174, 1], 
 50: [-2.96688e-008, 0.000248188, 1], 
 51: [5.35867e-007, 0.000248418, 1], 
 52: [-1.01978e-006, 0.000248959, 1], 
 53: [1.54268e-007, 0.0002478, 1]]
Texture Coordinates
[0: [0.810743, 0.887094],
1: [0.824015, 0.883498],
2: [0.833772, 0.873789],
3: [0.837378, 0.86051],
4: [0.833775, 0.847182],
5: [0.824009, 0.837433],
6: [0.810743, 0.83382],
7: [0.797472, 0.837433],
8: [0.787703, 0.847182],
9: [0.784099, 0.86051],
10: [0.787706, 0.873789],
11: [0.797466, 0.883498],
12: [0.925755, 0.891257],
13: [0.920788, 0.910152],
14: [0.910676, 0.921557],
15: [0.902439, 0.92513],
16: [0.893541, 0.927037],
17: [0.884037, 0.928021],
18: [0.874533, 0.927037],
19: [0.865635, 0.92513],
20: [0.857398, 0.921557],
21: [0.847286, 0.910152],
22: [0.84232, 0.891257],
23: [0.846568, 0.873685],
24: [0.858042, 0.860308],
25: [0.872601, 0.854114],
26: [0.884037, 0.854494],
27: [0.895473, 0.854114],
28: [0.910032, 0.860308],
29: [0.921506, 0.873685],
30: [0.957332, 0.887094],
31: [0.94406, 0.883498],
32: [0.934303, 0.873789],
33: [0.930697, 0.86051],
34: [0.9343, 0.847182],
35: [0.944065, 0.837433],
36: [0.957332, 0.83382],
37: [0.970603, 0.837433],
38: [0.980371, 0.847182],
39: [0.983975, 0.86051],
40: [0.980368, 0.873789],
41: [0.970608, 0.883498],
42: [0.884037, 0.986624],
43: [0.897313, 0.983028],
44: [0.907073, 0.973318],
45: [0.91068, 0.96004],
46: [0.907076, 0.946712],
47: [0.897308, 0.936962],
48: [0.884037, 0.933349],
49: [0.870766, 0.936962],
50: [0.860998, 0.946712],
51: [0.857394, 0.96004],
52: [0.861001, 0.973318],
53: [0.870761, 0.983028]]
