Name: canopy
Transform: [0, 0, 0]
Rotation: [0, 0, 0, 1]
Scale: [1, 1, 1]
LOD: 0
Animation data
[]
[]
[]
SubObjects: [ ]
Shading Data:
Diffuse_Color: [0.328208, 0.328208, 0.328208, 1]
Ambient: [0, 0, 0, 0]
Emmision_Color: [0, 0, 0, 0]
Specular_Color: [1, 1, 1, 1]
Shininess: 19.592
Texture: ship4
Number of Vertices: 145
[0: [0, 0.730868, 1.72785, 1], 
 1: [0, 1.16686, 0.813167, 1], 
 2: [0, 0.614842, -0.0365465, 1], 
 3: [-0.462442, 0.681133, 0.845108, 1], 
 4: [-0.327003, 0.71919, 1.46911, 1], 
 5: [0, 1.05176, 1.44724, 1], 
 6: [-0.237079, 1.08425, 1.26801, 1], 
 7: [-0.0854697, 1.05963, 1.4259, 1], 
 8: [-0.119498, 0.729762, 1.69701, 1], 
 9: [0, 0.847833, 1.68954, 1], 
 10: [-0.115652, 0.848191, 1.65995, 1], 
 11: [0, 0.95769, 1.59404, 1], 
 12: [-0.104197, 0.962339, 1.56774, 1], 
 13: [-0.31721, 0.848457, 1.44063, 1], 
 14: [-0.231116, 0.72606, 1.60867, 1], 
 15: [-0.22398, 0.8494, 1.57498, 1], 
 16: [-0.166631, 1.07241, 1.36489, 1], 
 17: [-0.202469, 0.970967, 1.4923, 1], 
 18: [-0.287406, 0.978345, 1.37274, 1], 
 19: [0, 1.12191, 1.2571, 1], 
 20: [-0.0602124, 1.12907, 1.24201, 1], 
 21: [-8.32667e-017, 1.16211, 1.0397, 1], 
 22: [-0.0307964, 1.16587, 1.03183, 1], 
 23: [-0.167279, 1.14731, 1.131, 1], 
 24: [-0.11749, 1.13888, 1.1991, 1], 
 25: [-0.0599767, 1.1695, 1.00961, 1], 
 26: [-0.0853009, 1.17158, 0.974463, 1], 
 27: [-0.33755, 1.08934, 0.82366, 1], 
 28: [-0.400075, 0.708848, 1.28606, 1], 
 29: [-0.291054, 1.09055, 1.13994, 1], 
 30: [-0.388333, 0.843069, 1.26419, 1], 
 31: [-0.352338, 0.980361, 1.21522, 1], 
 32: [-0.449229, 0.821901, 0.837308, 1], 
 33: [-0.446307, 0.695813, 1.07306, 1], 
 34: [-0.433401, 0.833793, 1.0584, 1], 
 35: [-0.325387, 1.0917, 0.988825, 1], 
 36: [-0.393559, 0.977365, 1.0304, 1], 
 37: [-0.408106, 0.970823, 0.830094, 1], 
 38: [-0.205482, 1.15125, 1.04097, 1], 
 39: [-0.104746, 1.17118, 0.928156, 1], 
 40: [-0.23848, 1.14965, 0.818283, 1], 
 41: [-0.229823, 1.15146, 0.934647, 1], 
 42: [-0.117154, 1.16917, 0.873731, 1], 
 43: [-0.121586, 1.16687, 0.814559, 1], 
 44: [-0.326996, 0.637687, 0.221459, 1], 
 45: [-0.239083, 1.0633, 0.354525, 1], 
 46: [-0.446307, 0.665856, 0.617193, 1], 
 47: [-0.325883, 1.08458, 0.654209, 1], 
 48: [-0.433707, 0.808539, 0.615186, 1], 
 49: [-0.394021, 0.961859, 0.626665, 1], 
 50: [-0.318413, 0.779913, 0.228286, 1], 
 51: [-0.400072, 0.651025, 0.404312, 1], 
 52: [-0.389017, 0.794366, 0.407093, 1], 
 53: [-0.292177, 1.07641, 0.493299, 1], 
 54: [-0.353376, 0.950235, 0.434743, 1], 
 55: [-0.289251, 0.935373, 0.26952, 1], 
 56: [-0.230257, 1.14696, 0.6987, 1], 
 57: [-0.117425, 1.16517, 0.754224, 1], 
 58: [-0.169028, 1.13377, 0.487013, 1], 
 59: [-0.206462, 1.14224, 0.585038, 1], 
 60: [-0.105356, 1.16333, 0.697176, 1], 
 61: [-0.086385, 1.1602, 0.64808, 1], 
 62: [0, 1.0023, 0.171388, 1], 
 63: [-0.231101, 0.626803, 0.0821633, 1], 
 64: [-0.169686, 1.04458, 0.250162, 1], 
 65: [-0.225791, 0.765864, 0.0925018, 1], 
 66: [-0.205269, 0.917277, 0.144695, 1], 
 67: [0, 0.744261, -0.0209311, 1], 
 68: [-0.119481, 0.619005, -0.00590616, 1], 
 69: [-0.117612, 0.753503, 0.00738729, 1], 
 70: [-0.0887829, 1.02302, 0.187219, 1], 
 71: [-0.107231, 0.898296, 0.0679927, 1], 
 72: [0, 0.881364, 0.045642, 1], 
 73: [-0.120153, 1.12055, 0.413387, 1], 
 74: [-0.0616212, 1.15496, 0.611117, 1], 
 75: [0, 1.08829, 0.358126, 1], 
 76: [-0.0630996, 1.1045, 0.369097, 1], 
 77: [-0.0325767, 1.14822, 0.588536, 1], 
 78: [0, 1.14093, 0.582103, 1], 
 79: [0.462442, 0.681133, 0.845108, 1], 
 80: [0.327003, 0.71919, 1.46911, 1], 
 81: [0.237079, 1.08425, 1.26801, 1], 
 82: [0.0854697, 1.05963, 1.4259, 1], 
 83: [0.119498, 0.729762, 1.69701, 1], 
 84: [0.115652, 0.848191, 1.65995, 1], 
 85: [0.104197, 0.962339, 1.56774, 1], 
 86: [0.31721, 0.848457, 1.44063, 1], 
 87: [0.231116, 0.72606, 1.60867, 1], 
 88: [0.22398, 0.8494, 1.57498, 1], 
 89: [0.166631, 1.07241, 1.36489, 1], 
 90: [0.202469, 0.970967, 1.4923, 1], 
 91: [0.287406, 0.978345, 1.37274, 1], 
 92: [0.0602124, 1.12907, 1.24201, 1], 
 93: [0.0307964, 1.16587, 1.03183, 1], 
 94: [0.167279, 1.14731, 1.131, 1], 
 95: [0.11749, 1.13888, 1.1991, 1], 
 96: [0.0599767, 1.1695, 1.00961, 1], 
 97: [0.0853009, 1.17158, 0.974463, 1], 
 98: [0.33755, 1.08934, 0.82366, 1], 
 99: [0.400075, 0.708848, 1.28606, 1], 
 100: [0.291054, 1.09055, 1.13994, 1], 
 101: [0.388333, 0.843069, 1.26419, 1], 
 102: [0.352338, 0.980361, 1.21522, 1], 
 103: [0.449229, 0.821901, 0.837308, 1], 
 104: [0.446307, 0.695813, 1.07306, 1], 
 105: [0.433401, 0.833793, 1.0584, 1], 
 106: [0.325387, 1.0917, 0.988825, 1], 
 107: [0.393559, 0.977365, 1.0304, 1], 
 108: [0.408106, 0.970823, 0.830094, 1], 
 109: [0.205482, 1.15125, 1.04097, 1], 
 110: [0.104746, 1.17118, 0.928156, 1], 
 111: [0.23848, 1.14965, 0.818283, 1], 
 112: [0.229823, 1.15146, 0.934647, 1], 
 113: [0.117154, 1.16917, 0.873731, 1], 
 114: [0.121586, 1.16687, 0.814559, 1], 
 115: [0.326996, 0.637687, 0.221459, 1], 
 116: [0.239083, 1.0633, 0.354525, 1], 
 117: [0.446307, 0.665856, 0.617193, 1], 
 118: [0.325883, 1.08458, 0.654209, 1], 
 119: [0.433707, 0.808539, 0.615186, 1], 
 120: [0.394021, 0.961859, 0.626665, 1], 
 121: [0.318413, 0.779913, 0.228286, 1], 
 122: [0.400072, 0.651025, 0.404312, 1], 
 123: [0.389017, 0.794366, 0.407093, 1], 
 124: [0.292177, 1.07641, 0.493299, 1], 
 125: [0.353376, 0.950235, 0.434743, 1], 
 126: [0.289251, 0.935373, 0.26952, 1], 
 127: [0.230257, 1.14696, 0.6987, 1], 
 128: [0.117425, 1.16517, 0.754224, 1], 
 129: [0.169028, 1.13377, 0.487013, 1], 
 130: [0.206462, 1.14224, 0.585038, 1], 
 131: [0.105356, 1.16333, 0.697176, 1], 
 132: [0.086385, 1.1602, 0.64808, 1], 
 133: [0.231101, 0.626803, 0.0821633, 1], 
 134: [0.169686, 1.04458, 0.250162, 1], 
 135: [0.225791, 0.765864, 0.0925018, 1], 
 136: [0.205269, 0.917277, 0.144695, 1], 
 137: [0.119481, 0.619005, -0.00590616, 1], 
 138: [0.117612, 0.753503, 0.00738729, 1], 
 139: [0.0887829, 1.02302, 0.187219, 1], 
 140: [0.107231, 0.898296, 0.0679927, 1], 
 141: [0.120153, 1.12055, 0.413387, 1], 
 142: [0.0616212, 1.15496, 0.611117, 1], 
 143: [0.0630996, 1.1045, 0.369097, 1], 
 144: [0.0325767, 1.14822, 0.588536, 1]]
Number of polygons: 264
Polygon Connection List
[0: [1, 78, 77], 
1: [1, 43, 42], 
2: [1, 26, 25], 
3: [18, 17, 6], 
4: [16, 6, 17], 
5: [12, 11, 7], 
6: [11, 5, 7], 
7: [8, 0, 10], 
8: [0, 9, 10], 
9: [10, 9, 12], 
10: [9, 11, 12], 
11: [4, 14, 13], 
12: [13, 14, 15], 
13: [14, 8, 15], 
14: [8, 10, 15], 
15: [17, 12, 16], 
16: [7, 16, 12], 
17: [15, 10, 17], 
18: [17, 10, 12], 
19: [13, 15, 18], 
20: [18, 15, 17], 
21: [21, 1, 22], 
22: [5, 19, 7], 
23: [19, 20, 7], 
24: [19, 21, 20], 
25: [21, 22, 20], 
26: [6, 16, 23], 
27: [23, 16, 24], 
28: [16, 7, 24], 
29: [7, 20, 24], 
30: [1, 25, 22], 
31: [20, 22, 24], 
32: [25, 24, 22], 
33: [23, 24, 26], 
34: [26, 24, 25], 
35: [37, 36, 27], 
36: [27, 36, 35], 
37: [31, 18, 29], 
38: [18, 6, 29], 
39: [28, 4, 30], 
40: [4, 13, 30], 
41: [30, 13, 31], 
42: [13, 18, 31], 
43: [33, 34, 3], 
44: [32, 3, 34], 
45: [33, 28, 34], 
46: [28, 30, 34], 
47: [36, 31, 35], 
48: [31, 29, 35], 
49: [34, 30, 36], 
50: [30, 31, 36], 
51: [32, 34, 37], 
52: [37, 34, 36], 
53: [1, 39, 26], 
54: [29, 6, 38], 
55: [38, 6, 23], 
56: [38, 23, 39], 
57: [39, 23, 26], 
58: [27, 35, 40], 
59: [40, 35, 41], 
60: [35, 29, 41], 
61: [29, 38, 41], 
62: [1, 42, 39], 
63: [38, 39, 41], 
64: [42, 41, 39], 
65: [41, 42, 40], 
66: [43, 40, 42], 
67: [1, 61, 60], 
68: [54, 53, 55], 
69: [45, 55, 53], 
70: [49, 37, 47], 
71: [37, 27, 47], 
72: [46, 3, 48], 
73: [3, 32, 48], 
74: [48, 32, 49], 
75: [32, 37, 49], 
76: [44, 51, 50], 
77: [50, 51, 52], 
78: [46, 48, 51], 
79: [51, 48, 52], 
80: [49, 47, 54], 
81: [47, 53, 54], 
82: [52, 48, 54], 
83: [48, 49, 54], 
84: [52, 54, 50], 
85: [55, 50, 54], 
86: [1, 57, 43], 
87: [47, 27, 56], 
88: [56, 27, 40], 
89: [56, 40, 57], 
90: [57, 40, 43], 
91: [53, 59, 45], 
92: [58, 45, 59], 
93: [47, 56, 53], 
94: [53, 56, 59], 
95: [1, 60, 57], 
96: [56, 57, 59], 
97: [60, 59, 57], 
98: [59, 60, 58], 
99: [61, 58, 60], 
100: [71, 70, 72], 
101: [62, 72, 70], 
102: [55, 45, 66], 
103: [45, 64, 66], 
104: [63, 44, 65], 
105: [44, 50, 65], 
106: [50, 55, 65], 
107: [55, 66, 65], 
108: [68, 69, 2], 
109: [67, 2, 69], 
110: [63, 65, 68], 
111: [68, 65, 69], 
112: [66, 64, 71], 
113: [64, 70, 71], 
114: [65, 66, 69], 
115: [69, 66, 71], 
116: [69, 71, 67], 
117: [72, 67, 71], 
118: [1, 74, 61], 
119: [45, 58, 64], 
120: [73, 64, 58], 
121: [58, 61, 73], 
122: [74, 73, 61], 
123: [62, 70, 75], 
124: [75, 70, 76], 
125: [64, 73, 70], 
126: [70, 73, 76], 
127: [1, 77, 74], 
128: [73, 74, 76], 
129: [77, 76, 74], 
130: [75, 76, 78], 
131: [78, 76, 77], 
132: [1, 144, 78], 
133: [1, 113, 114], 
134: [1, 96, 97], 
135: [91, 81, 90], 
136: [89, 90, 81], 
137: [85, 82, 11], 
138: [11, 82, 5], 
139: [83, 84, 0], 
140: [0, 84, 9], 
141: [84, 85, 9], 
142: [9, 85, 11], 
143: [80, 86, 87], 
144: [86, 88, 87], 
145: [87, 88, 83], 
146: [88, 84, 83], 
147: [90, 89, 85], 
148: [82, 85, 89], 
149: [88, 90, 84], 
150: [90, 85, 84], 
151: [86, 91, 88], 
152: [91, 90, 88], 
153: [21, 93, 1], 
154: [5, 82, 19], 
155: [82, 92, 19], 
156: [19, 92, 21], 
157: [92, 93, 21], 
158: [81, 94, 89], 
159: [94, 95, 89], 
160: [89, 95, 82], 
161: [95, 92, 82], 
162: [1, 93, 96], 
163: [92, 95, 93], 
164: [96, 93, 95], 
165: [94, 97, 95], 
166: [97, 96, 95], 
167: [108, 98, 107], 
168: [98, 106, 107], 
169: [102, 100, 91], 
170: [91, 100, 81], 
171: [99, 101, 80], 
172: [101, 86, 80], 
173: [101, 102, 86], 
174: [86, 102, 91], 
175: [104, 79, 105], 
176: [103, 105, 79], 
177: [104, 105, 99], 
178: [105, 101, 99], 
179: [107, 106, 102], 
180: [102, 106, 100], 
181: [105, 107, 101], 
182: [107, 102, 101], 
183: [103, 108, 105], 
184: [108, 107, 105], 
185: [1, 97, 110], 
186: [100, 109, 81], 
187: [109, 94, 81], 
188: [109, 110, 94], 
189: [110, 97, 94], 
190: [98, 111, 106], 
191: [111, 112, 106], 
192: [106, 112, 100], 
193: [112, 109, 100], 
194: [1, 110, 113], 
195: [109, 112, 110], 
196: [113, 110, 112], 
197: [112, 111, 113], 
198: [114, 113, 111], 
199: [1, 131, 132], 
200: [125, 126, 124], 
201: [116, 124, 126], 
202: [120, 118, 108], 
203: [108, 118, 98], 
204: [117, 119, 79], 
205: [119, 103, 79], 
206: [119, 120, 103], 
207: [103, 120, 108], 
208: [123, 122, 121], 
209: [121, 122, 115], 
210: [117, 122, 119], 
211: [122, 123, 119], 
212: [120, 125, 118], 
213: [125, 124, 118], 
214: [123, 125, 119], 
215: [125, 120, 119], 
216: [123, 121, 125], 
217: [126, 125, 121], 
218: [1, 114, 128], 
219: [118, 127, 98], 
220: [127, 111, 98], 
221: [127, 128, 111], 
222: [128, 114, 111], 
223: [124, 116, 130], 
224: [129, 130, 116], 
225: [118, 124, 127], 
226: [124, 130, 127], 
227: [1, 128, 131], 
228: [127, 130, 128], 
229: [131, 128, 130], 
230: [130, 129, 131], 
231: [132, 131, 129], 
232: [140, 72, 139], 
233: [62, 139, 72], 
234: [126, 136, 116], 
235: [136, 134, 116], 
236: [133, 135, 115], 
237: [135, 121, 115], 
238: [121, 135, 126], 
239: [135, 136, 126], 
240: [137, 2, 138], 
241: [67, 138, 2], 
242: [133, 137, 135], 
243: [137, 138, 135], 
244: [136, 140, 134], 
245: [140, 139, 134], 
246: [135, 138, 136], 
247: [138, 140, 136], 
248: [138, 67, 140], 
249: [72, 140, 67], 
250: [1, 132, 142], 
251: [116, 134, 129], 
252: [141, 129, 134], 
253: [129, 141, 132], 
254: [142, 132, 141], 
255: [62, 75, 139], 
256: [75, 143, 139], 
257: [134, 139, 141], 
258: [139, 143, 141], 
259: [1, 142, 144], 
260: [141, 143, 142], 
261: [144, 142, 143], 
262: [75, 78, 143], 
263: [78, 144, 143]]
Per Vertex Normals
[0: [4.75179e-007, 0.308566, 0.951203], 
 1: [-2.37258e-009, 0.999333, -0.0365085], 
 2: [7.11766e-008, 0.110204, -0.993909], 
 3: [-0.995629, 0.093232, -0.00551858], 
 4: [-0.868761, 0.166711, 0.466329], 
 5: [-4.52122e-007, 0.887273, 0.461245], 
 6: [-0.486154, 0.8096, 0.32894], 
 7: [-0.122442, 0.88234, 0.454406], 
 8: [-0.419052, 0.280463, 0.86356], 
 9: [3.10039e-007, 0.475275, 0.879837], 
 10: [-0.38996, 0.443223, 0.807146], 
 11: [2.68789e-008, 0.740081, 0.672517], 
 12: [-0.27459, 0.714749, 0.643222], 
 13: [-0.841823, 0.290739, 0.454758], 
 14: [-0.707935, 0.221187, 0.67075], 
 15: [-0.671689, 0.369132, 0.64232], 
 16: [-0.305973, 0.856301, 0.416088], 
 17: [-0.527905, 0.64354, 0.554232], 
 18: [-0.722874, 0.550911, 0.417074], 
 19: [-2.61505e-008, 0.959024, 0.283325], 
 20: [-0.00129728, 0.961406, 0.275129], 
 21: [-1.81326e-008, 0.993315, 0.115438], 
 22: [0.0687429, 0.992061, 0.105307], 
 23: [-0.213746, 0.958903, 0.186594], 
 24: [-0.10341, 0.963542, 0.246764], 
 25: [0.00892183, 0.996399, 0.0843134], 
 26: [-0.0490238, 0.997711, 0.0465869], 
 27: [-0.715154, 0.698818, -0.0144185], 
 28: [-0.948994, 0.128877, 0.287751], 
 29: [-0.617664, 0.756932, 0.213413], 
 30: [-0.930882, 0.232257, 0.281985], 
 31: [-0.842343, 0.469228, 0.265112], 
 32: [-0.983825, 0.178916, -0.00879601], 
 33: [-0.985006, 0.106553, 0.13568], 
 34: [-0.971474, 0.197086, 0.131892], 
 35: [-0.688597, 0.718576, 0.0973834], 
 36: [-0.900774, 0.416523, 0.12294], 
 37: [-0.920778, 0.389861, -0.0132891], 
 38: [-0.299208, 0.94759, 0.112019], 
 39: [-0.072991, 0.997314, 0.0060442], 
 40: [-0.349546, 0.936725, -0.0190597], 
 41: [-0.34358, 0.938262, 0.0402074], 
 42: [-0.0803555, 0.99649, -0.0234872], 
 43: [-0.0770353, 0.996472, -0.0332878], 
 44: [-0.874437, 0.075038, -0.479301], 
 45: [-0.545573, 0.749011, -0.375944], 
 46: [-0.985217, 0.0849064, -0.148787], 
 47: [-0.705388, 0.697199, -0.127833], 
 48: [-0.973754, 0.171132, -0.150059], 
 49: [-0.910943, 0.384451, -0.149602], 
 50: [-0.860227, 0.180349, -0.476953], 
 51: [-0.951192, 0.0788057, -0.298369], 
 52: [-0.938632, 0.171481, -0.299272], 
 53: [-0.656844, 0.713467, -0.24397], 
 54: [-0.870479, 0.395975, -0.292353], 
 55: [-0.778319, 0.428055, -0.459334], 
 56: [-0.337489, 0.93824, -0.0762044], 
 57: [-0.0730113, 0.996565, -0.0390951], 
 58: [-0.210912, 0.9524, -0.220113], 
 59: [-0.299623, 0.943366, -0.142428], 
 60: [-0.0571156, 0.996379, -0.0629866], 
 61: [-0.012315, 0.994737, -0.101716], 
 62: [2.15243e-008, 0.809313, -0.587377], 
 63: [-0.718525, 0.078809, -0.691022], 
 64: [-0.353733, 0.789037, -0.502288], 
 65: [-0.700291, 0.201005, -0.684974], 
 66: [-0.595062, 0.481593, -0.643404], 
 67: [2.12594e-008, 0.257252, -0.966344], 
 68: [-0.428047, 0.0937312, -0.898883], 
 69: [-0.403932, 0.236124, -0.88379], 
 70: [-0.0834135, 0.81119, -0.578803], 
 71: [-0.286069, 0.539234, -0.792081], 
 72: [4.86615e-009, 0.556902, -0.830578], 
 73: [-0.0717677, 0.954559, -0.289253], 
 74: [0.0607774, 0.98812, -0.141156], 
 75: [-4.78843e-009, 0.939002, -0.343911], 
 76: [0.0898192, 0.939566, -0.330376], 
 77: [0.139961, 0.97621, -0.165606], 
 78: [-3.84114e-008, 0.984737, -0.17405], 
 79: [0.995629, 0.0932321, -0.00551858], 
 80: [0.868761, 0.166711, 0.466328], 
 81: [0.486154, 0.8096, 0.32894], 
 82: [0.122442, 0.88234, 0.454406], 
 83: [0.419053, 0.280463, 0.863559], 
 84: [0.389961, 0.443223, 0.807145], 
 85: [0.274591, 0.714749, 0.643222], 
 86: [0.841823, 0.290739, 0.454758], 
 87: [0.707935, 0.221186, 0.67075], 
 88: [0.67169, 0.369132, 0.64232], 
 89: [0.305973, 0.856301, 0.416088], 
 90: [0.527905, 0.64354, 0.554232], 
 91: [0.722874, 0.550911, 0.417074], 
 92: [0.00129771, 0.961406, 0.275129], 
 93: [-0.0687428, 0.992061, 0.105306], 
 94: [0.213746, 0.958903, 0.186593], 
 95: [0.10341, 0.963542, 0.246763], 
 96: [-0.008922, 0.996399, 0.0843131], 
 97: [0.0490237, 0.997711, 0.0465866], 
 98: [0.715154, 0.698818, -0.0144186], 
 99: [0.948994, 0.128877, 0.287751], 
 100: [0.617664, 0.756932, 0.213413], 
 101: [0.930882, 0.232257, 0.281985], 
 102: [0.842343, 0.469228, 0.265112], 
 103: [0.983825, 0.178916, -0.008796], 
 104: [0.985006, 0.106552, 0.135679], 
 105: [0.971474, 0.197086, 0.131892], 
 106: [0.688597, 0.718576, 0.0973835], 
 107: [0.900774, 0.416523, 0.12294], 
 108: [0.920778, 0.389861, -0.0132892], 
 109: [0.299208, 0.94759, 0.112019], 
 110: [0.0729911, 0.997314, 0.00604346], 
 111: [0.349546, 0.936725, -0.0190597], 
 112: [0.34358, 0.938262, 0.0402073], 
 113: [0.0803555, 0.996489, -0.0234876], 
 114: [0.0770353, 0.996473, -0.0332872], 
 115: [0.874437, 0.0750378, -0.479301], 
 116: [0.545572, 0.749011, -0.375944], 
 117: [0.985217, 0.0849065, -0.148787], 
 118: [0.705388, 0.697199, -0.127833], 
 119: [0.973754, 0.171132, -0.150059], 
 120: [0.910942, 0.384451, -0.149603], 
 121: [0.860227, 0.180349, -0.476953], 
 122: [0.951192, 0.0788053, -0.298369], 
 123: [0.938632, 0.171481, -0.299272], 
 124: [0.656844, 0.713467, -0.24397], 
 125: [0.870479, 0.395975, -0.292353], 
 126: [0.778319, 0.428055, -0.459334], 
 127: [0.337489, 0.93824, -0.0762048], 
 128: [0.0730113, 0.996565, -0.039094], 
 129: [0.210912, 0.9524, -0.220113], 
 130: [0.299623, 0.943366, -0.142427], 
 131: [0.0571156, 0.996379, -0.0629863], 
 132: [0.012315, 0.994737, -0.101716], 
 133: [0.718525, 0.078809, -0.691022], 
 134: [0.353733, 0.789037, -0.502288], 
 135: [0.700291, 0.201005, -0.684974], 
 136: [0.595062, 0.481593, -0.643405], 
 137: [0.428047, 0.0937312, -0.898883], 
 138: [0.403932, 0.236124, -0.88379], 
 139: [0.0834134, 0.81119, -0.578803], 
 140: [0.286069, 0.539234, -0.792081], 
 141: [0.0717677, 0.954559, -0.289253], 
 142: [-0.0607774, 0.98812, -0.141155], 
 143: [-0.0898192, 0.939566, -0.330376], 
 144: [-0.139961, 0.97621, -0.165605]]
Texture Coordinates
[0: [0.77938, 0.806594],
1: [0.77938, 0.684636],
2: [0.77938, 0.571341],
3: [0.717721, 0.688895],
4: [0.73578, 0.772096],
5: [0.77938, 0.76918],
6: [0.74777, 0.745282],
7: [0.767984, 0.766335],
8: [0.763447, 0.802482],
9: [0.77938, 0.801487],
10: [0.76396, 0.79754],
11: [0.77938, 0.788753],
12: [0.765487, 0.785246],
13: [0.737085, 0.768298],
14: [0.748565, 0.790704],
15: [0.749516, 0.786212],
16: [0.757163, 0.758199],
17: [0.752384, 0.775187],
18: [0.741059, 0.759247],
19: [0.77938, 0.743828],
20: [0.771352, 0.741816],
21: [0.77938, 0.714842],
22: [0.775274, 0.713792],
23: [0.757076, 0.727014],
24: [0.763715, 0.736094],
25: [0.771383, 0.710828],
26: [0.768007, 0.706143],
27: [0.734374, 0.686036],
28: [0.726037, 0.747689],
29: [0.740573, 0.728206],
30: [0.727602, 0.744773],
31: [0.732402, 0.738244],
32: [0.719483, 0.687855],
33: [0.719873, 0.719289],
34: [0.721593, 0.717334],
35: [0.735995, 0.708058],
36: [0.726906, 0.713601],
37: [0.724966, 0.686893],
38: [0.751982, 0.71501],
39: [0.765414, 0.699968],
40: [0.747583, 0.685319],
41: [0.748737, 0.700834],
42: [0.76376, 0.692712],
43: [0.763169, 0.684822],
44: [0.735781, 0.605742],
45: [0.747502, 0.623484],
46: [0.719873, 0.658507],
47: [0.735929, 0.663442],
48: [0.721552, 0.658239],
49: [0.726844, 0.65977],
50: [0.736925, 0.606652],
51: [0.726037, 0.630123],
52: [0.727511, 0.630493],
53: [0.740423, 0.641988],
54: [0.732263, 0.63418],
55: [0.740813, 0.61215],
56: [0.748679, 0.669374],
57: [0.763723, 0.676777],
58: [0.756843, 0.641149],
59: [0.751852, 0.654219],
60: [0.765333, 0.669171],
61: [0.767862, 0.662625],
62: [0.77938, 0.599066],
63: [0.748567, 0.587169],
64: [0.756755, 0.609569],
65: [0.749275, 0.588548],
66: [0.752011, 0.595507],
67: [0.77938, 0.573423],
68: [0.763449, 0.575427],
69: [0.763699, 0.577199],
70: [0.767542, 0.601177],
71: [0.765083, 0.58528],
72: [0.77938, 0.5823],
73: [0.76336, 0.631332],
74: [0.771164, 0.657696],
75: [0.77938, 0.623964],
76: [0.770967, 0.625427],
77: [0.775037, 0.654686],
78: [0.77938, 0.653828],
79: [0.841039, 0.688895],
80: [0.822981, 0.772096],
81: [0.810991, 0.745282],
82: [0.790776, 0.766335],
83: [0.795313, 0.802482],
84: [0.7948, 0.79754],
85: [0.793273, 0.785246],
86: [0.821675, 0.768298],
87: [0.810196, 0.790704],
88: [0.809244, 0.786212],
89: [0.801598, 0.758199],
90: [0.806376, 0.775187],
91: [0.817701, 0.759247],
92: [0.787408, 0.741816],
93: [0.783486, 0.713792],
94: [0.801684, 0.727014],
95: [0.795045, 0.736094],
96: [0.787377, 0.710828],
97: [0.790754, 0.706143],
98: [0.824387, 0.686036],
99: [0.832723, 0.747689],
100: [0.818187, 0.728206],
101: [0.831158, 0.744773],
102: [0.826358, 0.738244],
103: [0.839277, 0.687855],
104: [0.838888, 0.719289],
105: [0.837167, 0.717334],
106: [0.822765, 0.708058],
107: [0.831855, 0.713601],
108: [0.833794, 0.686893],
109: [0.806778, 0.71501],
110: [0.793346, 0.699968],
111: [0.811177, 0.685319],
112: [0.810023, 0.700834],
113: [0.795001, 0.692712],
114: [0.795592, 0.684822],
115: [0.82298, 0.605742],
116: [0.811258, 0.623484],
117: [0.838888, 0.658507],
118: [0.822831, 0.663442],
119: [0.837208, 0.658239],
120: [0.831916, 0.65977],
121: [0.821835, 0.606652],
122: [0.832723, 0.630123],
123: [0.831249, 0.630493],
124: [0.818337, 0.641988],
125: [0.826497, 0.63418],
126: [0.817947, 0.61215],
127: [0.810081, 0.669374],
128: [0.795037, 0.676777],
129: [0.801917, 0.641149],
130: [0.806908, 0.654219],
131: [0.793428, 0.669171],
132: [0.790898, 0.662625],
133: [0.810194, 0.587169],
134: [0.802005, 0.609569],
135: [0.809485, 0.588548],
136: [0.806749, 0.595507],
137: [0.795311, 0.575427],
138: [0.795062, 0.577199],
139: [0.791218, 0.601177],
140: [0.793678, 0.58528],
141: [0.795401, 0.631332],
142: [0.787596, 0.657696],
143: [0.787793, 0.625427],
144: [0.783724, 0.654686]]
