Name: body
Transform: [0, 0, 0]
Rotation: [0, 0, 0, 1]
Scale: [1, 1, 1]
LOD: 0
Animation data
[]
[]
[]
SubObjects: [canopy guns thrusters]
Shading Data:
Diffuse_Color: [1,1,1,1]
Ambient: [0, 0, 0, 0]
Emmision_Color: [0, 0, 0, 1]
Specular_Color: [1,1,1,1]
Shininess: 10
Texture: ship
Number of Vertices: 526
[0: [3.42539, -0.584811, 0.14805, 1], 
 1: [3.38222, -0.575886, 1.051, 1], 
 2: [3.36778, -0.572661, 1.13479, 1], 
 3: [3.41782, -0.572885, 0.800014, 1], 
 4: [3.4386, -0.521693, 0.558826, 1], 
 5: [3.41786, -0.521693, 0.103308, 1], 
 6: [3.43807, -0.587043, 0.568518, 1], 
 7: [3.43955, -0.600483, 0.290422, 1], 
 8: [3.42823, -0.521693, 0.331067, 1], 
 9: [3.43342, -0.521693, 0.444947, 1], 
 10: [3.44262, -0.597145, 0.436041, 1], 
 11: [3.4297, -0.577516, 0.683864, 1], 
 12: [3.42462, -0.522658, 0.681559, 1], 
 13: [3.41158, -0.523558, 0.795951, 1], 
 14: [-3.42539, -0.584811, 0.14805, 1], 
 15: [-3.38222, -0.575886, 1.051, 1], 
 16: [-3.36778, -0.572661, 1.13479, 1], 
 17: [-3.41782, -0.572885, 0.800014, 1], 
 18: [-3.4386, -0.521693, 0.558826, 1], 
 19: [-3.41786, -0.521693, 0.103308, 1], 
 20: [-3.43807, -0.587043, 0.568518, 1], 
 21: [-3.43955, -0.600483, 0.290422, 1], 
 22: [-3.42823, -0.521693, 0.331067, 1], 
 23: [-3.43342, -0.521693, 0.444947, 1], 
 24: [-3.44262, -0.597145, 0.436041, 1], 
 25: [-3.4297, -0.577516, 0.683864, 1], 
 26: [-3.42462, -0.522658, 0.681558, 1], 
 27: [-3.41158, -0.523558, 0.795951, 1], 
 28: [-3.42672, -0.410544, 0.716622, 1], 
 29: [3.30908e-009, 0.499541, 0.921539, 1], 
 30: [1.55656, 0.000987615, 0.107192, 1], 
 31: [2.66019, -0.163148, 0.372835, 1], 
 32: [2.60724, -0.117884, -0.0869404, 1], 
 33: [2.59111, -0.0975145, -0.243663, 1], 
 34: [2.73595, -0.145211, -0.193284, 1], 
 35: [2.72497, -0.117461, -0.326975, 1], 
 36: [3.07334, -0.301685, -0.165732, 1], 
 37: [3.07845, -0.322241, -0.0254205, 1], 
 38: [2.7468, -0.163998, -0.0338646, 1], 
 39: [3.08423, -0.333866, 0.137559, 1], 
 40: [2.62342, -0.133919, 0.0713972, 1], 
 41: [2.75795, -0.178896, 0.125945, 1], 
 42: [3.0905, -0.342902, 0.297619, 1], 
 43: [2.78527, -0.208433, 0.427672, 1], 
 44: [2.76985, -0.192365, 0.275185, 1], 
 45: [3.09735, -0.352538, 0.443963, 1], 
 46: [3.10654, -0.36769, 0.592958, 1], 
 47: [1.36348, 0.000300526, -0.343926, 1], 
 48: [2.07492, -0.0186855, -0.260904, 1], 
 49: [2.06231, 0.0051821, -0.406527, 1], 
 50: [1.30176, 0.0183229, -0.480801, 1], 
 51: [1.67265, 0.0212331, -0.451463, 1], 
 52: [1.72851, -0.00202323, -0.310851, 1], 
 53: [2.15292, -0.0584941, 0.191977, 1], 
 54: [2.09135, -0.036195, -0.108504, 1], 
 55: [1.42695, -0.00767902, -0.195357, 1], 
 56: [1.78576, -0.017572, -0.16117, 1], 
 57: [1.90252, -0.0310535, 0.138682, 1], 
 58: [2.73632, -0.194936, 0.817307, 1], 
 59: [2.7132, -0.195378, 0.695577, 1], 
 60: [2.85281, -0.252781, 0.747538, 1], 
 61: [2.90808, -0.264388, 0.863532, 1], 
 62: [1.76803, 0.0966133, 0.554283, 1], 
 63: [2.31109, -0.0455911, 0.639446, 1], 
 64: [2.26398, -0.0635316, 0.510393, 1], 
 65: [1.70204, 0.0486725, 0.4211, 1], 
 66: [2.03647, -0.0178664, 0.454218, 1], 
 67: [2.095, 0.0109634, 0.585336, 1], 
 68: [-2.10377e-009, -0.218976, -0.448387, 1], 
 69: [1.11219, 0.0107155, 0.106283, 1], 
 70: [0.946447, -0.0371433, -0.379163, 1], 
 71: [0.89802, -0.0288078, -0.525477, 1], 
 72: [1.04178, -0.00793944, -0.496298, 1], 
 73: [1.09834, -0.0186371, -0.356831, 1], 
 74: [0.999397, -0.0320652, -0.219954, 1], 
 75: [1.15685, -0.0171401, -0.204503, 1], 
 76: [1.27741, 0.0157401, 0.107423, 1], 
 77: [-2.12836e-009, -0.198238, -1.35149, 1], 
 78: [0.628088, -0.0662343, -0.596243, 1], 
 79: [0.607922, -0.0454961, -0.775063, 1], 
 80: [1.36336e-008, -0.122024, -1.58656, 1], 
 81: [0.53361, -0.0591111, -0.905907, 1], 
 82: [8.27696e-009, -0.00449424, -1.74123, 1], 
 83: [0.539266, -0.00543845, -1.04755, 1], 
 84: [0.323203, -0.0259119, -1.48266, 1], 
 85: [0.316999, -0.115219, -1.32727, 1], 
 86: [0.546429, -0.0866374, -0.714607, 1], 
 87: [0.322316, -0.169511, -1.10391, 1], 
 88: [0.749217, -0.0348826, 0.0111226, 1], 
 89: [0.661279, -0.070961, -0.399019, 1], 
 90: [-8.87607e-010, -0.240144, -1.07083, 1], 
 91: [0.572503, -0.0960544, -0.501217, 1], 
 92: [0.336627, -0.196804, -0.845445, 1], 
 93: [0.649016, -0.0627293, -0.0532249, 1], 
 94: [-7.48124e-009, -0.247672, -0.764429, 1], 
 95: [0.607204, -0.0885088, -0.280003, 1], 
 96: [0.357474, -0.197865, -0.569791, 1], 
 97: [0.383662, -0.17114, -0.285937, 1], 
 98: [1.29061, 0.181057, 0.584832, 1], 
 99: [1.23571, 0.105995, 0.439617, 1], 
 100: [1.41047, 0.0963607, 0.427209, 1], 
 101: [1.47075, 0.162241, 0.564841, 1], 
 102: [-4.73519e-009, 0.136246, 0.490293, 1], 
 103: [0.905242, 0.170596, 0.616184, 1], 
 104: [0.854848, 0.0757956, 0.427971, 1], 
 105: [3.89823e-009, -0.0356571, 0.175992, 1], 
 106: [0.747207, 0.0555246, 0.401557, 1], 
 107: [4.74092e-010, -0.150979, -0.135329, 1], 
 108: [0.696741, -0.0164243, 0.177283, 1], 
 109: [0.414275, -0.113857, -0.000960408, 1], 
 110: [0.448205, -0.0191987, 0.27984, 1], 
 111: [0.796864, 0.159575, 0.610127, 1], 
 112: [-8.30017e-009, 0.0426432, 0.332475, 1], 
 113: [0.772337, 0.103015, 0.507923, 1], 
 114: [0.466049, 0.0446393, 0.417343, 1], 
 115: [0.484264, 0.121032, 0.553094, 1], 
 116: [0.94776, 0.293456, 0.775801, 1], 
 117: [2.11593e-008, 0.357992, 0.788359, 1], 
 118: [0.840844, 0.295139, 0.790133, 1], 
 119: [2.33963e-009, 0.244309, 0.647042, 1], 
 120: [0.820194, 0.22521, 0.706878, 1], 
 121: [0.502446, 0.209606, 0.685178, 1], 
 122: [0.519244, 0.303476, 0.802008, 1], 
 123: [0.185654, -0.0167969, -1.5927, 1], 
 124: [-1.55656, 0.000987616, 0.107192, 1], 
 125: [-2.66019, -0.163148, 0.372835, 1], 
 126: [-2.60724, -0.117884, -0.0869404, 1], 
 127: [-2.59111, -0.0975145, -0.243663, 1], 
 128: [-2.73595, -0.145211, -0.193284, 1], 
 129: [-2.72497, -0.117461, -0.326975, 1], 
 130: [-3.07334, -0.301685, -0.165732, 1], 
 131: [-3.07845, -0.322241, -0.0254206, 1], 
 132: [-2.7468, -0.163998, -0.0338646, 1], 
 133: [-3.08423, -0.333866, 0.137559, 1], 
 134: [-2.62342, -0.133919, 0.0713972, 1], 
 135: [-2.75795, -0.178896, 0.125945, 1], 
 136: [-3.0905, -0.342902, 0.297619, 1], 
 137: [-2.78527, -0.208433, 0.427672, 1], 
 138: [-2.76985, -0.192365, 0.275185, 1], 
 139: [-3.09735, -0.352538, 0.443963, 1], 
 140: [-3.10654, -0.36769, 0.592958, 1], 
 141: [-1.36348, 0.000300527, -0.343926, 1], 
 142: [-2.07492, -0.0186855, -0.260904, 1], 
 143: [-2.06231, 0.0051821, -0.406527, 1], 
 144: [-1.30176, 0.0183229, -0.480801, 1], 
 145: [-1.67265, 0.0212331, -0.451463, 1], 
 146: [-1.72851, -0.00202323, -0.310851, 1], 
 147: [-2.15292, -0.0584941, 0.191977, 1], 
 148: [-2.09135, -0.036195, -0.108504, 1], 
 149: [-1.42695, -0.00767902, -0.195357, 1], 
 150: [-1.78576, -0.017572, -0.16117, 1], 
 151: [-1.90252, -0.0310535, 0.138682, 1], 
 152: [-2.73632, -0.194936, 0.817307, 1], 
 153: [-2.7132, -0.195378, 0.695577, 1], 
 154: [-2.85281, -0.252781, 0.747537, 1], 
 155: [-2.90808, -0.264388, 0.863532, 1], 
 156: [-1.76803, 0.0966133, 0.554283, 1], 
 157: [-2.31109, -0.0455911, 0.639446, 1], 
 158: [-2.26398, -0.0635316, 0.510393, 1], 
 159: [-1.70204, 0.0486725, 0.4211, 1], 
 160: [-2.03647, -0.0178664, 0.454218, 1], 
 161: [-2.095, 0.0109634, 0.585336, 1], 
 162: [-1.11219, 0.0107155, 0.106283, 1], 
 163: [-0.946447, -0.0371433, -0.379163, 1], 
 164: [-0.89802, -0.0288078, -0.525477, 1], 
 165: [-1.04178, -0.00793944, -0.496298, 1], 
 166: [-1.09834, -0.0186371, -0.356831, 1], 
 167: [-0.999397, -0.0320652, -0.219954, 1], 
 168: [-1.15685, -0.0171401, -0.204503, 1], 
 169: [-1.27741, 0.0157401, 0.107423, 1], 
 170: [2.20662e-009, -0.198238, -1.35149, 1], 
 171: [-0.628088, -0.0662343, -0.596243, 1], 
 172: [-0.607922, -0.0454961, -0.775063, 1], 
 173: [-0.53361, -0.0591111, -0.905907, 1], 
 174: [-0.539266, -0.00543847, -1.04755, 1], 
 175: [-0.323203, -0.0259118, -1.48266, 1], 
 176: [-0.316999, -0.115219, -1.32727, 1], 
 177: [-0.546429, -0.0866374, -0.714607, 1], 
 178: [-0.322316, -0.169511, -1.10391, 1], 
 179: [-0.749217, -0.0348826, 0.0111226, 1], 
 180: [-0.661279, -0.070961, -0.399019, 1], 
 181: [-0.572503, -0.0960544, -0.501217, 1], 
 182: [-0.336627, -0.196804, -0.845445, 1], 
 183: [-0.649016, -0.0627293, -0.0532249, 1], 
 184: [-0.607204, -0.0885088, -0.280003, 1], 
 185: [-0.357474, -0.197865, -0.569791, 1], 
 186: [-0.383662, -0.17114, -0.285937, 1], 
 187: [-1.29061, 0.181057, 0.584832, 1], 
 188: [-1.23571, 0.105995, 0.439617, 1], 
 189: [-1.41047, 0.0963607, 0.427209, 1], 
 190: [-1.47075, 0.162241, 0.564841, 1], 
 191: [-0.905242, 0.170596, 0.616184, 1], 
 192: [-0.854848, 0.0757956, 0.427971, 1], 
 193: [-0.747207, 0.0555246, 0.401557, 1], 
 194: [-0.696741, -0.0164243, 0.177283, 1], 
 195: [-0.414275, -0.113857, -0.0009604, 1], 
 196: [-0.448205, -0.0191987, 0.27984, 1], 
 197: [-0.796864, 0.159575, 0.610127, 1], 
 198: [-0.772337, 0.103015, 0.507923, 1], 
 199: [-0.466049, 0.0446393, 0.417343, 1], 
 200: [-0.484264, 0.121032, 0.553094, 1], 
 201: [-0.94776, 0.293456, 0.775801, 1], 
 202: [-0.840844, 0.295139, 0.790133, 1], 
 203: [-0.820194, 0.22521, 0.706878, 1], 
 204: [-0.502446, 0.209606, 0.685178, 1], 
 205: [-0.519244, 0.303476, 0.802008, 1], 
 206: [-0.185654, -0.0167969, -1.5927, 1], 
 207: [-1.17996e-008, 0.397503, 1.61687, 1], 
 208: [-0.170527, 0.462607, 1.28097, 1], 
 209: [-1.05315e-008, 0.460482, 1.29453, 1], 
 210: [-0.0861771, 0.431577, 1.45577, 1], 
 211: [-0.248219, 0.486883, 1.09101, 1], 
 212: [0.170527, 0.462607, 1.28097, 1], 
 213: [0.086177, 0.431577, 1.45577, 1], 
 214: [0.248219, 0.486883, 1.09101, 1], 
 215: [3.4276, -0.423902, 0.163, 1], 
 216: [3.43908, -0.410907, 0.281089, 1], 
 217: [3.41369, -0.458132, 0.0826623, 1], 
 218: [3.4105, -0.535468, 0.0680483, 1], 
 219: [3.44275, -0.406093, 0.416655, 1], 
 220: [3.43856, -0.404239, 0.559632, 1], 
 221: [3.42672, -0.410544, 0.716622, 1], 
 222: [3.37359, -0.476284, 1.10197, 1], 
 223: [3.36709, -0.526629, 1.18636, 1], 
 224: [3.40615, -0.431764, 0.892474, 1], 
 225: [-3.43908, -0.410907, 0.281089, 1], 
 226: [-3.4276, -0.423902, 0.163, 1], 
 227: [-3.41369, -0.458132, 0.0826624, 1], 
 228: [-3.4105, -0.535468, 0.0680483, 1], 
 229: [-3.44275, -0.406093, 0.416655, 1], 
 230: [-3.43856, -0.404239, 0.55964, 1], 
 231: [-3.36709, -0.526629, 1.18636, 1], 
 232: [-3.37359, -0.476284, 1.10197, 1], 
 233: [-3.40615, -0.431764, 0.892474, 1], 
 234: [0.369934, 0.109378, -1.48699, 1], 
 235: [0.413952, 0.201174, -1.41721, 1], 
 236: [0.673331, 0.210758, -0.918024, 1], 
 237: [0.613533, 0.0866428, -1.00991, 1], 
 238: [0.42564, 0.27197, -1.3636, 1], 
 239: [2.5558, -0.0145014, -0.426938, 1], 
 240: [2.70991, -0.0641303, -0.383553, 1], 
 241: [3.06805, -0.252012, -0.22968, 1], 
 242: [2.05987, 0.0801521, -0.536166, 1], 
 243: [1.21118, 0.113968, -0.615598, 1], 
 244: [1.58983, 0.117034, -0.594983, 1], 
 245: [3.03827, -0.314186, 1.0049, 1], 
 246: [2.75808, -0.172427, 0.897361, 1], 
 247: [2.39843, -0.0174123, 0.751505, 1], 
 248: [2.14548, 0.0613528, 0.683976, 1], 
 249: [1.8267, 0.16495, 0.657145, 1], 
 250: [0.812773, 0.0705009, -0.701994, 1], 
 251: [0.955843, 0.0855164, -0.635962, 1], 
 252: [0.21452, 0.129672, -1.64907, 1], 
 253: [1.52319, 0.247954, 0.673799, 1], 
 254: [1.33615, 0.276685, 0.702213, 1], 
 255: [1.20578, 0.288903, 0.739323, 1], 
 256: [1.22219, 0.38941, 0.758912, 1], 
 257: [0.969608, 0.40854, 0.85001, 1], 
 258: [0.865913, 0.422082, 0.876731, 1], 
 259: [0.541566, 0.471962, 0.933524, 1], 
 260: [0.296889, 0.498156, 0.945943, 1], 
 261: [8.6557e-009, 0.163131, -1.77691, 1], 
 262: [-0.413952, 0.201174, -1.41721, 1], 
 263: [-0.369934, 0.109378, -1.48699, 1], 
 264: [-0.613533, 0.0866428, -1.00991, 1], 
 265: [-0.673331, 0.210758, -0.918024, 1], 
 266: [-0.42564, 0.27197, -1.3636, 1], 
 267: [-2.70991, -0.0641303, -0.383553, 1], 
 268: [-2.5558, -0.0145014, -0.426938, 1], 
 269: [-3.06805, -0.252012, -0.22968, 1], 
 270: [-2.05987, 0.0801521, -0.536166, 1], 
 271: [-1.58983, 0.117034, -0.594983, 1], 
 272: [-1.21118, 0.113968, -0.615598, 1], 
 273: [-2.75808, -0.172427, 0.897361, 1], 
 274: [-3.03827, -0.314186, 1.0049, 1], 
 275: [-2.39843, -0.0174123, 0.751505, 1], 
 276: [-1.8267, 0.16495, 0.657145, 1], 
 277: [-2.14548, 0.0613528, 0.683976, 1], 
 278: [-0.955842, 0.0855164, -0.635962, 1], 
 279: [-0.812773, 0.0705009, -0.701994, 1], 
 280: [-0.21452, 0.129672, -1.64907, 1], 
 281: [-1.33615, 0.276685, 0.702213, 1], 
 282: [-1.52319, 0.247954, 0.673799, 1], 
 283: [-1.20578, 0.288903, 0.739323, 1], 
 284: [-0.969608, 0.40854, 0.85001, 1], 
 285: [-1.22219, 0.38941, 0.758913, 1], 
 286: [-0.865913, 0.422082, 0.876731, 1], 
 287: [-0.296889, 0.498156, 0.945943, 1], 
 288: [-0.541566, 0.471962, 0.933524, 1], 
 289: [3.37359, -0.476284, 1.10197, 1], 
 290: [3.44275, -0.406093, 0.416655, 1], 
 291: [3.4105, -0.535468, 0.0680483, 1], 
 292: [3.36709, -0.526629, 1.18636, 1], 
 293: [3.41369, -0.458132, 0.0826624, 1], 
 294: [3.43908, -0.410907, 0.281089, 1], 
 295: [3.42672, -0.410544, 0.716622, 1], 
 296: [3.40615, -0.431764, 0.892474, 1], 
 297: [-3.37359, -0.476284, 1.10197, 1], 
 298: [-3.44275, -0.406093, 0.416655, 1], 
 299: [-3.4105, -0.535468, 0.0680483, 1], 
 300: [-3.36709, -0.526629, 1.18636, 1], 
 301: [-3.4276, -0.423902, 0.163, 1], 
 302: [-3.41369, -0.458132, 0.0826624, 1], 
 303: [-3.43908, -0.410907, 0.281089, 1], 
 304: [-3.40615, -0.431764, 0.892474, 1], 
 305: [0.482824, 0.559301, -0.18205, 1], 
 306: [1.19578e-016, 0.619551, -0.976457, 1], 
 307: [0.306335, 0.571038, -0.828314, 1], 
 308: [2.17601e-016, 0.163131, -1.77691, 1], 
 309: [1.82993, 0.283719, 0.635237, 1], 
 310: [1.21118, 0.113968, -0.615598, 1], 
 311: [1.31424e-016, 0.612863, -1.07319, 1], 
 312: [1.34171, 0.331475, -0.244406, 1], 
 313: [0.613533, 0.0866428, -1.00991, 1], 
 314: [0.717051, 0.407111, -0.501924, 1], 
 315: [1.82438e-016, 0.46867, -1.48977, 1], 
 316: [0.6893, 0.294269, -0.808335, 1], 
 317: [2.03961e-016, 0.357862, -1.66552, 1], 
 318: [0.673331, 0.210758, -0.918024, 1], 
 319: [0.369934, 0.109378, -1.48699, 1], 
 320: [0.42564, 0.27197, -1.3636, 1], 
 321: [2.12429e-016, 0.275897, -1.73467, 1], 
 322: [0.413952, 0.201174, -1.41721, 1], 
 323: [0.21452, 0.129672, -1.64907, 1], 
 324: [0.2303, 0.233642, -1.63462, 1], 
 325: [0.236674, 0.311833, -1.5712, 1], 
 326: [0.440427, 0.371139, -1.21519, 1], 
 327: [1.58844e-016, 0.54886, -1.2971, 1], 
 328: [0.70169, 0.356986, -0.669382, 1], 
 329: [0.451948, 0.443736, -1.04136, 1], 
 330: [0.463934, 0.501464, -0.835783, 1], 
 331: [1.22387, 0.261655, -0.477819, 1], 
 332: [0.812773, 0.0705009, -0.701994, 1], 
 333: [0.810007, 0.252389, -0.593708, 1], 
 334: [0.793804, 0.180463, -0.685368, 1], 
 335: [1.19693, 0.204957, -0.564759, 1], 
 336: [0.955843, 0.0855164, -0.635962, 1], 
 337: [0.939485, 0.182361, -0.589359, 1], 
 338: [0.962188, 0.246688, -0.503439, 1], 
 339: [0.871593, 0.351909, -0.334011, 1], 
 340: [0.835746, 0.306987, -0.47586, 1], 
 341: [1.27411, 0.301957, -0.3706, 1], 
 342: [1.00546, 0.296298, -0.396574, 1], 
 343: [1.06398, 0.336918, -0.26932, 1], 
 344: [0.950462, 0.463223, 0.768318, 1], 
 345: [0.78766, 0.460655, 0.00808611, 1], 
 346: [0.46102, 0.549072, -0.52777, 1], 
 347: [0.743244, 0.442729, -0.281311, 1], 
 348: [0.432478, 0.581472, 0.245334, 1], 
 349: [0.848934, 0.468642, 0.328001, 1], 
 350: [0.521723, 0.555334, 0.232415, 1], 
 351: [0.54624, 0.544308, 0.852207, 1], 
 352: [1.53696, 0.344469, 0.113994, 1], 
 353: [0.999022, 0.407517, 0.0864291, 1], 
 354: [0.923707, 0.386381, -0.150615, 1], 
 355: [1.42796, 0.347342, -0.0863302, 1], 
 356: [1.14053, 0.366526, -0.106089, 1], 
 357: [1.24047, 0.381396, 0.104196, 1], 
 358: [1.23184, 0.422031, 0.704136, 1], 
 359: [1.09256, 0.420106, 0.348576, 1], 
 360: [1.66251, 0.326793, 0.336955, 1], 
 361: [1.35716, 0.385431, 0.337955, 1], 
 362: [1.51864, 0.373412, 0.654028, 1], 
 363: [2.05987, 0.0801521, -0.536166, 1], 
 364: [2.11541, 0.238455, -0.137986, 1], 
 365: [2.04339, 0.207291, -0.399651, 1], 
 366: [2.03592, 0.162809, -0.490513, 1], 
 367: [1.58983, 0.117034, -0.594983, 1], 
 368: [1.57345, 0.203252, -0.54397, 1], 
 369: [1.59449, 0.25239, -0.453927, 1], 
 370: [2.0719, 0.230182, -0.279928, 1], 
 371: [1.6388, 0.282452, -0.340612, 1], 
 372: [1.70031, 0.2997, -0.207576, 1], 
 373: [3.4276, -0.423902, 0.163, 1], 
 374: [2.5558, -0.0145014, -0.426938, 1], 
 375: [2.52802, 0.113999, -0.301705, 1], 
 376: [2.53106, 0.0697178, -0.390399, 1], 
 377: [3.06805, -0.252012, -0.22968, 1], 
 378: [3.03005, -0.141595, -0.224594, 1], 
 379: [3.01021, -0.0847781, -0.146893, 1], 
 380: [2.56383, 0.135506, -0.028482, 1], 
 381: [2.5406, 0.133256, -0.177719, 1], 
 382: [2.99134, -0.0484272, -0.0320861, 1], 
 383: [3.00302, -0.0492307, 0.1222, 1], 
 384: [2.449, 0.0625744, 0.735721, 1], 
 385: [2.24373, 0.201891, 0.230343, 1], 
 386: [2.17161, 0.231243, 0.0297243, 1], 
 387: [1.77873, 0.301697, -0.0462207, 1], 
 388: [1.8777, 0.282235, 0.152257, 1], 
 389: [2.33237, 0.150936, 0.453341, 1], 
 390: [1.99379, 0.244255, 0.372554, 1], 
 391: [2.14617, 0.173081, 0.660154, 1], 
 392: [2.63499, 0.0861069, 0.346725, 1], 
 393: [2.59439, 0.122096, 0.144388, 1], 
 394: [3.43856, -0.404239, 0.559632, 1], 
 395: [3.01784, -0.0656219, 0.297563, 1], 
 396: [3.03871, -0.104858, 0.498542, 1], 
 397: [2.76326, -0.0767102, 0.851906, 1], 
 398: [2.68935, 0.0248751, 0.573177, 1], 
 399: [3.07051, -0.173368, 0.72483, 1], 
 400: [3.11743, -0.284671, 0.99572, 1], 
 401: [0.343476, 0.596379, 0.666409, 1], 
 402: [0.28253, 0.599288, 0.88624, 1], 
 403: [2.70991, -0.0641303, -0.383553, 1], 
 404: [2.75808, -0.172427, 0.897361, 1], 
 405: [3.03827, -0.314186, 1.0049, 1], 
 406: [2.39843, -0.0174123, 0.751505, 1], 
 407: [1.8267, 0.16495, 0.657145, 1], 
 408: [2.14548, 0.0613528, 0.683976, 1], 
 409: [1.33615, 0.276685, 0.702213, 1], 
 410: [1.52319, 0.247954, 0.673799, 1], 
 411: [0.969608, 0.40854, 0.85001, 1], 
 412: [1.20578, 0.288903, 0.739323, 1], 
 413: [1.22219, 0.38941, 0.758913, 1], 
 414: [0.865913, 0.422082, 0.876731, 1], 
 415: [0.296889, 0.498156, 0.945943, 1], 
 416: [0.541566, 0.471962, 0.933524, 1], 
 417: [2.71097, -0.00325784, -0.332627, 1], 
 418: [0.278975, 0.548987, 0.95655, 1], 
 419: [-0.482824, 0.559301, -0.18205, 1], 
 420: [-0.306335, 0.571038, -0.828314, 1], 
 421: [-1.82993, 0.283719, 0.635237, 1], 
 422: [-1.21118, 0.113968, -0.615598, 1], 
 423: [-1.34171, 0.331475, -0.244406, 1], 
 424: [-0.613533, 0.0866428, -1.00991, 1], 
 425: [-0.717051, 0.407111, -0.501924, 1], 
 426: [-0.6893, 0.294269, -0.808335, 1], 
 427: [-0.673331, 0.210758, -0.918024, 1], 
 428: [-0.369934, 0.109378, -1.48699, 1], 
 429: [-0.42564, 0.27197, -1.3636, 1], 
 430: [-0.413952, 0.201174, -1.41721, 1], 
 431: [-0.21452, 0.129672, -1.64907, 1], 
 432: [-0.2303, 0.233642, -1.63462, 1], 
 433: [-0.236674, 0.311833, -1.5712, 1], 
 434: [-0.440427, 0.371139, -1.21519, 1], 
 435: [-0.70169, 0.356986, -0.669382, 1], 
 436: [-0.451948, 0.443736, -1.04136, 1], 
 437: [-0.463934, 0.501464, -0.835783, 1], 
 438: [-1.22387, 0.261655, -0.477819, 1], 
 439: [-0.812773, 0.0705009, -0.701994, 1], 
 440: [-0.810007, 0.252389, -0.593708, 1], 
 441: [-0.793804, 0.180463, -0.685368, 1], 
 442: [-1.19693, 0.204957, -0.564759, 1], 
 443: [-0.955843, 0.0855164, -0.635962, 1], 
 444: [-0.939485, 0.182361, -0.589359, 1], 
 445: [-0.962188, 0.246688, -0.503439, 1], 
 446: [-0.871593, 0.351909, -0.334011, 1], 
 447: [-0.835746, 0.306987, -0.47586, 1], 
 448: [-1.27411, 0.301957, -0.3706, 1], 
 449: [-1.00546, 0.296298, -0.396574, 1], 
 450: [-1.06398, 0.336918, -0.26932, 1], 
 451: [-0.950462, 0.463223, 0.768318, 1], 
 452: [-0.78766, 0.460655, 0.00808611, 1], 
 453: [-0.46102, 0.549072, -0.52777, 1], 
 454: [-0.743244, 0.442729, -0.281311, 1], 
 455: [-0.432478, 0.581472, 0.245334, 1], 
 456: [-0.848934, 0.468642, 0.328001, 1], 
 457: [-0.521723, 0.555334, 0.232415, 1], 
 458: [-0.54624, 0.544308, 0.852207, 1], 
 459: [-1.53696, 0.344469, 0.113994, 1], 
 460: [-0.999022, 0.407517, 0.0864291, 1], 
 461: [-0.923707, 0.386381, -0.150615, 1], 
 462: [-1.42796, 0.347342, -0.0863302, 1], 
 463: [-1.14053, 0.366526, -0.106089, 1], 
 464: [-1.24047, 0.381396, 0.104196, 1], 
 465: [-1.23184, 0.422031, 0.704136, 1], 
 466: [-1.09256, 0.420106, 0.348576, 1], 
 467: [-1.66251, 0.326793, 0.336955, 1], 
 468: [-1.35716, 0.385431, 0.337955, 1], 
 469: [-1.51864, 0.373412, 0.654028, 1], 
 470: [-2.05987, 0.0801521, -0.536166, 1], 
 471: [-2.11541, 0.238455, -0.137986, 1], 
 472: [-2.04339, 0.207291, -0.399651, 1], 
 473: [-2.03592, 0.162809, -0.490513, 1], 
 474: [-1.58983, 0.117034, -0.594983, 1], 
 475: [-1.57345, 0.203252, -0.54397, 1], 
 476: [-1.59449, 0.25239, -0.453927, 1], 
 477: [-2.0719, 0.230182, -0.279928, 1], 
 478: [-1.6388, 0.282452, -0.340612, 1], 
 479: [-1.70031, 0.2997, -0.207576, 1], 
 480: [-2.5558, -0.0145014, -0.426938, 1], 
 481: [-2.52802, 0.113999, -0.301705, 1], 
 482: [-2.53106, 0.0697178, -0.390399, 1], 
 483: [-3.06805, -0.252012, -0.22968, 1], 
 484: [-3.03005, -0.141595, -0.224594, 1], 
 485: [-3.01021, -0.0847781, -0.146893, 1], 
 486: [-2.56383, 0.135506, -0.028482, 1], 
 487: [-2.5406, 0.133256, -0.177719, 1], 
 488: [-2.99134, -0.0484272, -0.0320861, 1], 
 489: [-3.00302, -0.0492307, 0.1222, 1], 
 490: [-2.449, 0.0625744, 0.735721, 1], 
 491: [-2.24373, 0.201891, 0.230343, 1], 
 492: [-2.17161, 0.231243, 0.0297243, 1], 
 493: [-1.77873, 0.301697, -0.0462207, 1], 
 494: [-1.8777, 0.282235, 0.152257, 1], 
 495: [-2.33237, 0.150936, 0.453341, 1], 
 496: [-1.99379, 0.244255, 0.372554, 1], 
 497: [-2.14617, 0.173081, 0.660154, 1], 
 498: [-3.42672, -0.410544, 0.716622, 1], 
 499: [-2.63499, 0.0861069, 0.346725, 1], 
 500: [-2.59439, 0.122096, 0.144388, 1], 
 501: [-3.43856, -0.404239, 0.55964, 1], 
 502: [-3.01784, -0.0656219, 0.297563, 1], 
 503: [-3.03871, -0.104858, 0.498542, 1], 
 504: [-2.76326, -0.0767102, 0.851906, 1], 
 505: [-2.68935, 0.0248751, 0.573177, 1], 
 506: [-3.07051, -0.173368, 0.72483, 1], 
 507: [-3.11743, -0.284671, 0.99572, 1], 
 508: [-0.343476, 0.596379, 0.666409, 1], 
 509: [-0.28253, 0.599288, 0.88624, 1], 
 510: [-2.70991, -0.0641303, -0.383553, 1], 
 511: [-2.75808, -0.172427, 0.897361, 1], 
 512: [-3.03827, -0.314186, 1.0049, 1], 
 513: [-2.39843, -0.0174123, 0.751505, 1], 
 514: [-1.8267, 0.16495, 0.657145, 1], 
 515: [-2.14548, 0.0613528, 0.683976, 1], 
 516: [-1.33615, 0.276685, 0.702213, 1], 
 517: [-1.52319, 0.247954, 0.673799, 1], 
 518: [-0.969608, 0.40854, 0.85001, 1], 
 519: [-1.20578, 0.288903, 0.739323, 1], 
 520: [-1.22219, 0.38941, 0.758913, 1], 
 521: [-0.865913, 0.422082, 0.876731, 1], 
 522: [-0.296889, 0.498156, 0.945943, 1], 
 523: [-0.541566, 0.471962, 0.933524, 1], 
 524: [-2.71097, -0.00325784, -0.332627, 1], 
 525: [-0.278975, 0.548987, 0.95655, 1]]
Number of polygons: 874
Polygon Connection List
[0: [13, 223, 3], 
1: [3, 223, 1], 
2: [223, 2, 1], 
3: [8, 5, 216], 
4: [216, 5, 215], 
5: [5, 217, 215], 
6: [218, 217, 5], 
7: [9, 10, 8], 
8: [5, 8, 7], 
9: [8, 10, 7], 
10: [7, 0, 5], 
11: [0, 218, 5], 
12: [8, 216, 9], 
13: [12, 4, 221], 
14: [216, 219, 9], 
15: [219, 220, 9], 
16: [221, 4, 220], 
17: [220, 4, 9], 
18: [6, 10, 4], 
19: [10, 9, 4], 
20: [12, 11, 4], 
21: [4, 11, 6], 
22: [11, 12, 3], 
23: [12, 13, 3], 
24: [223, 13, 222], 
25: [224, 222, 13], 
26: [224, 13, 221], 
27: [221, 13, 12], 
28: [27, 17, 231], 
29: [17, 15, 231], 
30: [15, 16, 231], 
31: [22, 225, 19], 
32: [225, 226, 19], 
33: [226, 227, 19], 
34: [228, 19, 227], 
35: [23, 22, 24], 
36: [19, 21, 22], 
37: [21, 24, 22], 
38: [21, 19, 14], 
39: [14, 19, 228], 
40: [26, 28, 18], 
41: [22, 23, 225], 
42: [225, 23, 229], 
43: [229, 23, 230], 
44: [28, 230, 18], 
45: [230, 23, 18], 
46: [20, 18, 24], 
47: [24, 18, 23], 
48: [26, 18, 25], 
49: [18, 20, 25], 
50: [25, 17, 26], 
51: [26, 17, 27], 
52: [231, 232, 27], 
53: [233, 27, 232], 
54: [233, 28, 27], 
55: [28, 26, 27], 
56: [234, 235, 237], 
57: [237, 235, 236], 
58: [235, 238, 236], 
59: [55, 56, 30], 
60: [56, 57, 30], 
61: [40, 41, 31], 
62: [41, 44, 31], 
63: [44, 43, 31], 
64: [33, 34, 32], 
65: [34, 38, 32], 
66: [34, 33, 35], 
67: [239, 240, 33], 
68: [240, 35, 33], 
69: [35, 36, 34], 
70: [36, 37, 34], 
71: [240, 241, 35], 
72: [241, 36, 35], 
73: [0, 36, 218], 
74: [218, 36, 241], 
75: [36, 0, 37], 
76: [37, 0, 7], 
77: [34, 37, 38], 
78: [38, 37, 39], 
79: [37, 7, 39], 
80: [10, 39, 7], 
81: [32, 38, 40], 
82: [38, 41, 40], 
83: [38, 39, 41], 
84: [41, 39, 42], 
85: [39, 10, 42], 
86: [10, 6, 42], 
87: [44, 45, 43], 
88: [43, 45, 46], 
89: [41, 42, 44], 
90: [42, 45, 44], 
91: [42, 6, 45], 
92: [11, 45, 6], 
93: [45, 11, 46], 
94: [46, 11, 3], 
95: [50, 51, 47], 
96: [51, 52, 47], 
97: [32, 48, 33], 
98: [49, 33, 48], 
99: [33, 49, 239], 
100: [239, 49, 242], 
101: [243, 244, 50], 
102: [244, 51, 50], 
103: [244, 242, 51], 
104: [242, 49, 51], 
105: [51, 49, 52], 
106: [52, 49, 48], 
107: [54, 40, 53], 
108: [53, 40, 31], 
109: [40, 54, 32], 
110: [54, 48, 32], 
111: [47, 52, 55], 
112: [52, 56, 55], 
113: [52, 48, 56], 
114: [56, 48, 54], 
115: [56, 54, 57], 
116: [57, 54, 53], 
117: [61, 58, 60], 
118: [60, 58, 59], 
119: [60, 59, 43], 
120: [43, 59, 31], 
121: [43, 46, 60], 
122: [60, 46, 1], 
123: [1, 46, 3], 
124: [1, 2, 60], 
125: [2, 61, 60], 
126: [245, 246, 61], 
127: [61, 246, 58], 
128: [61, 2, 245], 
129: [223, 245, 2], 
130: [62, 65, 67], 
131: [65, 66, 67], 
132: [64, 59, 63], 
133: [63, 59, 58], 
134: [53, 31, 64], 
135: [59, 64, 31], 
136: [57, 66, 30], 
137: [30, 66, 65], 
138: [57, 53, 66], 
139: [66, 53, 64], 
140: [66, 64, 67], 
141: [67, 64, 63], 
142: [58, 246, 63], 
143: [246, 247, 63], 
144: [249, 62, 248], 
145: [62, 67, 248], 
146: [248, 67, 247], 
147: [67, 63, 247], 
148: [68, 94, 97], 
149: [94, 96, 97], 
150: [74, 75, 69], 
151: [75, 76, 69], 
152: [71, 72, 70], 
153: [72, 73, 70], 
154: [71, 250, 72], 
155: [251, 72, 250], 
156: [72, 251, 50], 
157: [243, 50, 251], 
158: [47, 73, 50], 
159: [73, 72, 50], 
160: [70, 73, 74], 
161: [73, 75, 74], 
162: [55, 75, 47], 
163: [75, 73, 47], 
164: [76, 75, 30], 
165: [75, 55, 30], 
166: [80, 85, 77], 
167: [85, 87, 77], 
168: [70, 78, 71], 
169: [79, 71, 78], 
170: [71, 79, 250], 
171: [250, 79, 237], 
172: [80, 82, 85], 
173: [82, 123, 85], 
174: [123, 84, 85], 
175: [237, 79, 83], 
176: [79, 81, 83], 
177: [252, 234, 123], 
178: [234, 84, 123], 
179: [234, 237, 84], 
180: [237, 83, 84], 
181: [81, 85, 83], 
182: [85, 84, 83], 
183: [81, 79, 86], 
184: [86, 79, 78], 
185: [86, 87, 81], 
186: [81, 87, 85], 
187: [89, 74, 88], 
188: [88, 74, 69], 
189: [74, 89, 70], 
190: [89, 78, 70], 
191: [77, 87, 90], 
192: [87, 92, 90], 
193: [86, 78, 91], 
194: [91, 78, 89], 
195: [91, 92, 86], 
196: [86, 92, 87], 
197: [91, 89, 95], 
198: [88, 93, 89], 
199: [93, 95, 89], 
200: [94, 90, 96], 
201: [90, 92, 96], 
202: [92, 91, 96], 
203: [96, 91, 95], 
204: [96, 95, 97], 
205: [97, 95, 93], 
206: [101, 98, 100], 
207: [100, 98, 99], 
208: [69, 76, 99], 
209: [76, 100, 99], 
210: [65, 100, 30], 
211: [100, 76, 30], 
212: [101, 100, 62], 
213: [62, 100, 65], 
214: [253, 254, 101], 
215: [101, 254, 98], 
216: [253, 101, 249], 
217: [249, 101, 62], 
218: [115, 102, 114], 
219: [112, 114, 102], 
220: [104, 99, 103], 
221: [103, 99, 98], 
222: [88, 69, 104], 
223: [99, 104, 69], 
224: [107, 109, 105], 
225: [109, 110, 105], 
226: [93, 88, 108], 
227: [88, 104, 108], 
228: [106, 108, 104], 
229: [107, 68, 109], 
230: [68, 97, 109], 
231: [97, 93, 109], 
232: [109, 93, 108], 
233: [109, 108, 110], 
234: [110, 108, 106], 
235: [106, 104, 113], 
236: [104, 103, 113], 
237: [111, 113, 103], 
238: [114, 112, 110], 
239: [105, 110, 112], 
240: [114, 110, 113], 
241: [110, 106, 113], 
242: [114, 113, 115], 
243: [115, 113, 111], 
244: [103, 98, 116], 
245: [116, 98, 255], 
246: [254, 255, 98], 
247: [116, 255, 257], 
248: [255, 256, 257], 
249: [122, 117, 121], 
250: [119, 121, 117], 
251: [111, 103, 120], 
252: [103, 116, 120], 
253: [118, 120, 116], 
254: [121, 119, 115], 
255: [102, 115, 119], 
256: [115, 111, 121], 
257: [121, 111, 120], 
258: [121, 120, 122], 
259: [122, 120, 118], 
260: [118, 116, 258], 
261: [116, 257, 258], 
262: [259, 260, 122], 
263: [122, 260, 117], 
264: [117, 260, 29], 
265: [259, 122, 258], 
266: [122, 118, 258], 
267: [252, 123, 261], 
268: [123, 82, 261], 
269: [263, 264, 262], 
270: [264, 265, 262], 
271: [265, 266, 262], 
272: [149, 124, 150], 
273: [124, 151, 150], 
274: [134, 125, 135], 
275: [135, 125, 138], 
276: [125, 137, 138], 
277: [127, 126, 128], 
278: [126, 132, 128], 
279: [128, 129, 127], 
280: [268, 127, 267], 
281: [267, 127, 129], 
282: [129, 128, 130], 
283: [128, 131, 130], 
284: [267, 129, 269], 
285: [269, 129, 130], 
286: [14, 228, 130], 
287: [228, 269, 130], 
288: [21, 14, 131], 
289: [131, 14, 130], 
290: [133, 131, 132], 
291: [132, 131, 128], 
292: [131, 133, 21], 
293: [24, 21, 133], 
294: [126, 134, 132], 
295: [134, 135, 132], 
296: [132, 135, 133], 
297: [135, 136, 133], 
298: [133, 136, 24], 
299: [20, 24, 136], 
300: [138, 137, 139], 
301: [137, 140, 139], 
302: [135, 138, 136], 
303: [136, 138, 139], 
304: [136, 139, 20], 
305: [25, 20, 139], 
306: [139, 140, 25], 
307: [140, 17, 25], 
308: [144, 141, 145], 
309: [141, 146, 145], 
310: [126, 127, 142], 
311: [143, 142, 127], 
312: [127, 268, 143], 
313: [268, 270, 143], 
314: [272, 144, 271], 
315: [271, 144, 145], 
316: [271, 145, 270], 
317: [270, 145, 143], 
318: [145, 146, 143], 
319: [146, 142, 143], 
320: [148, 147, 134], 
321: [147, 125, 134], 
322: [134, 126, 148], 
323: [126, 142, 148], 
324: [141, 149, 146], 
325: [149, 150, 146], 
326: [146, 150, 142], 
327: [150, 148, 142], 
328: [150, 151, 148], 
329: [151, 147, 148], 
330: [155, 154, 152], 
331: [154, 153, 152], 
332: [125, 153, 137], 
333: [137, 153, 154], 
334: [137, 154, 140], 
335: [154, 15, 140], 
336: [15, 17, 140], 
337: [15, 154, 16], 
338: [16, 154, 155], 
339: [274, 155, 273], 
340: [155, 152, 273], 
341: [155, 274, 16], 
342: [231, 16, 274], 
343: [156, 161, 159], 
344: [159, 161, 160], 
345: [158, 157, 153], 
346: [157, 152, 153], 
347: [147, 158, 125], 
348: [153, 125, 158], 
349: [159, 160, 124], 
350: [124, 160, 151], 
351: [151, 160, 147], 
352: [160, 158, 147], 
353: [160, 161, 158], 
354: [161, 157, 158], 
355: [152, 157, 273], 
356: [273, 157, 275], 
357: [276, 277, 156], 
358: [156, 277, 161], 
359: [277, 275, 161], 
360: [275, 157, 161], 
361: [68, 186, 94], 
362: [94, 186, 185], 
363: [167, 162, 168], 
364: [162, 169, 168], 
365: [164, 163, 165], 
366: [163, 166, 165], 
367: [164, 165, 279], 
368: [278, 279, 165], 
369: [165, 144, 278], 
370: [272, 278, 144], 
371: [141, 144, 166], 
372: [166, 144, 165], 
373: [163, 167, 166], 
374: [167, 168, 166], 
375: [149, 141, 168], 
376: [168, 141, 166], 
377: [169, 124, 168], 
378: [124, 149, 168], 
379: [80, 170, 176], 
380: [170, 178, 176], 
381: [163, 164, 171], 
382: [172, 171, 164], 
383: [164, 279, 172], 
384: [279, 264, 172], 
385: [80, 176, 82], 
386: [82, 176, 206], 
387: [176, 175, 206], 
388: [264, 174, 172], 
389: [174, 173, 172], 
390: [280, 206, 263], 
391: [263, 206, 175], 
392: [263, 175, 264], 
393: [264, 175, 174], 
394: [173, 174, 176], 
395: [176, 174, 175], 
396: [173, 177, 172], 
397: [177, 171, 172], 
398: [177, 173, 178], 
399: [173, 176, 178], 
400: [180, 179, 167], 
401: [179, 162, 167], 
402: [167, 163, 180], 
403: [163, 171, 180], 
404: [170, 90, 178], 
405: [90, 182, 178], 
406: [177, 181, 171], 
407: [181, 180, 171], 
408: [178, 182, 177], 
409: [177, 182, 181], 
410: [181, 184, 180], 
411: [179, 180, 183], 
412: [183, 180, 184], 
413: [94, 185, 90], 
414: [90, 185, 182], 
415: [184, 181, 185], 
416: [185, 181, 182], 
417: [185, 186, 184], 
418: [186, 183, 184], 
419: [188, 187, 189], 
420: [189, 187, 190], 
421: [162, 188, 169], 
422: [169, 188, 189], 
423: [159, 124, 189], 
424: [124, 169, 189], 
425: [190, 156, 189], 
426: [156, 159, 189], 
427: [187, 281, 190], 
428: [190, 281, 282], 
429: [282, 276, 190], 
430: [276, 156, 190], 
431: [200, 199, 102], 
432: [112, 102, 199], 
433: [192, 191, 188], 
434: [191, 187, 188], 
435: [179, 192, 162], 
436: [188, 162, 192], 
437: [107, 105, 195], 
438: [105, 196, 195], 
439: [183, 194, 179], 
440: [179, 194, 192], 
441: [193, 192, 194], 
442: [107, 195, 68], 
443: [68, 195, 186], 
444: [186, 195, 183], 
445: [195, 194, 183], 
446: [195, 196, 194], 
447: [196, 193, 194], 
448: [193, 198, 192], 
449: [192, 198, 191], 
450: [197, 191, 198], 
451: [199, 196, 112], 
452: [105, 112, 196], 
453: [199, 198, 196], 
454: [198, 193, 196], 
455: [199, 200, 198], 
456: [200, 197, 198], 
457: [191, 201, 187], 
458: [201, 283, 187], 
459: [281, 187, 283], 
460: [201, 284, 283], 
461: [283, 284, 285], 
462: [205, 204, 117], 
463: [119, 117, 204], 
464: [197, 203, 191], 
465: [191, 203, 201], 
466: [202, 201, 203], 
467: [204, 200, 119], 
468: [102, 119, 200], 
469: [200, 204, 197], 
470: [204, 203, 197], 
471: [204, 205, 203], 
472: [205, 202, 203], 
473: [202, 286, 201], 
474: [286, 284, 201], 
475: [288, 205, 287], 
476: [205, 117, 287], 
477: [117, 29, 287], 
478: [288, 286, 205], 
479: [286, 202, 205], 
480: [280, 261, 206], 
481: [261, 82, 206], 
482: [208, 209, 210], 
483: [211, 287, 29], 
484: [210, 209, 207], 
485: [29, 209, 211], 
486: [209, 208, 211], 
487: [212, 213, 209], 
488: [214, 29, 260], 
489: [213, 207, 209], 
490: [29, 214, 209], 
491: [209, 214, 212], 
492: [296, 399, 289], 
493: [289, 399, 400], 
494: [309, 360, 362], 
495: [360, 361, 362], 
496: [312, 341, 343], 
497: [341, 342, 343], 
498: [329, 330, 328], 
499: [330, 314, 328], 
500: [320, 326, 318], 
501: [326, 316, 318], 
502: [325, 320, 324], 
503: [324, 320, 322], 
504: [324, 322, 323], 
505: [323, 322, 319], 
506: [321, 324, 308], 
507: [324, 323, 308], 
508: [317, 325, 321], 
509: [325, 324, 321], 
510: [317, 315, 325], 
511: [326, 320, 315], 
512: [315, 320, 325], 
513: [326, 329, 316], 
514: [329, 328, 316], 
515: [327, 329, 315], 
516: [329, 326, 315], 
517: [311, 330, 327], 
518: [330, 329, 327], 
519: [331, 335, 338], 
520: [335, 337, 338], 
521: [318, 316, 334], 
522: [334, 316, 333], 
523: [313, 318, 332], 
524: [318, 334, 332], 
525: [336, 337, 310], 
526: [337, 335, 310], 
527: [337, 336, 334], 
528: [332, 334, 336], 
529: [338, 337, 333], 
530: [337, 334, 333], 
531: [328, 314, 340], 
532: [339, 340, 314], 
533: [316, 328, 333], 
534: [328, 340, 333], 
535: [341, 331, 342], 
536: [331, 338, 342], 
537: [342, 338, 340], 
538: [338, 333, 340], 
539: [343, 342, 339], 
540: [342, 340, 339], 
541: [351, 344, 350], 
542: [344, 349, 350], 
543: [346, 305, 347], 
544: [305, 345, 347], 
545: [330, 346, 314], 
546: [346, 347, 314], 
547: [330, 311, 307], 
548: [311, 306, 307], 
549: [305, 350, 345], 
550: [350, 349, 345], 
551: [348, 350, 305], 
552: [348, 401, 350], 
553: [351, 350, 401], 
554: [352, 355, 357], 
555: [355, 356, 357], 
556: [347, 345, 354], 
557: [345, 353, 354], 
558: [314, 347, 339], 
559: [347, 354, 339], 
560: [355, 312, 356], 
561: [343, 356, 312], 
562: [356, 343, 354], 
563: [339, 354, 343], 
564: [357, 356, 353], 
565: [356, 354, 353], 
566: [349, 344, 359], 
567: [358, 359, 344], 
568: [345, 349, 353], 
569: [349, 359, 353], 
570: [357, 361, 352], 
571: [361, 360, 352], 
572: [361, 357, 359], 
573: [359, 357, 353], 
574: [359, 358, 361], 
575: [362, 361, 358], 
576: [294, 382, 290], 
577: [382, 383, 290], 
578: [371, 372, 370], 
579: [372, 364, 370], 
580: [368, 369, 366], 
581: [369, 365, 366], 
582: [363, 367, 366], 
583: [367, 368, 366], 
584: [310, 335, 367], 
585: [335, 368, 367], 
586: [335, 331, 368], 
587: [331, 369, 368], 
588: [369, 371, 365], 
589: [371, 370, 365], 
590: [331, 341, 369], 
591: [341, 371, 369], 
592: [341, 312, 371], 
593: [312, 372, 371], 
594: [379, 373, 378], 
595: [293, 378, 373], 
596: [366, 365, 376], 
597: [376, 365, 375], 
598: [374, 363, 376], 
599: [363, 366, 376], 
600: [293, 291, 378], 
601: [377, 378, 291], 
602: [376, 417, 374], 
603: [374, 417, 403], 
604: [375, 379, 376], 
605: [376, 379, 417], 
606: [379, 378, 417], 
607: [370, 364, 381], 
608: [380, 381, 364], 
609: [365, 370, 375], 
610: [370, 381, 375], 
611: [294, 373, 382], 
612: [373, 379, 382], 
613: [379, 375, 382], 
614: [382, 375, 381], 
615: [382, 381, 383], 
616: [383, 381, 380], 
617: [390, 391, 389], 
618: [384, 389, 391], 
619: [387, 388, 386], 
620: [388, 385, 386], 
621: [372, 387, 364], 
622: [387, 386, 364], 
623: [312, 355, 372], 
624: [355, 387, 372], 
625: [355, 352, 387], 
626: [352, 388, 387], 
627: [388, 390, 385], 
628: [390, 389, 385], 
629: [390, 388, 360], 
630: [360, 388, 352], 
631: [391, 390, 309], 
632: [390, 360, 309], 
633: [395, 396, 394], 
634: [394, 396, 295], 
635: [386, 385, 393], 
636: [385, 392, 393], 
637: [364, 386, 380], 
638: [386, 393, 380], 
639: [290, 383, 394], 
640: [383, 395, 394], 
641: [380, 393, 383], 
642: [393, 395, 383], 
643: [393, 392, 395], 
644: [396, 395, 392], 
645: [389, 384, 398], 
646: [397, 398, 384], 
647: [385, 389, 392], 
648: [389, 398, 392], 
649: [295, 396, 296], 
650: [396, 399, 296], 
651: [392, 398, 396], 
652: [398, 399, 396], 
653: [398, 397, 399], 
654: [400, 399, 397], 
655: [401, 402, 351], 
656: [418, 351, 402], 
657: [408, 391, 407], 
658: [407, 391, 309], 
659: [400, 397, 405], 
660: [397, 404, 405], 
661: [405, 292, 400], 
662: [400, 292, 289], 
663: [406, 404, 384], 
664: [384, 404, 397], 
665: [391, 408, 384], 
666: [408, 406, 384], 
667: [362, 410, 309], 
668: [410, 407, 309], 
669: [344, 411, 358], 
670: [411, 413, 358], 
671: [358, 413, 362], 
672: [362, 413, 410], 
673: [410, 413, 409], 
674: [409, 413, 412], 
675: [344, 351, 411], 
676: [411, 351, 414], 
677: [414, 351, 416], 
678: [403, 417, 377], 
679: [417, 378, 377], 
680: [418, 415, 351], 
681: [415, 416, 351], 
682: [346, 330, 307], 
683: [304, 297, 506], 
684: [297, 507, 506], 
685: [421, 469, 467], 
686: [469, 468, 467], 
687: [423, 450, 448], 
688: [448, 450, 449], 
689: [436, 435, 437], 
690: [435, 425, 437], 
691: [429, 427, 434], 
692: [427, 426, 434], 
693: [433, 432, 429], 
694: [432, 430, 429], 
695: [432, 431, 430], 
696: [431, 428, 430], 
697: [321, 308, 432], 
698: [308, 431, 432], 
699: [317, 321, 433], 
700: [321, 432, 433], 
701: [317, 433, 315], 
702: [434, 315, 429], 
703: [315, 433, 429], 
704: [434, 426, 436], 
705: [426, 435, 436], 
706: [327, 315, 436], 
707: [315, 434, 436], 
708: [311, 327, 437], 
709: [327, 436, 437], 
710: [438, 445, 442], 
711: [442, 445, 444], 
712: [427, 441, 426], 
713: [441, 440, 426], 
714: [424, 439, 427], 
715: [439, 441, 427], 
716: [443, 422, 444], 
717: [422, 442, 444], 
718: [444, 441, 443], 
719: [439, 443, 441], 
720: [445, 440, 444], 
721: [440, 441, 444], 
722: [435, 447, 425], 
723: [446, 425, 447], 
724: [426, 440, 435], 
725: [435, 440, 447], 
726: [448, 449, 438], 
727: [438, 449, 445], 
728: [449, 447, 445], 
729: [447, 440, 445], 
730: [450, 446, 449], 
731: [446, 447, 449], 
732: [458, 457, 451], 
733: [451, 457, 456], 
734: [453, 454, 419], 
735: [454, 452, 419], 
736: [437, 425, 453], 
737: [425, 454, 453], 
738: [437, 420, 311], 
739: [420, 306, 311], 
740: [419, 452, 457], 
741: [452, 456, 457], 
742: [455, 419, 457], 
743: [455, 457, 508], 
744: [458, 508, 457], 
745: [459, 464, 462], 
746: [462, 464, 463], 
747: [454, 461, 452], 
748: [452, 461, 460], 
749: [425, 446, 454], 
750: [454, 446, 461], 
751: [462, 463, 423], 
752: [450, 423, 463], 
753: [463, 461, 450], 
754: [446, 450, 461], 
755: [464, 460, 463], 
756: [460, 461, 463], 
757: [456, 466, 451], 
758: [465, 451, 466], 
759: [452, 460, 456], 
760: [456, 460, 466], 
761: [464, 459, 468], 
762: [459, 467, 468], 
763: [460, 464, 466], 
764: [466, 464, 468], 
765: [466, 468, 465], 
766: [469, 465, 468], 
767: [303, 298, 488], 
768: [298, 489, 488], 
769: [478, 477, 479], 
770: [477, 471, 479], 
771: [475, 473, 476], 
772: [473, 472, 476], 
773: [470, 473, 474], 
774: [474, 473, 475], 
775: [422, 474, 442], 
776: [442, 474, 475], 
777: [442, 475, 438], 
778: [438, 475, 476], 
779: [476, 472, 478], 
780: [472, 477, 478], 
781: [438, 476, 448], 
782: [448, 476, 478], 
783: [448, 478, 423], 
784: [423, 478, 479], 
785: [485, 484, 301], 
786: [302, 301, 484], 
787: [473, 482, 472], 
788: [482, 481, 472], 
789: [480, 482, 470], 
790: [470, 482, 473], 
791: [302, 484, 299], 
792: [483, 299, 484], 
793: [482, 480, 524], 
794: [480, 510, 524], 
795: [481, 482, 485], 
796: [482, 524, 485], 
797: [485, 524, 484], 
798: [477, 487, 471], 
799: [486, 471, 487], 
800: [472, 481, 477], 
801: [477, 481, 487], 
802: [303, 488, 301], 
803: [301, 488, 485], 
804: [485, 488, 481], 
805: [488, 487, 481], 
806: [488, 489, 487], 
807: [489, 486, 487], 
808: [496, 495, 497], 
809: [490, 497, 495], 
810: [493, 492, 494], 
811: [492, 491, 494], 
812: [479, 471, 493], 
813: [471, 492, 493], 
814: [423, 479, 462], 
815: [462, 479, 493], 
816: [462, 493, 459], 
817: [459, 493, 494], 
818: [494, 491, 496], 
819: [491, 495, 496], 
820: [459, 494, 467], 
821: [467, 494, 496], 
822: [497, 421, 496], 
823: [421, 467, 496], 
824: [501, 498, 502], 
825: [498, 503, 502], 
826: [492, 500, 491], 
827: [491, 500, 499], 
828: [471, 486, 492], 
829: [492, 486, 500], 
830: [298, 501, 489], 
831: [489, 501, 502], 
832: [486, 489, 500], 
833: [489, 502, 500], 
834: [500, 502, 499], 
835: [503, 499, 502], 
836: [495, 505, 490], 
837: [504, 490, 505], 
838: [491, 499, 495], 
839: [495, 499, 505], 
840: [503, 498, 506], 
841: [498, 304, 506], 
842: [499, 503, 505], 
843: [505, 503, 506], 
844: [505, 506, 504], 
845: [507, 504, 506], 
846: [508, 458, 509], 
847: [525, 509, 458], 
848: [421, 497, 514], 
849: [514, 497, 515], 
850: [507, 512, 504], 
851: [504, 512, 511], 
852: [512, 507, 300], 
853: [507, 297, 300], 
854: [513, 490, 511], 
855: [490, 504, 511], 
856: [497, 490, 515], 
857: [490, 513, 515], 
858: [469, 421, 517], 
859: [421, 514, 517], 
860: [451, 465, 518], 
861: [465, 520, 518], 
862: [465, 469, 520], 
863: [469, 517, 520], 
864: [517, 516, 520], 
865: [516, 519, 520], 
866: [451, 518, 458], 
867: [518, 521, 458], 
868: [521, 523, 458], 
869: [510, 483, 524], 
870: [483, 484, 524], 
871: [525, 458, 522], 
872: [522, 458, 523], 
873: [453, 420, 437]]
Per Vertex Normals
[0: [0.448092, -0.85911, -0.247273], 
 1: [0.456007, -0.887379, 0.0679468], 
 2: [0.247797, -0.876366, 0.413012], 
 3: [0.550364, -0.832619, 0.0620045], 
 4: [0.999394, 0.0122248, 0.03258], 
 5: [0.987784, -0.00424241, -0.15577], 
 6: [0.463193, -0.881907, 0.0877026], 
 7: [0.510317, -0.858813, -0.0449107], 
 8: [0.999011, 0.017622, -0.0408258], 
 9: [0.999071, 0.0302291, -0.0307284], 
 10: [0.503096, -0.864222, 0.00383602], 
 11: [0.513615, -0.851517, 0.105445], 
 12: [0.993595, 0.0236791, 0.110491], 
 13: [0.992578, 0.0396526, 0.114966], 
 14: [-0.448088, -0.859112, -0.247273], 
 15: [-0.456002, -0.887381, 0.0679463], 
 16: [-0.2478, -0.876365, 0.413013], 
 17: [-0.550364, -0.83262, 0.0620036], 
 18: [-0.999394, 0.0122242, 0.0325793], 
 19: [-0.987784, -0.00424884, -0.15577], 
 20: [-0.463191, -0.881908, 0.0877028], 
 21: [-0.510316, -0.858814, -0.0449107], 
 22: [-0.999011, 0.0176215, -0.0408258], 
 23: [-0.999071, 0.030229, -0.0307283], 
 24: [-0.503095, -0.864223, 0.00383628], 
 25: [-0.513613, -0.851518, 0.105445], 
 26: [-0.993595, 0.0236761, 0.110491], 
 27: [-0.992578, 0.0396522, 0.114965], 
 28: [-0.993667, -0.0430509, 0.10379], 
 29: [-3.29301e-009, -0.928198, 0.372088], 
 30: [-0.0791925, -0.988826, 0.126301], 
 31: [-0.26835, -0.962205, -0.0463549], 
 32: [-0.217711, -0.971816, -0.0904165], 
 33: [-0.199085, -0.950453, -0.238754], 
 34: [-0.343981, -0.930644, -0.124816], 
 35: [-0.28481, -0.830272, -0.479095], 
 36: [-0.29627, -0.870025, -0.394056], 
 37: [-0.502512, -0.861168, -0.0766299], 
 38: [-0.358417, -0.930804, -0.0716971], 
 39: [-0.510545, -0.859151, -0.0346769], 
 40: [-0.229436, -0.970965, -0.0677185], 
 41: [-0.361364, -0.930758, -0.0557315], 
 42: [-0.501168, -0.864852, -0.0293493], 
 43: [-0.372244, -0.92675, -0.0506867], 
 44: [-0.364864, -0.929359, -0.0562738], 
 45: [-0.486321, -0.872674, -0.0439529], 
 46: [-0.480208, -0.874325, -0.0704065], 
 47: [0.0346718, -0.994047, -0.103284], 
 48: [-0.0901824, -0.987766, -0.127219], 
 49: [-0.0460425, -0.939581, -0.339216], 
 50: [0.0693011, -0.91838, -0.389583], 
 51: [0.0111845, -0.929225, -0.369346], 
 52: [-0.016745, -0.992107, -0.124269], 
 53: [-0.160852, -0.986923, 0.0104525], 
 54: [-0.108249, -0.991609, -0.0706636], 
 55: [0.0106644, -0.99971, -0.021614], 
 56: [-0.0453817, -0.997827, -0.0477601], 
 57: [-0.0954138, -0.995066, 0.0272121], 
 58: [-0.416077, -0.88117, 0.224542], 
 59: [-0.350761, -0.936247, 0.0202159], 
 60: [-0.437461, -0.898994, 0.0209306], 
 61: [-0.543292, -0.814618, 0.203055], 
 62: [-0.21384, -0.82442, 0.524027], 
 63: [-0.362304, -0.860219, 0.358831], 
 64: [-0.270792, -0.951539, 0.145758], 
 65: [-0.187114, -0.930562, 0.314709], 
 66: [-0.201083, -0.95872, 0.201051], 
 67: [-0.280405, -0.860489, 0.42536], 
 68: [2.53582e-009, -0.991108, 0.133057], 
 69: [0.0559629, -0.981831, 0.181319], 
 70: [0.135093, -0.989106, -0.0584811], 
 71: [0.234315, -0.918156, -0.319509], 
 72: [0.159446, -0.916907, -0.365867], 
 73: [0.104427, -0.991808, -0.0735683], 
 74: [0.0977078, -0.994284, 0.0430344], 
 75: [0.0582109, -0.997889, 0.028785], 
 76: [-0.0165495, -0.981755, 0.189431], 
 77: [0.243949, -0.939708, -0.23966], 
 78: [0.268068, -0.958013, -0.101743], 
 79: [0.494719, -0.824594, -0.274404], 
 80: [-6.29518e-008, -0.857346, -0.514741], 
 81: [0.5837, -0.784318, -0.210093], 
 82: [6.91025e-009, -0.484902, -0.874569], 
 83: [0.739107, -0.601684, -0.302815], 
 84: [0.611295, -0.550885, -0.568194], 
 85: [0.495105, -0.806824, -0.322344], 
 86: [0.476449, -0.869968, -0.127091], 
 87: [0.402812, -0.898833, -0.17275], 
 88: [0.14217, -0.980452, 0.136021], 
 89: [0.211212, -0.977377, -0.0111108], 
 90: [-1.46021e-008, -0.994941, -0.100459], 
 91: [0.398894, -0.915096, -0.059016], 
 92: [0.332613, -0.940229, -0.0730577], 
 93: [0.252087, -0.962835, 0.0969563], 
 94: [-2.28654e-008, -0.999899, 0.0141955], 
 95: [0.361656, -0.93187, 0.0286947], 
 96: [0.265233, -0.964017, 0.0179579], 
 97: [0.190172, -0.974408, 0.119847], 
 98: [0.0256112, -0.84261, 0.537915], 
 99: [0.0225753, -0.932945, 0.359311], 
 100: [-0.082815, -0.931719, 0.353613], 
 101: [-0.0998943, -0.824705, 0.55667], 
 102: [2.73547e-008, -0.843936, 0.536444], 
 103: [0.0736487, -0.852944, 0.51678], 
 104: [0.0881761, -0.935777, 0.34139], 
 105: [4.15467e-009, -0.922494, 0.386011], 
 106: [0.0924892, -0.936033, 0.339542], 
 107: [5.34903e-009, -0.963831, 0.266514], 
 108: [0.192232, -0.955655, 0.223092], 
 109: [0.101513, -0.964474, 0.243894], 
 110: [0.023078, -0.931831, 0.362159], 
 111: [0.0341444, -0.854638, 0.518101], 
 112: [2.67337e-009, -0.880515, 0.474019], 
 113: [0.0633636, -0.896022, 0.439466], 
 114: [-0.0219248, -0.889195, 0.457004], 
 115: [-0.0412744, -0.849505, 0.525964], 
 116: [0.0969753, -0.685667, 0.721426], 
 117: [-3.32862e-008, -0.726387, 0.687286], 
 118: [0.0485529, -0.674505, 0.736672], 
 119: [5.94891e-010, -0.802152, 0.597121], 
 120: [0.0442853, -0.800058, 0.598286], 
 121: [-0.0500173, -0.802121, 0.595063], 
 122: [-0.0301734, -0.701406, 0.712123], 
 123: [0.468109, -0.607148, -0.642063], 
 124: [0.0791925, -0.988826, 0.126301], 
 125: [0.26835, -0.962205, -0.0463548], 
 126: [0.217711, -0.971816, -0.0904167], 
 127: [0.199085, -0.950453, -0.238754], 
 128: [0.343982, -0.930644, -0.124816], 
 129: [0.28481, -0.830272, -0.479094], 
 130: [0.29627, -0.870026, -0.394056], 
 131: [0.502511, -0.861168, -0.07663], 
 132: [0.358417, -0.930804, -0.0716972], 
 133: [0.510545, -0.859151, -0.0346771], 
 134: [0.229436, -0.970965, -0.0677186], 
 135: [0.361364, -0.930758, -0.0557315], 
 136: [0.501167, -0.864852, -0.0293494], 
 137: [0.372244, -0.92675, -0.0506866], 
 138: [0.364864, -0.929359, -0.0562738], 
 139: [0.486321, -0.872674, -0.0439527], 
 140: [0.480208, -0.874325, -0.0704063], 
 141: [-0.0346718, -0.994047, -0.103284], 
 142: [0.0901824, -0.987766, -0.127219], 
 143: [0.0460425, -0.939581, -0.339216], 
 144: [-0.0693011, -0.91838, -0.389583], 
 145: [-0.0111845, -0.929225, -0.369346], 
 146: [0.016745, -0.992107, -0.124269], 
 147: [0.160852, -0.986923, 0.0104525], 
 148: [0.108249, -0.991609, -0.0706635], 
 149: [-0.0106644, -0.99971, -0.021614], 
 150: [0.0453817, -0.997827, -0.0477601], 
 151: [0.0954138, -0.995066, 0.0272121], 
 152: [0.416077, -0.88117, 0.224542], 
 153: [0.350761, -0.936247, 0.0202159], 
 154: [0.43746, -0.898994, 0.0209304], 
 155: [0.543291, -0.814619, 0.203055], 
 156: [0.21384, -0.82442, 0.524027], 
 157: [0.362303, -0.860219, 0.35883], 
 158: [0.270792, -0.951539, 0.145758], 
 159: [0.187114, -0.930563, 0.314709], 
 160: [0.201083, -0.95872, 0.201051], 
 161: [0.280405, -0.86049, 0.42536], 
 162: [-0.0559629, -0.981831, 0.181319], 
 163: [-0.135093, -0.989106, -0.0584811], 
 164: [-0.234315, -0.918156, -0.31951], 
 165: [-0.159446, -0.916907, -0.365867], 
 166: [-0.104427, -0.991808, -0.0735683], 
 167: [-0.0977078, -0.994284, 0.0430344], 
 168: [-0.0582109, -0.997889, 0.028785], 
 169: [0.0165495, -0.981754, 0.189431], 
 170: [-0.243949, -0.939708, -0.23966], 
 171: [-0.268068, -0.958013, -0.101743], 
 172: [-0.494719, -0.824594, -0.274404], 
 173: [-0.5837, -0.784318, -0.210093], 
 174: [-0.739107, -0.601684, -0.302815], 
 175: [-0.611295, -0.550885, -0.568194], 
 176: [-0.495105, -0.806824, -0.322344], 
 177: [-0.476449, -0.869968, -0.127091], 
 178: [-0.402812, -0.898833, -0.17275], 
 179: [-0.14217, -0.980452, 0.136021], 
 180: [-0.211212, -0.977377, -0.0111108], 
 181: [-0.398894, -0.915096, -0.0590159], 
 182: [-0.332613, -0.940229, -0.0730577], 
 183: [-0.252087, -0.962835, 0.0969562], 
 184: [-0.361656, -0.93187, 0.0286946], 
 185: [-0.265233, -0.964017, 0.0179579], 
 186: [-0.190172, -0.974408, 0.119847], 
 187: [-0.0256112, -0.84261, 0.537915], 
 188: [-0.0225752, -0.932945, 0.359311], 
 189: [0.082815, -0.931719, 0.353613], 
 190: [0.0998943, -0.824705, 0.556671], 
 191: [-0.0736488, -0.852944, 0.51678], 
 192: [-0.0881761, -0.935777, 0.34139], 
 193: [-0.0924892, -0.936032, 0.339542], 
 194: [-0.192232, -0.955655, 0.223092], 
 195: [-0.101514, -0.964474, 0.243895], 
 196: [-0.023078, -0.931831, 0.362159], 
 197: [-0.0341443, -0.854638, 0.518101], 
 198: [-0.0633635, -0.896022, 0.439466], 
 199: [0.0219248, -0.889195, 0.457004], 
 200: [0.0412744, -0.849505, 0.525964], 
 201: [-0.0969751, -0.685668, 0.721426], 
 202: [-0.0485531, -0.674505, 0.736672], 
 203: [-0.0442855, -0.800058, 0.598286], 
 204: [0.0500173, -0.802121, 0.595063], 
 205: [0.0301733, -0.701406, 0.712123], 
 206: [-0.468108, -0.607148, -0.642063], 
 207: [1.12992e-007, -0.981442, -0.191758], 
 208: [-0.000981276, -0.989758, -0.14275], 
 209: [3.4705e-008, -0.988915, -0.148484], 
 210: [-0.0202293, -0.982174, -0.186885], 
 211: [-0.00962942, -0.995315, -0.0962007], 
 212: [0.000981251, -0.989758, -0.14275], 
 213: [0.0202295, -0.982174, -0.186884], 
 214: [0.0096294, -0.995315, -0.0962007], 
 215: [0.993434, -0.0318325, -0.10989], 
 216: [0.99382, -0.100262, -0.0476261], 
 217: [0.983466, 0.0057592, -0.181003], 
 218: [0.414009, -0.732444, -0.540483], 
 219: [0.996743, -0.0806457, -0.000617108], 
 220: [0.999254, -0.0185553, 0.0338646], 
 221: [0.993667, -0.0430496, 0.10379], 
 222: [0.992242, 0.0435037, 0.116457], 
 223: [0.162533, -0.688931, 0.706369], 
 224: [0.988852, -0.0760953, 0.127988], 
 225: [-0.993821, -0.100262, -0.0476258], 
 226: [-0.993434, -0.0318364, -0.109889], 
 227: [-0.983465, 0.00575561, -0.181005], 
 228: [-0.414007, -0.732446, -0.540482], 
 229: [-0.996743, -0.0806466, -0.000617833], 
 230: [-0.999254, -0.0185544, 0.0338677], 
 231: [-0.162532, -0.688933, 0.706367], 
 232: [-0.992243, 0.0435012, 0.116456], 
 233: [-0.988852, -0.0760942, 0.127987], 
 234: [0.78733, -0.259254, -0.559373], 
 235: [0.888076, 0.000562616, -0.459696], 
 236: [0.886778, -0.0461536, -0.459886], 
 237: [0.834866, -0.373042, -0.404769], 
 238: [0.867648, 0.201099, -0.454693], 
 239: [-0.0988558, -0.909303, -0.404223], 
 240: [-0.256038, -0.81437, -0.520814], 
 241: [-0.134591, -0.785318, -0.604285], 
 242: [-0.0130205, -0.861177, -0.508138], 
 243: [0.103472, -0.777044, -0.620883], 
 244: [0.0344415, -0.818894, -0.57291], 
 245: [-0.639463, -0.682565, 0.353825], 
 246: [-0.450535, -0.828666, 0.332161], 
 247: [-0.470893, -0.690233, 0.549398], 
 248: [-0.337959, -0.749864, 0.56876], 
 249: [-0.232705, -0.738422, 0.632915], 
 250: [0.496173, -0.661665, -0.56215], 
 251: [0.296202, -0.696605, -0.653457], 
 252: [0.524763, -0.393826, -0.754669], 
 253: [-0.101855, -0.757458, 0.64489], 
 254: [0.0391153, -0.784168, 0.619314], 
 255: [0.149438, -0.654787, 0.740893], 
 256: [0.314598, -0.230814, 0.920735], 
 257: [0.149156, -0.520575, 0.840687], 
 258: [0.0718504, -0.57565, 0.814534], 
 259: [0.00692726, -0.615872, 0.787816], 
 260: [-0.0517021, -0.834364, 0.548784], 
 261: [-1.32928e-008, -0.306359, -0.951916], 
 262: [-0.888076, 0.000562425, -0.459696], 
 263: [-0.78733, -0.259255, -0.559373], 
 264: [-0.834866, -0.373042, -0.404769], 
 265: [-0.886778, -0.0461538, -0.459886], 
 266: [-0.867649, 0.201097, -0.454693], 
 267: [0.256037, -0.81437, -0.520813], 
 268: [0.0988558, -0.909303, -0.404223], 
 269: [0.134591, -0.785319, -0.604284], 
 270: [0.0130205, -0.861177, -0.508138], 
 271: [-0.0344414, -0.818894, -0.57291], 
 272: [-0.103472, -0.777044, -0.620883], 
 273: [0.450536, -0.828666, 0.332161], 
 274: [0.639464, -0.682563, 0.353828], 
 275: [0.470893, -0.690233, 0.549397], 
 276: [0.232706, -0.738421, 0.632915], 
 277: [0.337959, -0.749865, 0.568759], 
 278: [-0.296203, -0.696604, -0.653457], 
 279: [-0.496173, -0.661664, -0.56215], 
 280: [-0.524763, -0.393826, -0.754669], 
 281: [-0.0391155, -0.784168, 0.619314], 
 282: [0.101855, -0.757458, 0.64489], 
 283: [-0.149438, -0.654788, 0.740892], 
 284: [-0.149156, -0.520576, 0.840686], 
 285: [-0.314596, -0.230816, 0.920735], 
 286: [-0.0718503, -0.57565, 0.814533], 
 287: [0.0517021, -0.834364, 0.548784], 
 288: [-0.00692725, -0.615872, 0.787816], 
 289: [0.43152, 0.804438, 0.408251], 
 290: [0.634241, 0.773067, -0.010319], 
 291: [0.686129, 0.131089, -0.715572], 
 292: [0.297939, 0.761239, 0.575976], 
 293: [0.74331, 0.343982, -0.57373], 
 294: [0.660078, 0.747025, -0.079058], 
 295: [0.567152, 0.813169, 0.130748], 
 296: [0.524593, 0.822443, 0.219975], 
 297: [-0.43152, 0.804439, 0.408251], 
 298: [-0.634241, 0.773067, -0.0103193], 
 299: [-0.686129, 0.131087, -0.715572], 
 300: [-0.297938, 0.761239, 0.575976], 
 301: [-0.711219, 0.666893, -0.222306], 
 302: [-0.74331, 0.343981, -0.573731], 
 303: [-0.660078, 0.747025, -0.079058], 
 304: [-0.524122, 0.822968, 0.219134], 
 305: [0.358314, 0.931847, -0.0572105], 
 306: [0, 0.997618, -0.0689762], 
 307: [0.369314, 0.895953, -0.246729], 
 308: [-2.41967e-007, 0.27941, -0.960172], 
 309: [0.221703, 0.750259, 0.622864], 
 310: [0.0396245, 0.485639, -0.873261], 
 311: [-5.10664e-009, 0.976035, -0.217614], 
 312: [0.071413, 0.97668, -0.202474], 
 313: [0.839511, -0.00224575, -0.543338], 
 314: [0.573881, 0.783727, -0.237554], 
 315: [-1.54482e-007, 0.894212, -0.447644], 
 316: [0.790473, 0.486749, -0.371789], 
 317: [-7.53127e-008, 0.744548, -0.667569], 
 318: [0.848462, 0.251366, -0.465754], 
 319: [0.722163, 0.164452, -0.67189], 
 320: [0.63391, 0.597352, -0.491252], 
 321: [-1.38425e-007, 0.495828, -0.868421], 
 322: [0.7492, 0.249123, -0.613708], 
 323: [0.636811, 0.0295999, -0.770451], 
 324: [0.614166, 0.265995, -0.742999], 
 325: [0.542875, 0.659985, -0.519333], 
 326: [0.623973, 0.664086, -0.411883], 
 327: [-8.85579e-008, 0.93851, -0.345251], 
 328: [0.698309, 0.646914, -0.306376], 
 329: [0.54147, 0.781922, -0.308883], 
 330: [0.490365, 0.843259, -0.220126], 
 331: [0.0235301, 0.888227, -0.458803], 
 332: [0.668302, 0.188827, -0.719526], 
 333: [0.61276, 0.619252, -0.49097], 
 334: [0.726592, 0.371201, -0.578165], 
 335: [0.0286226, 0.685641, -0.727377], 
 336: [0.255328, 0.407992, -0.876556], 
 337: [0.259643, 0.622918, -0.737942], 
 338: [0.166898, 0.829989, -0.532225], 
 339: [0.369696, 0.879073, -0.300923], 
 340: [0.494933, 0.769309, -0.403986], 
 341: [0.0426405, 0.949664, -0.310354], 
 342: [0.117159, 0.913519, -0.389559], 
 343: [0.0924276, 0.959156, -0.267351], 
 344: [0.229687, 0.941638, 0.246094], 
 345: [0.31562, 0.944049, -0.0956852], 
 346: [0.454184, 0.882306, -0.123501], 
 347: [0.435873, 0.885791, -0.159341], 
 348: [0.282217, 0.959311, 0.00871483], 
 349: [0.245324, 0.967151, -0.0665936], 
 350: [0.274375, 0.961448, -0.0183456], 
 351: [0.222415, 0.900047, 0.374762], 
 352: [0.154402, 0.987069, -0.0430687], 
 353: [0.189465, 0.975071, -0.115501], 
 354: [0.259047, 0.947452, -0.187694], 
 355: [0.107034, 0.988776, -0.104236], 
 356: [0.0902802, 0.98359, -0.156205], 
 357: [0.111889, 0.989596, -0.0904517], 
 358: [0.197632, 0.949691, 0.242958], 
 359: [0.15486, 0.985356, -0.0713623], 
 360: [0.214899, 0.976486, -0.0171402], 
 361: [0.150374, 0.986823, -0.0597406], 
 362: [0.285384, 0.779568, 0.557521], 
 363: [0.215318, 0.514924, -0.829754], 
 364: [0.200238, 0.976971, -0.0737108], 
 365: [0.191475, 0.920149, -0.341559], 
 366: [0.199405, 0.720961, -0.663666], 
 367: [0.100313, 0.517978, -0.849492], 
 368: [0.0909486, 0.71376, -0.694461], 
 369: [0.096593, 0.912321, -0.39792], 
 370: [0.19133, 0.965838, -0.174783], 
 371: [0.113145, 0.963876, -0.241124], 
 372: [0.136102, 0.98115, -0.137189], 
 373: [0.711219, 0.666894, -0.222306], 
 374: [0.368795, 0.477509, -0.797481], 
 375: [0.338403, 0.892408, -0.298483], 
 376: [0.357052, 0.682517, -0.637718], 
 377: [0.677718, 0.282137, -0.679041], 
 378: [0.590483, 0.481094, -0.647981], 
 379: [0.578421, 0.769167, -0.271681], 
 380: [0.319954, 0.947021, -0.0279355], 
 381: [0.322559, 0.938592, -0.122475], 
 382: [0.526861, 0.843963, -0.100723], 
 383: [0.517243, 0.855825, -0.00490214], 
 384: [0.0674904, 0.749834, 0.658175], 
 385: [0.228646, 0.969289, 0.0905583], 
 386: [0.211215, 0.977307, 0.0161347], 
 387: [0.161847, 0.985893, -0.0426649], 
 388: [0.196164, 0.980251, 0.0250526], 
 389: [0.259982, 0.954708, 0.144716], 
 390: [0.244748, 0.967524, 0.0632069], 
 391: [0.139344, 0.73525, 0.663318], 
 392: [0.317045, 0.938586, 0.136156], 
 393: [0.313875, 0.94763, 0.0589869], 
 394: [0.603144, 0.795761, 0.0546071], 
 395: [0.49851, 0.863733, 0.0738467], 
 396: [0.478813, 0.864942, 0.150375], 
 397: [0.137613, 0.758878, 0.636528], 
 398: [0.331751, 0.92169, 0.201068], 
 399: [0.461411, 0.858126, 0.22521], 
 400: [0.233133, 0.766226, 0.598787], 
 401: [0.233358, 0.972147, 0.0218024], 
 402: [0.234848, 0.901649, 0.363146], 
 403: [0.477117, 0.559027, -0.678121], 
 404: [-0.136394, 0.423892, 0.895384], 
 405: [-0.0895954, 0.495669, 0.863878], 
 406: [-0.193485, 0.306255, 0.932079], 
 407: [0.0347648, 0.183287, 0.982445], 
 408: [-0.105454, 0.21611, 0.970657], 
 409: [0.116327, -0.349943, 0.92952], 
 410: [0.187095, 0.114359, 0.975663], 
 411: [0.251731, 0.823929, 0.507714], 
 412: [0.247338, -0.224108, 0.942656], 
 413: [0.28147, 0.556875, 0.781451], 
 414: [0.248443, 0.768177, 0.590068], 
 415: [0.335578, 0.0912038, 0.937587], 
 416: [0.168036, 0.731678, 0.660615], 
 417: [0.471615, 0.685349, -0.554866], 
 418: [0.336529, 0.419285, 0.843178], 
 419: [-0.358314, 0.931847, -0.0572104], 
 420: [-0.369314, 0.895953, -0.246729], 
 421: [-0.221703, 0.750258, 0.622864], 
 422: [-0.0396244, 0.485639, -0.873261], 
 423: [-0.071413, 0.97668, -0.202475], 
 424: [-0.839511, -0.00224562, -0.543338], 
 425: [-0.573881, 0.783728, -0.237554], 
 426: [-0.790473, 0.486749, -0.371789], 
 427: [-0.848462, 0.251366, -0.465754], 
 428: [-0.722162, 0.164452, -0.671891], 
 429: [-0.63391, 0.597352, -0.491251], 
 430: [-0.7492, 0.249122, -0.613708], 
 431: [-0.636811, 0.0295998, -0.770451], 
 432: [-0.614166, 0.265995, -0.742999], 
 433: [-0.542876, 0.659984, -0.519333], 
 434: [-0.623973, 0.664086, -0.411883], 
 435: [-0.698309, 0.646914, -0.306375], 
 436: [-0.54147, 0.781922, -0.308883], 
 437: [-0.490366, 0.843259, -0.220126], 
 438: [-0.0235301, 0.888227, -0.458803], 
 439: [-0.668302, 0.188828, -0.719525], 
 440: [-0.61276, 0.619252, -0.49097], 
 441: [-0.726592, 0.371201, -0.578165], 
 442: [-0.0286227, 0.685641, -0.727377], 
 443: [-0.255328, 0.407992, -0.876556], 
 444: [-0.259643, 0.622918, -0.737942], 
 445: [-0.166898, 0.829989, -0.532225], 
 446: [-0.369696, 0.879073, -0.300923], 
 447: [-0.494933, 0.769309, -0.403986], 
 448: [-0.0426405, 0.949664, -0.310354], 
 449: [-0.117159, 0.913519, -0.389559], 
 450: [-0.0924275, 0.959156, -0.267352], 
 451: [-0.229687, 0.941638, 0.246094], 
 452: [-0.31562, 0.944049, -0.0956853], 
 453: [-0.454184, 0.882306, -0.123501], 
 454: [-0.435873, 0.885791, -0.159341], 
 455: [-0.282217, 0.959311, 0.00871479], 
 456: [-0.245324, 0.967151, -0.0665936], 
 457: [-0.274375, 0.961448, -0.0183456], 
 458: [-0.222415, 0.900047, 0.374762], 
 459: [-0.154402, 0.987069, -0.0430688], 
 460: [-0.189465, 0.97507, -0.115501], 
 461: [-0.259047, 0.947452, -0.187694], 
 462: [-0.107034, 0.988776, -0.104236], 
 463: [-0.0902802, 0.98359, -0.156205], 
 464: [-0.111889, 0.989596, -0.0904517], 
 465: [-0.197632, 0.949691, 0.242958], 
 466: [-0.154861, 0.985356, -0.0713623], 
 467: [-0.214899, 0.976486, -0.0171402], 
 468: [-0.150374, 0.986823, -0.0597406], 
 469: [-0.285384, 0.779568, 0.557521], 
 470: [-0.215318, 0.514924, -0.829754], 
 471: [-0.200238, 0.976971, -0.0737109], 
 472: [-0.191475, 0.920149, -0.341559], 
 473: [-0.199405, 0.720961, -0.663666], 
 474: [-0.100313, 0.517977, -0.849492], 
 475: [-0.0909486, 0.71376, -0.694461], 
 476: [-0.096593, 0.912321, -0.39792], 
 477: [-0.19133, 0.965838, -0.174783], 
 478: [-0.113145, 0.963876, -0.241124], 
 479: [-0.136102, 0.98115, -0.13719], 
 480: [-0.368796, 0.477508, -0.797481], 
 481: [-0.338403, 0.892408, -0.298483], 
 482: [-0.357052, 0.682516, -0.637718], 
 483: [-0.677718, 0.282137, -0.679041], 
 484: [-0.590482, 0.481094, -0.64798], 
 485: [-0.578421, 0.769168, -0.271681], 
 486: [-0.319955, 0.947021, -0.0279355], 
 487: [-0.322559, 0.938592, -0.122475], 
 488: [-0.52686, 0.843963, -0.100723], 
 489: [-0.517243, 0.855825, -0.00490217], 
 490: [-0.0674903, 0.749834, 0.658175], 
 491: [-0.228646, 0.969288, 0.0905583], 
 492: [-0.211215, 0.977306, 0.0161346], 
 493: [-0.161847, 0.985893, -0.042665], 
 494: [-0.196164, 0.980251, 0.0250526], 
 495: [-0.259982, 0.954707, 0.144716], 
 496: [-0.244748, 0.967524, 0.0632069], 
 497: [-0.139344, 0.73525, 0.663318], 
 498: [-0.566262, 0.813351, 0.133441], 
 499: [-0.317045, 0.938586, 0.136156], 
 500: [-0.313875, 0.94763, 0.0589869], 
 501: [-0.606876, 0.793045, 0.052736], 
 502: [-0.498145, 0.863986, 0.0733442], 
 503: [-0.47671, 0.865835, 0.15191], 
 504: [-0.137612, 0.758878, 0.636528], 
 505: [-0.331751, 0.92169, 0.201068], 
 506: [-0.46263, 0.857679, 0.224411], 
 507: [-0.233133, 0.766226, 0.598788], 
 508: [-0.233358, 0.972147, 0.0218024], 
 509: [-0.234847, 0.901649, 0.363146], 
 510: [-0.477117, 0.559027, -0.678121], 
 511: [0.136395, 0.423891, 0.895384], 
 512: [0.0895954, 0.495669, 0.863878], 
 513: [0.193485, 0.306255, 0.932079], 
 514: [-0.0347648, 0.183287, 0.982445], 
 515: [0.105454, 0.21611, 0.970657], 
 516: [-0.116327, -0.349943, 0.92952], 
 517: [-0.187095, 0.114359, 0.975663], 
 518: [-0.251731, 0.823929, 0.507714], 
 519: [-0.247338, -0.224107, 0.942656], 
 520: [-0.28147, 0.556875, 0.781451], 
 521: [-0.248443, 0.768177, 0.590068], 
 522: [-0.335577, 0.091204, 0.937587], 
 523: [-0.168035, 0.731677, 0.660615], 
 524: [-0.471615, 0.685349, -0.554866], 
 525: [-0.336528, 0.419285, 0.843178]]
Texture Coordinates
[0: [0.960328, 0.214716],
1: [0.954528, 0.0909859],
2: [0.952587, 0.0795047],
3: [0.959311, 0.125379],
4: [0.962104, 0.158428],
5: [0.959317, 0.220847],
6: [0.962033, 0.1571],
7: [0.962231, 0.195207],
8: [0.960711, 0.189638],
9: [0.961407, 0.174033],
10: [0.962644, 0.175253],
11: [0.960908, 0.141294],
12: [0.960225, 0.14161],
13: [0.958473, 0.125935],
14: [0.0396716, 0.214716],
15: [0.0454723, 0.0909858],
16: [0.0474131, 0.0795046],
17: [0.0406886, 0.125379],
18: [0.0378957, 0.158428],
19: [0.0406831, 0.220847],
20: [0.0379667, 0.1571],
21: [0.037769, 0.195207],
22: [0.0392894, 0.189638],
23: [0.0385926, 0.174033],
24: [0.0373556, 0.175253],
25: [0.0390914, 0.141294],
26: [0.0397753, 0.14161],
27: [0.0415271, 0.125935],
28: [0.0394929, 0.136806],
29: [0.5, 0.108726],
30: [0.709181, 0.220315],
31: [0.857495, 0.183914],
32: [0.850379, 0.246916],
33: [0.848212, 0.268392],
34: [0.867677, 0.261488],
35: [0.866202, 0.279808],
36: [0.913018, 0.257713],
37: [0.913704, 0.238487],
38: [0.869135, 0.239644],
39: [0.914481, 0.216154],
40: [0.852555, 0.22522],
41: [0.870633, 0.217745],
42: [0.915324, 0.194221],
43: [0.874304, 0.1764],
44: [0.872232, 0.197295],
45: [0.916245, 0.174168],
46: [0.917479, 0.153751],
47: [0.683234, 0.282131],
48: [0.778843, 0.270754],
49: [0.777147, 0.290709],
50: [0.67494, 0.300886],
51: [0.724783, 0.296866],
52: [0.73229, 0.277599],
53: [0.789325, 0.208697],
54: [0.781051, 0.249871],
55: [0.691764, 0.261773],
56: [0.739984, 0.257088],
57: [0.755674, 0.216],
58: [0.867726, 0.123009],
59: [0.86462, 0.13969],
60: [0.883382, 0.132569],
61: [0.890809, 0.116675],
62: [0.737601, 0.159051],
63: [0.810581, 0.147381],
64: [0.80425, 0.165065],
65: [0.728732, 0.177301],
66: [0.773676, 0.172762],
67: [0.781541, 0.154796],
68: [0.5, 0.296445],
69: [0.649465, 0.220439],
70: [0.62719, 0.286959],
71: [0.620682, 0.307008],
72: [0.640002, 0.30301],
73: [0.647602, 0.283899],
74: [0.634306, 0.265143],
75: [0.655466, 0.263026],
76: [0.671668, 0.220283],
77: [0.5, 0.420195],
78: [0.584407, 0.316705],
79: [0.581697, 0.341209],
80: [0.5, 0.452407],
81: [0.57171, 0.359138],
82: [0.5, 0.473601],
83: [0.57247, 0.378548],
84: [0.543434, 0.43817],
85: [0.542601, 0.416877],
86: [0.573433, 0.332924],
87: [0.543315, 0.38627],
88: [0.600685, 0.233479],
89: [0.588867, 0.28968],
90: [0.5, 0.381737],
91: [0.576937, 0.303684],
92: [0.545238, 0.350853],
93: [0.587219, 0.242296],
94: [0.5, 0.339751],
95: [0.5816, 0.273371],
96: [0.54804, 0.313081],
97: [0.551559, 0.274185],
98: [0.673442, 0.154865],
99: [0.666063, 0.174763],
100: [0.68955, 0.176463],
101: [0.697649, 0.157604],
102: [0.5, 0.167819],
103: [0.621653, 0.150569],
104: [0.614881, 0.176359],
105: [0.5, 0.210887],
106: [0.600415, 0.179978],
107: [0.5, 0.253547],
108: [0.593633, 0.21071],
109: [0.555673, 0.235135],
110: [0.560233, 0.196657],
111: [0.607088, 0.151398],
112: [0.5, 0.189445],
113: [0.603792, 0.165403],
114: [0.562631, 0.177815],
115: [0.565079, 0.159214],
116: [0.627367, 0.128697],
117: [0.5, 0.126976],
118: [0.612999, 0.126733],
119: [0.5, 0.14634],
120: [0.610224, 0.138141],
121: [0.567522, 0.141114],
122: [0.56978, 0.125105],
123: [0.524949, 0.453249],
124: [0.290819, 0.220315],
125: [0.142504, 0.183914],
126: [0.149621, 0.246916],
127: [0.151788, 0.268392],
128: [0.132323, 0.261488],
129: [0.133798, 0.279808],
130: [0.0869818, 0.257713],
131: [0.0862959, 0.238486],
132: [0.130865, 0.239644],
133: [0.0855187, 0.216154],
134: [0.147445, 0.22522],
135: [0.129367, 0.217745],
136: [0.0846763, 0.194221],
137: [0.125695, 0.1764],
138: [0.127768, 0.197295],
139: [0.0837554, 0.174168],
140: [0.082521, 0.153751],
141: [0.316766, 0.282131],
142: [0.221157, 0.270754],
143: [0.222852, 0.290709],
144: [0.32506, 0.300886],
145: [0.275217, 0.296866],
146: [0.26771, 0.277599],
147: [0.210675, 0.208697],
148: [0.218949, 0.249871],
149: [0.308236, 0.261773],
150: [0.260016, 0.257088],
151: [0.244326, 0.216],
152: [0.132274, 0.123009],
153: [0.13538, 0.139689],
154: [0.116618, 0.132569],
155: [0.109191, 0.116675],
156: [0.262399, 0.159051],
157: [0.189419, 0.147381],
158: [0.19575, 0.165065],
159: [0.271268, 0.177301],
160: [0.226324, 0.172762],
161: [0.218459, 0.154796],
162: [0.350535, 0.220439],
163: [0.37281, 0.286959],
164: [0.379318, 0.307008],
165: [0.359998, 0.30301],
166: [0.352398, 0.283899],
167: [0.365694, 0.265143],
168: [0.344534, 0.263026],
169: [0.328332, 0.220283],
170: [0.5, 0.420195],
171: [0.415593, 0.316705],
172: [0.418303, 0.341209],
173: [0.42829, 0.359138],
174: [0.427529, 0.378548],
175: [0.456566, 0.43817],
176: [0.457399, 0.416877],
177: [0.426567, 0.332924],
178: [0.456685, 0.38627],
179: [0.399315, 0.233479],
180: [0.411133, 0.28968],
181: [0.423063, 0.303684],
182: [0.454762, 0.350853],
183: [0.412781, 0.242296],
184: [0.4184, 0.273371],
185: [0.45196, 0.313081],
186: [0.448441, 0.274185],
187: [0.326558, 0.154865],
188: [0.333937, 0.174763],
189: [0.31045, 0.176463],
190: [0.302351, 0.157604],
191: [0.378347, 0.150569],
192: [0.385119, 0.176359],
193: [0.399585, 0.179978],
194: [0.406367, 0.21071],
195: [0.444327, 0.235135],
196: [0.439767, 0.196657],
197: [0.392912, 0.151398],
198: [0.396208, 0.165403],
199: [0.437369, 0.177815],
200: [0.434921, 0.159214],
201: [0.372633, 0.128697],
202: [0.387001, 0.126733],
203: [0.389776, 0.138141],
204: [0.432478, 0.141114],
205: [0.43022, 0.125105],
206: [0.47505, 0.453249],
207: [0.5, 0.0134469],
208: [0.477083, 0.0594742],
209: [0.5, 0.0576161],
210: [0.488419, 0.0355216],
211: [0.466642, 0.0855045],
212: [0.522917, 0.0594742],
213: [0.511581, 0.0355216],
214: [0.533357, 0.0855045],
215: [0.960625, 0.212668],
216: [0.962168, 0.196486],
217: [0.958756, 0.223676],
218: [0.958327, 0.225679],
219: [0.962662, 0.17791],
220: [0.962099, 0.158318],
221: [0.960507, 0.136806],
222: [0.953368, 0.084002],
223: [0.952494, 0.0724381],
224: [0.957743, 0.112709],
225: [0.0378318, 0.196486],
226: [0.0393747, 0.212668],
227: [0.0412438, 0.223676],
228: [0.0416727, 0.225679],
229: [0.0373379, 0.17791],
230: [0.0379013, 0.158317],
231: [0.0475059, 0.0724381],
232: [0.0466324, 0.0840019],
233: [0.0422568, 0.112709],
234: [0.549714, 0.438763],
235: [0.55563, 0.429201],
236: [0.590487, 0.360798],
237: [0.582451, 0.373389],
238: [0.557201, 0.421855],
239: [0.843467, 0.293506],
240: [0.864177, 0.287561],
241: [0.912307, 0.266476],
242: [0.77682, 0.308473],
243: [0.662767, 0.319358],
244: [0.713653, 0.316533],
245: [0.908305, 0.0973041],
246: [0.870651, 0.112039],
247: [0.822318, 0.132026],
248: [0.788325, 0.141279],
249: [0.745485, 0.144956],
250: [0.609226, 0.331196],
251: [0.628453, 0.322148],
252: [0.528829, 0.460972],
253: [0.704697, 0.142674],
254: [0.679561, 0.13878],
255: [0.662042, 0.133695],
256: [0.664247, 0.131011],
257: [0.630303, 0.118528],
258: [0.616368, 0.114866],
259: [0.572779, 0.107084],
260: [0.539898, 0.105382],
261: [0.5, 0.47849],
262: [0.44437, 0.429201],
263: [0.450285, 0.438763],
264: [0.417549, 0.373389],
265: [0.409513, 0.360798],
266: [0.442799, 0.421854],
267: [0.135822, 0.287561],
268: [0.156533, 0.293506],
269: [0.0876932, 0.266476],
270: [0.22318, 0.308473],
271: [0.286347, 0.316533],
272: [0.337233, 0.319357],
273: [0.129349, 0.112039],
274: [0.0916953, 0.097304],
275: [0.177682, 0.132026],
276: [0.254515, 0.144956],
277: [0.211675, 0.141279],
278: [0.371547, 0.322148],
279: [0.390774, 0.331196],
280: [0.471171, 0.460972],
281: [0.320439, 0.13878],
282: [0.295303, 0.142674],
283: [0.337958, 0.133695],
284: [0.369697, 0.118528],
285: [0.335753, 0.131011],
286: [0.383632, 0.114866],
287: [0.460102, 0.105382],
288: [0.42722, 0.107084],
289: [0.0329743, 0.967853],
290: [0.0233998, 0.853462],
291: [0.0278652, 0.795273],
292: [0.0338741, 0.981939],
293: [0.0274234, 0.797713],
294: [0.0239086, 0.830834],
295: [0.0256197, 0.903531],
296: [0.0284668, 0.932884],
297: [0.967026, 0.967853],
298: [0.9766, 0.853462],
299: [0.972135, 0.795273],
300: [0.966126, 0.981939],
301: [0.974502, 0.811122],
302: [0.972577, 0.797713],
303: [0.976091, 0.830834],
304: [0.971533, 0.932884],
305: [0.43316, 0.753528],
306: [0.5, 0.620928],
307: [0.457592, 0.645655],
308: [0.5, 0.487319],
309: [0.246673, 0.889947],
310: [0.33233, 0.681161],
311: [0.5, 0.604781],
312: [0.314259, 0.743119],
313: [0.415065, 0.615344],
314: [0.400735, 0.700135],
315: [0.5, 0.535247],
316: [0.404576, 0.64899],
317: [0.5, 0.505911],
318: [0.406787, 0.630681],
319: [0.448788, 0.535711],
320: [0.441076, 0.556307],
321: [0.5, 0.494368],
322: [0.442694, 0.547358],
323: [0.470303, 0.508658],
324: [0.468118, 0.51107],
325: [0.467236, 0.521655],
326: [0.439029, 0.581079],
327: [0.5, 0.567407],
328: [0.402861, 0.672184],
329: [0.437434, 0.610095],
330: [0.435775, 0.644409],
331: [0.330573, 0.704159],
332: [0.387483, 0.66674],
333: [0.387866, 0.684815],
334: [0.390109, 0.669515],
335: [0.334302, 0.689647],
336: [0.367677, 0.677762],
337: [0.369942, 0.685541],
338: [0.366799, 0.699882],
339: [0.37934, 0.728163],
340: [0.384303, 0.704486],
341: [0.323618, 0.722055],
342: [0.360809, 0.71772],
343: [0.352707, 0.738961],
344: [0.368422, 0.91216],
345: [0.39096, 0.785265],
346: [0.436178, 0.695821],
347: [0.397108, 0.736959],
348: [0.44013, 0.824865],
349: [0.382477, 0.838664],
350: [0.427775, 0.822709],
351: [0.424381, 0.926163],
352: [0.28723, 0.802943],
353: [0.3617, 0.798341],
354: [0.372126, 0.758775],
355: [0.302319, 0.769505],
356: [0.342109, 0.766207],
357: [0.328275, 0.801307],
358: [0.329469, 0.901447],
359: [0.348751, 0.842098],
360: [0.269849, 0.840159],
361: [0.312121, 0.840325],
362: [0.289766, 0.893084],
363: [0.214841, 0.69442],
364: [0.207152, 0.760883],
365: [0.217122, 0.717206],
366: [0.218155, 0.70204],
367: [0.27991, 0.684602],
368: [0.282179, 0.693117],
369: [0.279265, 0.708147],
370: [0.213175, 0.73719],
371: [0.273132, 0.727061],
372: [0.264616, 0.749267],
373: [0.0254979, 0.811122],
374: [0.146186, 0.712652],
375: [0.150032, 0.733555],
376: [0.149611, 0.718751],
377: [0.0752721, 0.745578],
378: [0.0805332, 0.746426],
379: [0.0832789, 0.759396],
380: [0.145075, 0.779161],
381: [0.14829, 0.754251],
382: [0.0858912, 0.778559],
383: [0.0842744, 0.804312],
384: [0.160971, 0.906719],
385: [0.189388, 0.822363],
386: [0.199372, 0.788876],
387: [0.25376, 0.7762],
388: [0.240059, 0.809329],
389: [0.177117, 0.859585],
390: [0.223988, 0.846101],
391: [0.202893, 0.894106],
392: [0.135223, 0.841789],
393: [0.140844, 0.808016],
394: [0.0239801, 0.877327],
395: [0.0822236, 0.833583],
396: [0.0793343, 0.86713],
397: [0.117466, 0.926113],
398: [0.127698, 0.879588],
399: [0.0749311, 0.904902],
400: [0.0684357, 0.950118],
401: [0.452451, 0.89515],
402: [0.460888, 0.931844],
403: [0.124851, 0.719893],
404: [0.118183, 0.9337],
405: [0.0793947, 0.951649],
406: [0.167971, 0.909354],
407: [0.247119, 0.893604],
408: [0.202988, 0.898082],
409: [0.315029, 0.901126],
410: [0.289136, 0.896384],
411: [0.365772, 0.925796],
412: [0.333077, 0.907321],
413: [0.330805, 0.91059],
414: [0.380127, 0.930256],
415: [0.4589, 0.941809],
416: [0.425028, 0.939736],
417: [0.124705, 0.728394],
418: [0.46138, 0.94358],
419: [0.56684, 0.753528],
420: [0.542408, 0.645655],
421: [0.753327, 0.889947],
422: [0.66767, 0.681161],
423: [0.685741, 0.743119],
424: [0.584935, 0.615344],
425: [0.599266, 0.700135],
426: [0.595424, 0.64899],
427: [0.593213, 0.630681],
428: [0.551212, 0.535711],
429: [0.558924, 0.556307],
430: [0.557306, 0.547358],
431: [0.529697, 0.508658],
432: [0.531882, 0.51107],
433: [0.532764, 0.521655],
434: [0.560971, 0.581079],
435: [0.597139, 0.672184],
436: [0.562566, 0.610095],
437: [0.564225, 0.644409],
438: [0.669427, 0.704159],
439: [0.612517, 0.66674],
440: [0.612134, 0.684815],
441: [0.609891, 0.669515],
442: [0.665698, 0.689647],
443: [0.632323, 0.677762],
444: [0.630058, 0.685541],
445: [0.633201, 0.699882],
446: [0.62066, 0.728163],
447: [0.615697, 0.704486],
448: [0.676382, 0.722055],
449: [0.639191, 0.71772],
450: [0.647293, 0.738961],
451: [0.631578, 0.91216],
452: [0.60904, 0.785265],
453: [0.563822, 0.695821],
454: [0.602892, 0.736959],
455: [0.55987, 0.824865],
456: [0.617523, 0.838664],
457: [0.572225, 0.822709],
458: [0.575619, 0.926163],
459: [0.71277, 0.802943],
460: [0.6383, 0.798341],
461: [0.627874, 0.758775],
462: [0.697681, 0.769505],
463: [0.657891, 0.766207],
464: [0.671725, 0.801307],
465: [0.670531, 0.901447],
466: [0.651249, 0.842098],
467: [0.730151, 0.840159],
468: [0.687879, 0.840325],
469: [0.710234, 0.893084],
470: [0.785159, 0.69442],
471: [0.792849, 0.760883],
472: [0.782878, 0.717206],
473: [0.781845, 0.70204],
474: [0.72009, 0.684602],
475: [0.717821, 0.693117],
476: [0.720735, 0.708147],
477: [0.786825, 0.73719],
478: [0.726868, 0.727061],
479: [0.735384, 0.749267],
480: [0.853814, 0.712652],
481: [0.849968, 0.733555],
482: [0.850389, 0.718751],
483: [0.924728, 0.745578],
484: [0.919467, 0.746426],
485: [0.916721, 0.759396],
486: [0.854925, 0.779161],
487: [0.85171, 0.754251],
488: [0.914109, 0.778559],
489: [0.915726, 0.804312],
490: [0.839029, 0.906719],
491: [0.810612, 0.822363],
492: [0.800628, 0.788876],
493: [0.74624, 0.7762],
494: [0.759942, 0.809329],
495: [0.822883, 0.859585],
496: [0.776012, 0.846101],
497: [0.797107, 0.894106],
498: [0.97438, 0.903531],
499: [0.864777, 0.841789],
500: [0.859156, 0.808016],
501: [0.97602, 0.877328],
502: [0.917776, 0.833583],
503: [0.920666, 0.86713],
504: [0.882534, 0.926113],
505: [0.872302, 0.879588],
506: [0.925069, 0.904902],
507: [0.931564, 0.950118],
508: [0.547549, 0.89515],
509: [0.539112, 0.931844],
510: [0.875149, 0.719893],
511: [0.881817, 0.9337],
512: [0.920605, 0.951649],
513: [0.832029, 0.909354],
514: [0.752881, 0.893604],
515: [0.797012, 0.898082],
516: [0.684971, 0.901126],
517: [0.710864, 0.896384],
518: [0.634228, 0.925796],
519: [0.666923, 0.907321],
520: [0.669195, 0.91059],
521: [0.619873, 0.930256],
522: [0.5411, 0.941809],
523: [0.574972, 0.939736],
524: [0.875295, 0.728394],
525: [0.53862, 0.94358]]
