Name: intakes
Transform: [0, 0, 0]
Rotation: [0, 0, 0, 1]
Scale: [1, 1, 1]
LOD: 0
Animation data
[]
[]
[]
SubObjects: [ ]
Shading Data:
Diffuse_Color: [0.8, 0.8, 0.8, 1]
Ambient: [0, 0, 0, 0]
Emmision_Color: [0, 0, 0, 0]
Specular_Color: [0, 0, 0, 1]
Shininess: 0
Texture: ship3_outline
Number of Vertices: 51
[0: [-1.73032, 0.116382, -3.07439, 1], 
 1: [-1.79043, 0.107734, -3.07533, 1], 
 2: [-1.84415, 0.0865847, -3.07678, 1], 
 3: [-1.88612, 0.0534049, -3.0778, 1], 
 4: [-1.92206, 0.0191513, -3.07771, 1], 
 5: [-1.94732, -0.0258071, -3.07737, 1], 
 6: [-1.95991, -0.0785333, -3.07702, 1], 
 7: [-1.95722, -0.133442, -3.07688, 1], 
 8: [-1.93921, -0.184914, -3.07693, 1], 
 9: [-1.90859, -0.229357, -3.0768, 1], 
 10: [-1.86659, -0.266014, -3.07611, 1], 
 11: [-1.81429, -0.292938, -3.07471, 1], 
 12: [-1.75458, -0.307123, -3.07353, 1], 
 13: [-1.69183, -0.306961, -3.07323, 1], 
 14: [-1.63215, -0.292818, -3.07433, 1], 
 15: [-1.57969, -0.265687, -3.07557, 1], 
 16: [-1.53744, -0.228291, -3.07629, 1], 
 17: [-1.50663, -0.182359, -3.07644, 1], 
 18: [-1.48944, -0.12875, -3.07632, 1], 
 19: [-1.48814, -0.0722944, -3.07646, 1], 
 20: [-1.50267, -0.018752, -3.0768, 1], 
 21: [-1.52971, 0.0265411, -3.07706, 1], 
 22: [-1.56655, 0.0634252, -3.07699, 1], 
 23: [-1.61355, 0.0924387, -3.07631, 1], 
 24: [-1.66926, 0.110935, -3.075, 1], 
 25: [1.73032, 0.116382, -3.07439, 1], 
 26: [1.79043, 0.107734, -3.07533, 1], 
 27: [1.84415, 0.0865847, -3.07678, 1], 
 28: [1.88612, 0.0534049, -3.0778, 1], 
 29: [1.92206, 0.0191513, -3.07771, 1], 
 30: [1.94732, -0.0258071, -3.07737, 1], 
 31: [1.95991, -0.0785333, -3.07702, 1], 
 32: [1.95722, -0.133442, -3.07688, 1], 
 33: [1.93921, -0.184914, -3.07693, 1], 
 34: [1.90859, -0.229357, -3.0768, 1], 
 35: [1.86659, -0.266014, -3.07611, 1], 
 36: [1.81429, -0.292938, -3.07471, 1], 
 37: [1.75458, -0.307123, -3.07353, 1], 
 38: [1.69183, -0.306961, -3.07323, 1], 
 39: [1.63215, -0.292818, -3.07433, 1], 
 40: [1.57969, -0.265687, -3.07557, 1], 
 41: [1.53744, -0.228291, -3.07629, 1], 
 42: [1.50663, -0.182359, -3.07644, 1], 
 43: [1.48944, -0.12875, -3.07632, 1], 
 44: [1.48814, -0.0722944, -3.07646, 1], 
 45: [1.50267, -0.018752, -3.0768, 1], 
 46: [1.52971, 0.0265411, -3.07706, 1], 
 47: [1.56655, 0.0634252, -3.07699, 1], 
 48: [1.61355, 0.0924387, -3.07631, 1], 
 49: [1.66926, 0.110935, -3.075, 1], 
 50: [1.48879, -0.100522, -3.07639, 1]]
Number of polygons: 47
Polygon Connection List
[0: [20, 19, 21], 
1: [21, 19, 22], 
2: [19, 18, 22], 
3: [18, 17, 22], 
4: [17, 16, 22], 
5: [16, 15, 22], 
6: [22, 15, 23], 
7: [15, 14, 23], 
8: [23, 14, 24], 
9: [14, 13, 24], 
10: [13, 12, 24], 
11: [24, 12, 0], 
12: [0, 12, 1], 
13: [12, 11, 1], 
14: [1, 11, 2], 
15: [2, 11, 3], 
16: [11, 10, 3], 
17: [10, 9, 3], 
18: [9, 8, 3], 
19: [8, 7, 3], 
20: [7, 6, 3], 
21: [6, 5, 3], 
22: [5, 4, 3], 
23: [27, 28, 26], 
24: [26, 28, 25], 
25: [25, 28, 49], 
26: [49, 28, 48], 
27: [48, 28, 47], 
28: [47, 28, 46], 
29: [46, 28, 45], 
30: [45, 28, 44], 
31: [44, 28, 50], 
32: [50, 28, 43], 
33: [43, 28, 42], 
34: [42, 28, 41], 
35: [41, 28, 40], 
36: [40, 28, 39], 
37: [39, 28, 38], 
38: [38, 28, 37], 
39: [37, 28, 36], 
40: [36, 28, 35], 
41: [35, 28, 34], 
42: [34, 28, 33], 
43: [33, 28, 32], 
44: [32, 28, 31], 
45: [28, 29, 31], 
46: [29, 30, 31]]
Per Vertex Normals
[0: [0.00217207, -0.0021612, -0.999995], 
 1: [0.0209945, -0.00304633, -0.999775], 
 2: [0.0278709, -0.00326816, -0.999606], 
 3: [0.0195911, -0.00399508, -0.9998], 
 4: [0.00978512, -0.0130373, -0.999867], 
 5: [0.00264104, -0.00751828, -0.999968], 
 6: [-0.00503648, -0.00314296, -0.999982], 
 7: [-0.00778723, -0.00195712, -0.999968], 
 8: [-0.00218862, -0.00315191, -0.999993], 
 9: [0.00948299, -0.0042828, -0.999946], 
 10: [0.0214273, -0.00399678, -0.999762], 
 11: [0.021648, -0.00307664, -0.999761], 
 12: [0.0107473, -0.00348056, -0.999936], 
 13: [-0.0051559, -0.00395123, -0.999979], 
 14: [-0.0193543, -0.00359845, -0.999806], 
 15: [-0.0191031, -0.00397722, -0.99981], 
 16: [-0.0107154, -0.00347179, -0.999937], 
 17: [0.00073659, -0.00208254, -0.999998], 
 18: [0.00717888, -0.000632893, -0.999974], 
 19: [0.00159377, -0.00312555, -0.999994], 
 20: [-0.0020247, -0.00698827, -0.999974], 
 21: [-0.0132836, -0.011723, -0.999843], 
 22: [-0.013547, -0.00412913, -0.9999], 
 23: [-0.0220632, -0.00384612, -0.999749], 
 24: [-0.0155609, -0.00268357, -0.999875], 
 25: [0.00288143, 0.0611938, -0.998122], 
 26: [-0.0129436, 0.0227464, -0.999657], 
 27: [-0.0299638, -0.00723839, -0.999525], 
 28: [-0.00366773, 0.00142752, -0.999992], 
 29: [-0.00604959, -0.00942117, -0.999937], 
 30: [0.00265457, -0.0060495, -0.999978], 
 31: [0.0050603, -0.00320415, -0.999982], 
 32: [0.00778723, -0.00195712, -0.999968], 
 33: [0.00218862, -0.00315191, -0.999993], 
 34: [-0.00948299, -0.0042828, -0.999946], 
 35: [-0.0214273, -0.00399678, -0.999762], 
 36: [-0.02048, -0.00467611, -0.999779], 
 37: [-0.00942841, -0.00841348, -0.99992], 
 38: [0.00685475, -0.0163686, -0.999843], 
 39: [0.0134624, -0.0198905, -0.999712], 
 40: [0.00919663, -0.0158256, -0.999833], 
 41: [0.00228208, -0.00818035, -0.999964], 
 42: [-0.00254032, -0.0016954, -0.999995], 
 43: [-0.00351344, -0.000489874, -0.999994], 
 44: [-0.00219857, -0.00374032, -0.999991], 
 45: [-0.00154372, -0.00566057, -0.999983], 
 46: [-0.00188082, -0.00254146, -0.999995], 
 47: [-0.00225383, 0.00872855, -0.999959], 
 48: [-0.000914908, 0.0319255, -0.99949], 
 49: [0.00333332, 0.0611439, -0.998123], 
 50: [-0.00259017, -0.00250049, -0.999994]]
Texture Coordinates
[0: [0.844438, 0.0787729],
1: [0.835423, 0.0774757],
2: [0.827365, 0.0743033],
3: [0.821068, 0.0693263],
4: [0.815677, 0.0641883],
5: [0.811889, 0.0574445],
6: [0.810001, 0.0495356],
7: [0.810404, 0.0412992],
8: [0.813105, 0.0335785],
9: [0.817699, 0.0269121],
10: [0.823999, 0.0214135],
11: [0.831843, 0.0173748],
12: [0.8408, 0.0152472],
13: [0.850212, 0.0152714],
14: [0.859164, 0.0173929],
15: [0.867033, 0.0214626],
16: [0.87337, 0.027072],
17: [0.877992, 0.0339617],
18: [0.880571, 0.0420031],
19: [0.880766, 0.0504714],
20: [0.878586, 0.0585028],
21: [0.87453, 0.0652968],
22: [0.869005, 0.0708294],
23: [0.861954, 0.0751814],
24: [0.853598, 0.0779559],
25: [0.944641, 0.0787729],
26: [0.953657, 0.0774757],
27: [0.961715, 0.0743033],
28: [0.968011, 0.0693264],
29: [0.973402, 0.0641883],
30: [0.977191, 0.0574445],
31: [0.979079, 0.0495356],
32: [0.978675, 0.0412992],
33: [0.975975, 0.0335785],
34: [0.971381, 0.0269121],
35: [0.965081, 0.0214135],
36: [0.957236, 0.0173748],
37: [0.948279, 0.0152472],
38: [0.938868, 0.0152714],
39: [0.929915, 0.0173929],
40: [0.922046, 0.0214626],
41: [0.915709, 0.027072],
42: [0.911087, 0.0339617],
43: [0.908508, 0.0420031],
44: [0.908314, 0.0504714],
45: [0.910494, 0.0585028],
46: [0.914549, 0.0652968],
47: [0.920075, 0.0708294],
48: [0.927125, 0.0751814],
49: [0.935481, 0.0779559],
50: [0.908411, 0.0462373]]
