Name: engine_glow
Transform: [0, 0, 0]
Rotation: [0, 0, 0, 1]
Scale: [1, 1, 1]
LOD: 0
Animation data
[]
[]
[]
SubObjects: [ ]
Shading Data:
Diffuse_Color: [0.8, 0.140924, 0.0768, 1]
Ambient: [0.573, 0.059019, 0.0832617, 0]
Emmision_Color: [0.393, 0.237657, 0.101001, 0]
Specular_Color: [0, 0, 0, 1]
Shininess: 0
Texture: ship_x_outline
Number of Vertices: 63
[0: [0.251938, 0.121411, 3.51796, 1], 
 1: [0.508848, 0.121411, 3.51796, 1], 
 2: [0.341118, 0.244157, 3.51796, 1], 
 3: [0.277569, 0.196558, 3.51796, 1], 
 4: [0.317595, 0.121411, 3.51796, 1], 
 5: [0.330187, 0.158329, 3.51796, 1], 
 6: [0.361407, 0.181713, 3.51796, 1], 
 7: [0.420507, 0.243002, 3.51796, 1], 
 8: [0.400409, 0.181145, 3.51796, 1], 
 9: [0.485413, 0.197272, 3.51796, 1], 
 10: [0.432295, 0.15868, 3.51796, 1], 
 11: [0.443808, 0.121411, 3.51796, 1], 
 12: [0.420507, -0.000179244, 3.51796, 1], 
 13: [0.485413, 0.0455506, 3.51796, 1], 
 14: [0.432295, 0.0841431, 3.51796, 1], 
 15: [0.400409, 0.0616773, 3.51796, 1], 
 16: [0.341118, -0.00133387, 3.51796, 1], 
 17: [0.361407, 0.0611101, 3.51796, 1], 
 18: [0.381, 0.121411, 3.51796, 1], 
 19: [0.277569, 0.0462642, 3.51796, 1], 
 20: [0.330187, 0.0844937, 3.51796, 1], 
 21: [-0.129062, 0.121411, 3.52996, 1], 
 22: [0.127848, 0.121411, 3.52996, 1], 
 23: [-0.0398823, 0.244157, 3.52996, 1], 
 24: [-0.103431, 0.196558, 3.52996, 1], 
 25: [-0.0634046, 0.121411, 3.52996, 1], 
 26: [-0.0508128, 0.158329, 3.52996, 1], 
 27: [-0.0195931, 0.181713, 3.52996, 1], 
 28: [0.0395072, 0.243002, 3.52996, 1], 
 29: [0.0194088, 0.181145, 3.52996, 1], 
 30: [0.104413, 0.197272, 3.52996, 1], 
 31: [0.0512954, 0.15868, 3.52996, 1], 
 32: [0.0628081, 0.121411, 3.52996, 1], 
 33: [0.0395072, -0.000179244, 3.52996, 1], 
 34: [0.104413, 0.0455506, 3.52996, 1], 
 35: [0.0512954, 0.0841431, 3.52996, 1], 
 36: [0.0194088, 0.0616773, 3.52996, 1], 
 37: [-0.0398823, -0.00133387, 3.52996, 1], 
 38: [-0.0195931, 0.0611101, 3.52996, 1], 
 39: [0, 0.121411, 3.52996, 1], 
 40: [-0.103431, 0.0462642, 3.52996, 1], 
 41: [-0.0508128, 0.0844937, 3.52996, 1], 
 42: [-0.510035, 0.121411, 3.51796, 1], 
 43: [-0.253125, 0.121411, 3.51796, 1], 
 44: [-0.420855, 0.244157, 3.51796, 1], 
 45: [-0.484404, 0.196558, 3.51796, 1], 
 46: [-0.444377, 0.121411, 3.51796, 1], 
 47: [-0.431785, 0.158329, 3.51796, 1], 
 48: [-0.400566, 0.181713, 3.51796, 1], 
 49: [-0.341465, 0.243002, 3.51796, 1], 
 50: [-0.361564, 0.181145, 3.51796, 1], 
 51: [-0.276559, 0.197272, 3.51796, 1], 
 52: [-0.329677, 0.15868, 3.51796, 1], 
 53: [-0.318164, 0.121411, 3.51796, 1], 
 54: [-0.341465, -0.000179244, 3.51796, 1], 
 55: [-0.276559, 0.0455506, 3.51796, 1], 
 56: [-0.329677, 0.0841431, 3.51796, 1], 
 57: [-0.361564, 0.0616773, 3.51796, 1], 
 58: [-0.420855, -0.00133387, 3.51796, 1], 
 59: [-0.400566, 0.0611101, 3.51796, 1], 
 60: [-0.380973, 0.121411, 3.51796, 1], 
 61: [-0.484404, 0.0462642, 3.51796, 1], 
 62: [-0.431785, 0.0844937, 3.51796, 1]]
Number of polygons: 90
Polygon Connection List
[0: [18, 4, 20], 
1: [18, 11, 10], 
2: [18, 6, 5], 
3: [4, 18, 5], 
4: [0, 4, 3], 
5: [4, 5, 3], 
6: [2, 3, 6], 
7: [6, 3, 5], 
8: [18, 8, 6], 
9: [2, 6, 7], 
10: [8, 7, 6], 
11: [18, 10, 8], 
12: [9, 7, 10], 
13: [10, 7, 8], 
14: [9, 10, 1], 
15: [11, 1, 10], 
16: [18, 15, 14], 
17: [18, 14, 11], 
18: [13, 1, 14], 
19: [14, 1, 11], 
20: [13, 14, 12], 
21: [15, 12, 14], 
22: [18, 17, 15], 
23: [16, 12, 17], 
24: [17, 12, 15], 
25: [18, 20, 17], 
26: [16, 17, 19], 
27: [20, 19, 17], 
28: [0, 19, 4], 
29: [4, 19, 20], 
30: [39, 25, 41], 
31: [39, 32, 31], 
32: [39, 27, 26], 
33: [25, 39, 26], 
34: [21, 25, 24], 
35: [25, 26, 24], 
36: [23, 24, 27], 
37: [27, 24, 26], 
38: [39, 29, 27], 
39: [23, 27, 28], 
40: [29, 28, 27], 
41: [39, 31, 29], 
42: [30, 28, 31], 
43: [31, 28, 29], 
44: [30, 31, 22], 
45: [32, 22, 31], 
46: [39, 36, 35], 
47: [39, 35, 32], 
48: [34, 22, 35], 
49: [35, 22, 32], 
50: [34, 35, 33], 
51: [36, 33, 35], 
52: [39, 38, 36], 
53: [37, 33, 38], 
54: [38, 33, 36], 
55: [39, 41, 38], 
56: [37, 38, 40], 
57: [41, 40, 38], 
58: [21, 40, 25], 
59: [25, 40, 41], 
60: [60, 46, 62], 
61: [60, 53, 52], 
62: [60, 48, 47], 
63: [46, 60, 47], 
64: [42, 46, 45], 
65: [46, 47, 45], 
66: [44, 45, 48], 
67: [48, 45, 47], 
68: [60, 50, 48], 
69: [44, 48, 49], 
70: [50, 49, 48], 
71: [60, 52, 50], 
72: [51, 49, 52], 
73: [52, 49, 50], 
74: [51, 52, 43], 
75: [53, 43, 52], 
76: [60, 57, 56], 
77: [60, 56, 53], 
78: [55, 43, 56], 
79: [56, 43, 53], 
80: [55, 56, 54], 
81: [57, 54, 56], 
82: [60, 59, 57], 
83: [58, 54, 59], 
84: [59, 54, 57], 
85: [60, 62, 59], 
86: [58, 59, 61], 
87: [62, 61, 59], 
88: [42, 61, 46], 
89: [46, 61, 62]]
Per Vertex Normals
[0: [0, 0, 1], 
 1: [0, 0, 1], 
 2: [0, 0, 1], 
 3: [0, 0, 1], 
 4: [0, 0, 1], 
 5: [0, 0, 1], 
 6: [0, 0, 1], 
 7: [0, 0, 1], 
 8: [0, 0, 1], 
 9: [0, 0, 1], 
 10: [0, 0, 1], 
 11: [0, 0, 1], 
 12: [-4.44474e-016, 0, 1], 
 13: [-5.62541e-015, 0, 1], 
 14: [1.04561e-015, 0, 1], 
 15: [6.81741e-015, 0, 1], 
 16: [-1.40635e-015, 0, 1], 
 17: [-4.84084e-016, 0, 1], 
 18: [0, 0, 1], 
 19: [0, 0, 1], 
 20: [0, 0, 1], 
 21: [0, 0, 1], 
 22: [0, 0, 1], 
 23: [0, 0, 1], 
 24: [0, 0, 1], 
 25: [0, 0, 1], 
 26: [0, 0, 1], 
 27: [0, 0, 1], 
 28: [0, 0, 1], 
 29: [0, 0, 1], 
 30: [0, 0, 1], 
 31: [0, 0, 1], 
 32: [0, 0, 1], 
 33: [-9.05117e-016, 0, 1], 
 34: [0, 0, 1], 
 35: [0, 0, 1], 
 36: [0, 0, 1], 
 37: [-1.40635e-015, 0, 1], 
 38: [-4.84084e-016, 0, 1], 
 39: [0, 0, 1], 
 40: [0, 0, 1], 
 41: [0, 0, 1], 
 42: [0, 0, 1], 
 43: [0, 0, 1], 
 44: [0, 0, 1], 
 45: [0, 0, 1], 
 46: [0, 0, 1], 
 47: [0, 0, 1], 
 48: [0, 0, 1], 
 49: [0, 0, 1], 
 50: [0, 0, 1], 
 51: [0, 0, 1], 
 52: [0, 0, 1], 
 53: [0, 0, 1], 
 54: [-4.44474e-016, 0, 1], 
 55: [-5.62541e-015, 0, 1], 
 56: [1.04561e-015, 0, 1], 
 57: [6.8174e-015, 0, 1], 
 58: [-1.40635e-015, 0, 1], 
 59: [-4.84084e-016, 0, 1], 
 60: [0, 0, 1], 
 61: [0, 0, 1], 
 62: [0, 0, 1]]
Texture Coordinates
[0: [0.934309, 0.96],
1: [0.985691, 0.96],
2: [0.952145, 0.984549],
3: [0.939435, 0.975029],
4: [0.94744, 0.96],
5: [0.949959, 0.967384],
6: [0.956203, 0.97206],
7: [0.968023, 0.984318],
8: [0.964003, 0.971947],
9: [0.981004, 0.975172],
10: [0.97038, 0.967454],
11: [0.972683, 0.96],
12: [0.968023, 0.935682],
13: [0.981004, 0.944828],
14: [0.97038, 0.952546],
15: [0.964003, 0.948053],
16: [0.952145, 0.935451],
17: [0.956203, 0.94794],
18: [0.960121, 0.96],
19: [0.939435, 0.944971],
20: [0.949959, 0.952616],
21: [0.934309, 0.96],
22: [0.985691, 0.96],
23: [0.952145, 0.984549],
24: [0.939435, 0.975029],
25: [0.94744, 0.96],
26: [0.949959, 0.967384],
27: [0.956203, 0.97206],
28: [0.968023, 0.984318],
29: [0.964003, 0.971947],
30: [0.981004, 0.975172],
31: [0.97038, 0.967454],
32: [0.972683, 0.96],
33: [0.968023, 0.935682],
34: [0.981004, 0.944828],
35: [0.97038, 0.952546],
36: [0.964003, 0.948053],
37: [0.952145, 0.935451],
38: [0.956203, 0.94794],
39: [0.960121, 0.96],
40: [0.939435, 0.944971],
41: [0.949959, 0.952616],
42: [0.934309, 0.96],
43: [0.985691, 0.96],
44: [0.952145, 0.984549],
45: [0.939435, 0.975029],
46: [0.94744, 0.96],
47: [0.949959, 0.967384],
48: [0.956203, 0.97206],
49: [0.968023, 0.984318],
50: [0.964003, 0.971947],
51: [0.981004, 0.975172],
52: [0.97038, 0.967454],
53: [0.972683, 0.96],
54: [0.968023, 0.935682],
55: [0.981004, 0.944828],
56: [0.97038, 0.952546],
57: [0.964003, 0.948053],
58: [0.952145, 0.935451],
59: [0.956203, 0.94794],
60: [0.960121, 0.96],
61: [0.939435, 0.944971],
62: [0.949959, 0.952616]]
