Name: canopy
Transform: [0, 0, 0]
Rotation: [0, 0, 0, 1]
Scale: [1, 1, 1]
LOD: 0
Animation data
[]
[]
[]
SubObjects: [ ]
Shading Data:
Diffuse_Color: [0.4, 0.4, 0.4, 1]
Ambient: [0, 0, 0, 0]
Emmision_Color: [0, 0, 0, 0]
Specular_Color: [1, 1, 1, 1]
Shininess: 20
Texture: ship_x_outline
Number of Vertices: 86
[0: [-0.308902, 0.558657, -2.09891, 1], 
 1: [-2.22045e-016, 0.850082, -2.09854, 1], 
 2: [-0.000203775, 0.564238, -2.42467, 1], 
 3: [-0.262796, 0.539781, -2.24362, 1], 
 4: [-0.225479, 0.725534, -2.15157, 1], 
 5: [-0.19787, 0.697612, -2.20374, 1], 
 6: [-0.115193, 0.802553, -2.13622, 1], 
 7: [-0.106902, 0.779584, -2.16207, 1], 
 8: [-0.000139146, 0.69976, -2.27384, 1], 
 9: [-0.221154, 0.543059, -2.30072, 1], 
 10: [-0.128664, 0.694718, -2.24423, 1], 
 11: [-0.0681283, 0.766934, -2.17748, 1], 
 12: [-6.9573e-005, 0.759944, -2.18839, 1], 
 13: [0, 0.88326, -0.148775, 1], 
 14: [-0.303586, 0.792626, -1.11345, 1], 
 15: [-0.351527, 0.622003, -1.82067, 1], 
 16: [-0.242956, 0.813346, -1.97373, 1], 
 17: [-0.111091, 0.85362, -2.04206, 1], 
 18: [-0.195735, 0.924282, -1.66813, 1], 
 19: [-0.338697, 0.746957, -1.38971, 1], 
 20: [-0.223075, 0.886234, -1.80534, 1], 
 21: [-0.100865, 0.894616, -1.95611, 1], 
 22: [-0.0878314, 0.919342, -1.88723, 1], 
 23: [-0.205729, 0.862135, -0.534613, 1], 
 24: [-0.126561, 0.982271, -1.41882, 1], 
 25: [-0.251924, 0.838627, -0.741644, 1], 
 26: [-0.15851, 0.960346, -1.51378, 1], 
 27: [-0.230132, 0.852553, -0.625603, 1], 
 28: [-0.14308, 0.973039, -1.46039, 1], 
 29: [-0.205166, 0.916083, -1.23468, 1], 
 30: [-0.186072, 0.929455, -1.15842, 1], 
 31: [-0.165259, 0.93892, -1.09892, 1], 
 32: [-0.070346, 0.944454, -1.80952, 1], 
 33: [-0.0556341, 0.960125, -1.76132, 1], 
 34: [0, 1.00488, -1.22495, 1], 
 35: [-0.128427, 0.876464, -0.327394, 1], 
 36: [-0.076769, 0.997455, -1.31873, 1], 
 37: [-0.171589, 0.869882, -0.438839, 1], 
 38: [-0.104219, 0.990416, -1.37437, 1], 
 39: [-0.136718, 0.946915, -1.0356, 1], 
 40: [-0.10123, 0.953651, -0.957967, 1], 
 41: [-0.0756996, 0.881626, -0.208614, 1], 
 42: [-0.0444303, 1.00266, -1.25491, 1], 
 43: [-0.0588574, 0.958656, -0.870716, 1], 
 44: [0, 0.960931, -0.829201, 1], 
 45: [-0.0333871, 0.972075, -1.71215, 1], 
 46: [0, 0.977826, -1.66841, 1], 
 47: [0.304809, 0.547581, -2.09642, 1], 
 48: [0.303539, 0.79282, -1.11289, 1], 
 49: [0.350158, 0.618361, -1.81997, 1], 
 50: [0.222887, 0.718528, -2.14999, 1], 
 51: [0.242222, 0.811202, -1.97342, 1], 
 52: [0.113981, 0.799277, -2.13548, 1], 
 53: [0.110819, 0.852724, -2.042, 1], 
 54: [0.195724, 0.924367, -1.66768, 1], 
 55: [0.338734, 0.746912, -1.39005, 1], 
 56: [0.223104, 0.886193, -1.8055, 1], 
 57: [0.10088, 0.894588, -1.95619, 1], 
 58: [0.0878301, 0.919355, -1.88707, 1], 
 59: [0.205729, 0.862135, -0.534613, 1], 
 60: [0.126574, 0.982247, -1.41873, 1], 
 61: [0.251897, 0.838649, -0.741463, 1], 
 62: [0.158513, 0.960324, -1.51355, 1], 
 63: [0.230128, 0.852556, -0.62558, 1], 
 64: [0.143095, 0.97301, -1.46027, 1], 
 65: [0.205158, 0.916082, -1.2344, 1], 
 66: [0.186082, 0.929441, -1.15829, 1], 
 67: [0.165269, 0.938908, -1.09884, 1], 
 68: [0.0703515, 0.944416, -1.80945, 1], 
 69: [0.0556425, 0.960096, -1.7613, 1], 
 70: [0.128427, 0.876464, -0.327394, 1], 
 71: [0.0767738, 0.997446, -1.3187, 1], 
 72: [0.171589, 0.869882, -0.438839, 1], 
 73: [0.104228, 0.9904, -1.37432, 1], 
 74: [0.136724, 0.946907, -1.03554, 1], 
 75: [0.101233, 0.953647, -0.957936, 1], 
 76: [0.0756996, 0.881626, -0.208614, 1], 
 77: [0.0444328, 1.00266, -1.25489, 1], 
 78: [0.0588592, 0.958654, -0.870702, 1], 
 79: [0.0333901, 0.972065, -1.71215, 1], 
 80: [0.259518, 0.527198, -2.2383, 1], 
 81: [0.195698, 0.689218, -2.20022, 1], 
 82: [0.105825, 0.775393, -2.16033, 1], 
 83: [0.22115, 0.527879, -2.29587, 1], 
 84: [0.128815, 0.686474, -2.2412, 1], 
 85: [0.0682192, 0.762933, -2.17594, 1]]
Number of polygons: 144
Polygon Connection List
[0: [1, 12, 11], 
1: [6, 1, 7], 
2: [0, 4, 3], 
3: [4, 5, 3], 
4: [4, 6, 5], 
5: [6, 7, 5], 
6: [9, 10, 2], 
7: [8, 2, 10], 
8: [10, 9, 5], 
9: [9, 3, 5], 
10: [1, 11, 7], 
11: [5, 7, 10], 
12: [11, 10, 7], 
13: [10, 11, 8], 
14: [12, 8, 11], 
15: [1, 45, 46], 
16: [1, 21, 22], 
17: [6, 17, 1], 
18: [15, 16, 0], 
19: [0, 16, 4], 
20: [16, 17, 4], 
21: [4, 17, 6], 
22: [14, 18, 19], 
23: [18, 20, 19], 
24: [15, 19, 16], 
25: [19, 20, 16], 
26: [1, 17, 21], 
27: [16, 20, 17], 
28: [21, 17, 20], 
29: [18, 22, 20], 
30: [22, 21, 20], 
31: [1, 32, 33], 
32: [31, 24, 30], 
33: [24, 28, 30], 
34: [25, 29, 14], 
35: [14, 29, 18], 
36: [29, 26, 18], 
37: [30, 28, 29], 
38: [29, 28, 26], 
39: [27, 30, 25], 
40: [30, 29, 25], 
41: [23, 31, 27], 
42: [31, 30, 27], 
43: [1, 22, 32], 
44: [26, 32, 18], 
45: [32, 22, 18], 
46: [24, 33, 28], 
47: [28, 33, 26], 
48: [33, 32, 26], 
49: [44, 34, 43], 
50: [34, 42, 43], 
51: [40, 36, 39], 
52: [39, 36, 38], 
53: [39, 38, 31], 
54: [31, 38, 24], 
55: [37, 39, 23], 
56: [39, 31, 23], 
57: [35, 40, 37], 
58: [40, 39, 37], 
59: [43, 42, 40], 
60: [40, 42, 36], 
61: [41, 43, 35], 
62: [43, 40, 35], 
63: [13, 44, 41], 
64: [44, 43, 41], 
65: [1, 33, 45], 
66: [36, 45, 38], 
67: [33, 24, 45], 
68: [45, 24, 38], 
69: [45, 36, 46], 
70: [34, 46, 42], 
71: [46, 36, 42], 
72: [1, 46, 79], 
73: [1, 58, 57], 
74: [52, 1, 53], 
75: [49, 47, 51], 
76: [47, 50, 51], 
77: [51, 50, 53], 
78: [50, 52, 53], 
79: [48, 55, 54], 
80: [54, 55, 56], 
81: [49, 51, 55], 
82: [55, 51, 56], 
83: [1, 57, 53], 
84: [51, 53, 56], 
85: [57, 56, 53], 
86: [54, 56, 58], 
87: [58, 56, 57], 
88: [1, 69, 68], 
89: [67, 66, 60], 
90: [60, 66, 64], 
91: [61, 48, 65], 
92: [48, 54, 65], 
93: [54, 62, 65], 
94: [66, 65, 64], 
95: [65, 62, 64], 
96: [63, 61, 66], 
97: [61, 65, 66], 
98: [59, 63, 67], 
99: [67, 63, 66], 
100: [1, 68, 58], 
101: [62, 54, 68], 
102: [68, 54, 58], 
103: [60, 64, 69], 
104: [64, 62, 69], 
105: [69, 62, 68], 
106: [44, 78, 34], 
107: [34, 78, 77], 
108: [75, 74, 71], 
109: [74, 73, 71], 
110: [74, 67, 73], 
111: [67, 60, 73], 
112: [72, 59, 74], 
113: [59, 67, 74], 
114: [70, 72, 75], 
115: [72, 74, 75], 
116: [78, 75, 77], 
117: [75, 71, 77], 
118: [76, 70, 78], 
119: [70, 75, 78], 
120: [13, 76, 44], 
121: [44, 76, 78], 
122: [1, 79, 69], 
123: [71, 73, 79], 
124: [69, 79, 60], 
125: [79, 73, 60], 
126: [79, 46, 71], 
127: [34, 77, 46], 
128: [46, 77, 71], 
129: [1, 85, 12], 
130: [52, 82, 1], 
131: [47, 80, 50], 
132: [80, 81, 50], 
133: [50, 81, 52], 
134: [81, 82, 52], 
135: [83, 2, 84], 
136: [8, 84, 2], 
137: [84, 81, 83], 
138: [83, 81, 80], 
139: [1, 82, 85], 
140: [81, 84, 82], 
141: [85, 82, 84], 
142: [84, 8, 85], 
143: [12, 85, 8]]
Per Vertex Normals
[0: [-0.896271, 0.346604, -0.276701], 
 1: [0.00992464, 0.851018, -0.525043], 
 2: [0.0305875, 0.668371, -0.743199], 
 3: [-0.795144, 0.401243, -0.454698], 
 4: [-0.684374, 0.569328, -0.455519], 
 5: [-0.511521, 0.569448, -0.643487], 
 6: [-0.292156, 0.776718, -0.557991], 
 7: [-0.165495, 0.70224, -0.692438], 
 8: [0.029738, 0.760113, -0.64911], 
 9: [-0.579933, 0.501243, -0.642209], 
 10: [-0.310581, 0.654425, -0.689396], 
 11: [-0.0654548, 0.729706, -0.680621], 
 12: [0.029819, 0.770538, -0.636696], 
 13: [-3.95623e-007, 0.993548, 0.113413], 
 14: [-0.773649, 0.633408, 0.0161839], 
 15: [-0.905429, 0.399941, -0.142285], 
 16: [-0.718111, 0.635723, -0.283149], 
 17: [-0.32951, 0.852059, -0.406717], 
 18: [-0.575411, 0.813089, -0.0882544], 
 19: [-0.808931, 0.587411, -0.0240501], 
 20: [-0.652818, 0.739448, -0.164455], 
 21: [-0.266718, 0.903735, -0.33485], 
 22: [-0.189773, 0.942473, -0.275192], 
 23: [-0.467223, 0.879944, 0.0860286], 
 24: [-0.377748, 0.925589, -0.0243437], 
 25: [-0.706593, 0.706288, 0.0433958], 
 26: [-0.517586, 0.852898, -0.0683363], 
 27: [-0.59284, 0.802571, 0.0664866], 
 28: [-0.46585, 0.883438, -0.0502083], 
 29: [-0.713022, 0.701006, 0.0138383], 
 30: [-0.614585, 0.787352, 0.0485959], 
 31: [-0.498885, 0.863623, 0.072587], 
 32: [-0.193529, 0.947709, -0.25376], 
 33: [-0.143182, 0.962913, -0.228688], 
 34: [2.40107e-005, 0.998424, 0.0561213], 
 35: [-0.330286, 0.938505, 0.100602], 
 36: [-0.219726, 0.975527, 0.00820837], 
 37: [-0.395824, 0.91344, 0.0946108], 
 38: [-0.28373, 0.958889, -0.0054871], 
 39: [-0.407531, 0.908969, 0.0877147], 
 40: [-0.347854, 0.932623, 0.0959812], 
 41: [-0.147996, 0.98273, 0.111078], 
 42: [-0.165835, 0.985682, 0.0304879], 
 43: [-0.219005, 0.969945, 0.106039], 
 44: [2.21493e-006, 0.993714, 0.111948], 
 45: [-0.0255649, 0.981306, -0.190748], 
 46: [0.000136184, 0.993193, -0.116477], 
 47: [0.89979, 0.328876, -0.286737], 
 48: [0.77329, 0.633843, 0.0162875], 
 49: [0.909032, 0.388182, -0.151575], 
 50: [0.690498, 0.547088, -0.473188], 
 51: [0.725619, 0.621579, -0.295155], 
 52: [0.304613, 0.754446, -0.581397], 
 53: [0.343146, 0.840462, -0.419374], 
 54: [0.575264, 0.813199, -0.0881955], 
 55: [0.810457, 0.585251, -0.0253066], 
 56: [0.656572, 0.735339, -0.167902], 
 57: [0.270444, 0.901485, -0.337912], 
 58: [0.189511, 0.942601, -0.274934], 
 59: [0.46722, 0.879946, 0.0860302], 
 60: [0.377918, 0.925518, -0.0243865], 
 61: [0.70647, 0.706409, 0.0434294], 
 62: [0.517421, 0.853004, -0.0682641], 
 63: [0.592801, 0.802599, 0.066496], 
 64: [0.466009, 0.883351, -0.0502537], 
 65: [0.712744, 0.701286, 0.0138997], 
 66: [0.614513, 0.787409, 0.0486011], 
 67: [0.498851, 0.863643, 0.0725847], 
 68: [0.193979, 0.947629, -0.253715], 
 69: [0.143922, 0.962781, -0.228776], 
 70: [0.330286, 0.938504, 0.100602], 
 71: [0.219832, 0.975503, 0.00818934], 
 72: [0.395825, 0.913439, 0.0946111], 
 73: [0.283884, 0.958843, -0.00552245], 
 74: [0.407523, 0.908973, 0.0877107], 
 75: [0.347851, 0.932624, 0.0959793], 
 76: [0.147995, 0.982731, 0.111078], 
 77: [0.165902, 0.985671, 0.0304845], 
 78: [0.219008, 0.969944, 0.106038], 
 79: [0.026005, 0.981283, -0.190805], 
 80: [0.806334, 0.383614, -0.450184], 
 81: [0.522149, 0.546349, -0.654876], 
 82: [0.179839, 0.67764, -0.713065], 
 83: [0.609513, 0.483702, -0.628114], 
 84: [0.350512, 0.636748, -0.686799], 
 85: [0.106193, 0.718755, -0.687106]]
Texture Coordinates
[0: [0.939527, 0.471864],
1: [0.93949, 0.502754],
2: [0.972103, 0.502734],
3: [0.953998, 0.476474],
4: [0.944793, 0.480206],
5: [0.95001, 0.482967],
6: [0.943258, 0.491235],
7: [0.945844, 0.492064],
8: [0.957021, 0.50274],
9: [0.959709, 0.480639],
10: [0.954059, 0.489888],
11: [0.947384, 0.495941],
12: [0.948475, 0.502747],
13: [0.744514, 0.502754],
14: [0.840981, 0.472395],
15: [0.911703, 0.467601],
16: [0.927009, 0.478458],
17: [0.933842, 0.491645],
18: [0.896449, 0.48318],
19: [0.868607, 0.468884],
20: [0.910171, 0.480446],
21: [0.925247, 0.492667],
22: [0.918359, 0.493971],
23: [0.783098, 0.482181],
24: [0.871518, 0.490098],
25: [0.803801, 0.477562],
26: [0.881015, 0.486903],
27: [0.792196, 0.479741],
28: [0.875676, 0.488446],
29: [0.853104, 0.482237],
30: [0.845479, 0.484147],
31: [0.839529, 0.486228],
32: [0.910588, 0.495719],
33: [0.905768, 0.497191],
34: [0.852131, 0.502754],
35: [0.762376, 0.489911],
36: [0.861509, 0.495077],
37: [0.77352, 0.485595],
38: [0.867074, 0.492332],
39: [0.833196, 0.489082],
40: [0.825433, 0.492631],
41: [0.750498, 0.495184],
42: [0.855127, 0.498311],
43: [0.816708, 0.496868],
44: [0.812556, 0.502754],
45: [0.900851, 0.499415],
46: [0.896477, 0.502754],
47: [0.939278, 0.533235],
48: [0.840925, 0.533108],
49: [0.911633, 0.53777],
50: [0.944635, 0.525043],
51: [0.926978, 0.526976],
52: [0.943184, 0.514152],
53: [0.933836, 0.513836],
54: [0.896404, 0.522326],
55: [0.868641, 0.536627],
56: [0.910186, 0.525064],
57: [0.925255, 0.512842],
58: [0.918343, 0.511537],
59: [0.783098, 0.523327],
60: [0.87151, 0.515411],
61: [0.803782, 0.527944],
62: [0.880991, 0.518605],
63: [0.792194, 0.525767],
64: [0.875663, 0.517063],
65: [0.853077, 0.52327],
66: [0.845466, 0.521362],
67: [0.83952, 0.519281],
68: [0.910581, 0.509789],
69: [0.905767, 0.508318],
70: [0.762376, 0.515597],
71: [0.861506, 0.510431],
72: [0.77352, 0.519913],
73: [0.867068, 0.513177],
74: [0.833191, 0.516426],
75: [0.82543, 0.512877],
76: [0.750498, 0.510324],
77: [0.855126, 0.507197],
78: [0.816706, 0.50864],
79: [0.900851, 0.506093],
80: [0.953466, 0.528706],
81: [0.949658, 0.522324],
82: [0.945669, 0.513336],
83: [0.959223, 0.524869],
84: [0.953757, 0.515635],
85: [0.94723, 0.509576]]
