Name: engine_glow
Transform: [0, 0, 0]
Rotation: [0, 0, 0, 1]
Scale: [1, 1, 1]
LOD: 0
Animation data
[]
[]
[]
SubObjects: [ ]
Shading Data:
Diffuse_Color: [0.8, 0.8, 0.8, 1]
Ambient: [0, 0, 0, 0]
Emmision_Color: [0, 0, 0, 0]
Specular_Color: [0, 0, 0, 1]
Shininess: 0
Texture: ship3
Number of Vertices: 34
[0: [1.04845, -0.0519308, 1.96668, 1], 
 1: [1.05306, 0.0463408, 1.97874, 1], 
 2: [0.971862, 0.152386, 1.99375, 1], 
 3: [0.823854, 0.227724, 2.00984, 1], 
 4: [0.661518, 0.260399, 2.02571, 1], 
 5: [0.447777, 0.243215, 2.05204, 1], 
 6: [0.341073, 0.202919, 2.06833, 1], 
 7: [0.231207, 0.111345, 2.08433, 1], 
 8: [0.196119, 0.0135419, 2.08036, 1], 
 9: [0.195679, 0.000112597, 2.07816, 1], 
 10: [0.218086, -0.0864955, 2.0535, 1], 
 11: [0.305201, -0.181618, 2.00132, 1], 
 12: [0.442928, -0.243673, 1.9461, 1], 
 13: [0.555731, -0.261123, 1.9228, 1], 
 14: [0.810551, -0.230981, 1.92656, 1], 
 15: [0.845158, -0.219183, 1.93077, 1], 
 16: [0.97993, -0.142817, 1.9517, 1], 
 17: [-1.04845, -0.0519308, 1.96668, 1], 
 18: [-1.05306, 0.0463408, 1.97874, 1], 
 19: [-0.971862, 0.152386, 1.99375, 1], 
 20: [-0.823854, 0.227724, 2.00984, 1], 
 21: [-0.661518, 0.260399, 2.02571, 1], 
 22: [-0.447777, 0.243215, 2.05204, 1], 
 23: [-0.341073, 0.202919, 2.06833, 1], 
 24: [-0.231207, 0.111345, 2.08433, 1], 
 25: [-0.196119, 0.0135419, 2.08036, 1], 
 26: [-0.195679, 0.000112597, 2.07816, 1], 
 27: [-0.218086, -0.0864955, 2.0535, 1], 
 28: [-0.305201, -0.181618, 2.00132, 1], 
 29: [-0.442928, -0.243673, 1.9461, 1], 
 30: [-0.555731, -0.261123, 1.9228, 1], 
 31: [-0.810551, -0.230981, 1.92656, 1], 
 32: [-0.845158, -0.219183, 1.93077, 1], 
 33: [-0.97993, -0.142817, 1.9517, 1]]
Number of polygons: 30
Polygon Connection List
[0: [1, 2, 0], 
1: [0, 2, 16], 
2: [2, 3, 16], 
3: [16, 3, 15], 
4: [3, 4, 15], 
5: [15, 4, 14], 
6: [14, 4, 13], 
7: [4, 5, 13], 
8: [13, 5, 12], 
9: [12, 5, 11], 
10: [5, 6, 11], 
11: [11, 6, 10], 
12: [10, 6, 9], 
13: [9, 6, 8], 
14: [6, 7, 8], 
15: [18, 17, 19], 
16: [17, 33, 19], 
17: [19, 33, 20], 
18: [33, 32, 20], 
19: [20, 32, 21], 
20: [32, 31, 21], 
21: [31, 30, 21], 
22: [21, 30, 22], 
23: [30, 29, 22], 
24: [29, 28, 22], 
25: [22, 28, 23], 
26: [28, 27, 23], 
27: [27, 26, 23], 
28: [26, 25, 23], 
29: [23, 25, 24]]
Per Vertex Normals
[0: [-0.0202637, -0.138747, 0.99012], 
 1: [0.0228362, -0.122862, 0.992161], 
 2: [0.0270113, -0.13832, 0.990019], 
 3: [0.0417491, -0.164257, 0.985534], 
 4: [0.0846351, -0.198179, 0.976505], 
 5: [0.181266, -0.206831, 0.961438], 
 6: [0.243616, -0.182467, 0.952553], 
 7: [0.246088, -0.127292, 0.960853], 
 8: [0.287481, -0.160034, 0.944322], 
 9: [0.312302, -0.178662, 0.933031], 
 10: [0.335306, -0.189755, 0.922802], 
 11: [0.294676, -0.200792, 0.934264], 
 12: [0.211789, -0.209792, 0.954533], 
 13: [0.0924263, -0.205768, 0.974226], 
 14: [-0.0201704, -0.20362, 0.978842], 
 15: [-0.0374908, -0.194269, 0.980232], 
 16: [-0.0348458, -0.163157, 0.985985], 
 17: [0.0202661, -0.138747, 0.99012], 
 18: [-0.0228374, -0.122862, 0.992161], 
 19: [-0.0270096, -0.13832, 0.990019], 
 20: [-0.0417486, -0.164257, 0.985534], 
 21: [-0.0846356, -0.198179, 0.976505], 
 22: [-0.181267, -0.206831, 0.961438], 
 23: [-0.243615, -0.182467, 0.952553], 
 24: [-0.246085, -0.127292, 0.960853], 
 25: [-0.287479, -0.160034, 0.944323], 
 26: [-0.312301, -0.178662, 0.933032], 
 27: [-0.335308, -0.189755, 0.922801], 
 28: [-0.294677, -0.200792, 0.934264], 
 29: [-0.21179, -0.209792, 0.954532], 
 30: [-0.0924273, -0.205768, 0.974226], 
 31: [0.020169, -0.203621, 0.978842], 
 32: [0.0374893, -0.194269, 0.980232], 
 33: [0.0348469, -0.163157, 0.985985]]
Texture Coordinates
[0: [0.332106, 0.0475284],
1: [0.332798, 0.0622691],
2: [0.320618, 0.0781759],
3: [0.298417, 0.0894765],
4: [0.274067, 0.0943778],
5: [0.242006, 0.0918002],
6: [0.226, 0.0857558],
7: [0.20952, 0.0720197],
8: [0.204257, 0.0573493],
9: [0.204191, 0.0553349],
10: [0.207552, 0.0423437],
11: [0.220619, 0.0280753],
12: [0.241278, 0.0187671],
13: [0.258199, 0.0161495],
14: [0.296422, 0.0206708],
15: [0.301613, 0.0224406],
16: [0.321829, 0.0338954],
17: [0.0175719, 0.0475284],
18: [0.0168797, 0.0622691],
19: [0.0290597, 0.0781759],
20: [0.0512609, 0.0894765],
21: [0.0756113, 0.0943778],
22: [0.107672, 0.0918002],
23: [0.123678, 0.0857558],
24: [0.140158, 0.0720197],
25: [0.145421, 0.0573493],
26: [0.145487, 0.0553349],
27: [0.142126, 0.0423437],
28: [0.129059, 0.0280753],
29: [0.1084, 0.0187671],
30: [0.0914793, 0.0161495],
31: [0.0532563, 0.0206708],
32: [0.0480653, 0.0224406],
33: [0.0278494, 0.0338954]]
