Name: exhaust
Transform: [0, 0, 0]
Rotation: [0, 0, 0, 1]
Scale: [1, 1, 1]
LOD: 0
Animation data
[]
[]
[]
SubObjects: [engine_glow  ]
Shading Data:
Diffuse_Color: [1, 1, 1, 1]
Ambient: [0, 0, 0, 0]
Emmision_Color: [0, 0, 0, 0]
Specular_Color: [1, 1, 1, 0]
Shininess: 20
Texture: ship_x_outline
Number of Vertices: 210
[0: [0.193613, 0.121297, 3.37136, 1], 
 1: [0.248991, 0.121297, 3.383, 1], 
 2: [0.511767, 0.121297, 3.383, 1], 
 3: [0.566624, 0.121297, 3.37136, 1], 
 4: [0.243543, 0.121297, 3.61824, 1], 
 5: [0.517164, 0.121297, 3.61824, 1], 
 6: [0.338523, 0.252027, 3.61824, 1], 
 7: [0.323094, 0.299512, 3.37136, 1], 
 8: [0.213039, 0.121297, 3.49411, 1], 
 9: [0.329097, 0.281037, 3.49411, 1], 
 10: [0.246395, 0.219093, 3.49411, 1], 
 11: [0.230827, 0.230404, 3.37136, 1], 
 12: [0.270841, 0.201332, 3.61824, 1], 
 13: [0.230408, 0.121297, 3.58519, 1], 
 14: [0.260315, 0.20898, 3.58519, 1], 
 15: [0.334465, 0.264518, 3.58519, 1], 
 16: [0.423077, 0.250797, 3.61824, 1], 
 17: [0.438361, 0.297836, 3.37136, 1], 
 18: [0.432415, 0.279535, 3.49411, 1], 
 19: [0.427098, 0.263171, 3.58519, 1], 
 20: [0.547381, 0.121297, 3.49411, 1], 
 21: [0.532599, 0.23144, 3.37136, 1], 
 22: [0.516883, 0.220022, 3.49411, 1], 
 23: [0.492205, 0.202092, 3.61824, 1], 
 24: [0.502831, 0.209813, 3.58519, 1], 
 25: [0.530175, 0.121297, 3.58519, 1], 
 26: [0.340207, 0.246845, 3.383, 1], 
 27: [0.250852, 0.121297, 3.5884, 1], 
 28: [0.340782, 0.245075, 3.5884, 1], 
 29: [0.276699, 0.197076, 3.5884, 1], 
 30: [0.275207, 0.19816, 3.383, 1], 
 31: [0.251739, 0.121297, 3.5013, 1], 
 32: [0.277409, 0.19656, 3.5013, 1], 
 33: [0.341056, 0.244232, 3.5013, 1], 
 34: [0.421409, 0.245664, 3.383, 1], 
 35: [0.42084, 0.243911, 3.5884, 1], 
 36: [0.420568, 0.243075, 3.5013, 1], 
 37: [0.509924, 0.121297, 3.5884, 1], 
 38: [0.486292, 0.197796, 3.5884, 1], 
 39: [0.487798, 0.19889, 3.383, 1], 
 40: [0.485575, 0.197275, 3.5013, 1], 
 41: [0.509045, 0.121297, 3.5013, 1], 
 42: [0.438361, -0.0552417, 3.37136, 1], 
 43: [0.423077, -0.00820265, 3.61824, 1], 
 44: [0.432415, -0.0369404, 3.49411, 1], 
 45: [0.532599, 0.0111541, 3.37136, 1], 
 46: [0.516883, 0.0225723, 3.49411, 1], 
 47: [0.492205, 0.0405018, 3.61824, 1], 
 48: [0.502831, 0.0327815, 3.58519, 1], 
 49: [0.427098, -0.0205769, 3.58519, 1], 
 50: [0.323094, -0.0569181, 3.37136, 1], 
 51: [0.338523, -0.00943239, 3.61824, 1], 
 52: [0.329097, -0.038443, 3.49411, 1], 
 53: [0.334465, -0.0219241, 3.58519, 1], 
 54: [0.230827, 0.0121902, 3.37136, 1], 
 55: [0.246395, 0.023501, 3.49411, 1], 
 56: [0.270841, 0.0412619, 3.61824, 1], 
 57: [0.260315, 0.0336142, 3.58519, 1], 
 58: [0.421409, -0.00307012, 3.383, 1], 
 59: [0.42084, -0.00131645, 3.5884, 1], 
 60: [0.486292, 0.0447982, 3.5884, 1], 
 61: [0.487798, 0.0437041, 3.383, 1], 
 62: [0.485575, 0.0453193, 3.5013, 1], 
 63: [0.420568, -0.000481187, 3.5013, 1], 
 64: [0.340207, -0.00425111, 3.383, 1], 
 65: [0.340782, -0.00248079, 3.5884, 1], 
 66: [0.341056, -0.0016376, 3.5013, 1], 
 67: [0.276699, 0.0455178, 3.5884, 1], 
 68: [0.275207, 0.0444339, 3.383, 1], 
 69: [0.277409, 0.046034, 3.5013, 1], 
 70: [-0.187387, 0.121297, 3.3828, 1], 
 71: [-0.132009, 0.121297, 3.39444, 1], 
 72: [0.130767, 0.121297, 3.39444, 1], 
 73: [0.185624, 0.121297, 3.3828, 1], 
 74: [-0.137457, 0.121297, 3.62968, 1], 
 75: [0.136164, 0.121297, 3.62968, 1], 
 76: [-0.0424766, 0.252027, 3.62968, 1], 
 77: [-0.0579056, 0.299512, 3.3828, 1], 
 78: [-0.167961, 0.121297, 3.50556, 1], 
 79: [-0.0519027, 0.281037, 3.50556, 1], 
 80: [-0.134605, 0.219093, 3.50556, 1], 
 81: [-0.150173, 0.230404, 3.3828, 1], 
 82: [-0.110159, 0.201332, 3.62968, 1], 
 83: [-0.150592, 0.121297, 3.59663, 1], 
 84: [-0.120685, 0.20898, 3.59663, 1], 
 85: [-0.0465354, 0.264518, 3.59663, 1], 
 86: [0.042077, 0.250797, 3.62968, 1], 
 87: [0.0573609, 0.297836, 3.3828, 1], 
 88: [0.0514145, 0.279535, 3.50556, 1], 
 89: [0.0460977, 0.263171, 3.59663, 1], 
 90: [0.166381, 0.121297, 3.50556, 1], 
 91: [0.151599, 0.23144, 3.3828, 1], 
 92: [0.135883, 0.220022, 3.50556, 1], 
 93: [0.111205, 0.202092, 3.62968, 1], 
 94: [0.121831, 0.209813, 3.59663, 1], 
 95: [0.149175, 0.121297, 3.59663, 1], 
 96: [-0.0407931, 0.246845, 3.39444, 1], 
 97: [-0.130148, 0.121297, 3.59985, 1], 
 98: [-0.0402179, 0.245075, 3.59985, 1], 
 99: [-0.104301, 0.197076, 3.59985, 1], 
 100: [-0.105793, 0.19816, 3.39444, 1], 
 101: [-0.129261, 0.121297, 3.51274, 1], 
 102: [-0.103591, 0.19656, 3.51274, 1], 
 103: [-0.0399439, 0.244232, 3.51274, 1], 
 104: [0.0404094, 0.245664, 3.39444, 1], 
 105: [0.0398396, 0.243911, 3.59985, 1], 
 106: [0.0395682, 0.243075, 3.51274, 1], 
 107: [0.128924, 0.121297, 3.59985, 1], 
 108: [0.105292, 0.197796, 3.59985, 1], 
 109: [0.106798, 0.19889, 3.39444, 1], 
 110: [0.104575, 0.197275, 3.51274, 1], 
 111: [0.128045, 0.121297, 3.51274, 1], 
 112: [0.0573609, -0.0552417, 3.3828, 1], 
 113: [0.042077, -0.00820265, 3.62968, 1], 
 114: [0.0514145, -0.0369404, 3.50556, 1], 
 115: [0.151599, 0.0111541, 3.3828, 1], 
 116: [0.135883, 0.0225723, 3.50556, 1], 
 117: [0.111205, 0.0405018, 3.62968, 1], 
 118: [0.121831, 0.0327815, 3.59663, 1], 
 119: [0.0460977, -0.0205769, 3.59663, 1], 
 120: [-0.0579056, -0.0569181, 3.3828, 1], 
 121: [-0.0424766, -0.00943239, 3.62968, 1], 
 122: [-0.0519027, -0.038443, 3.50556, 1], 
 123: [-0.0465354, -0.0219241, 3.59663, 1], 
 124: [-0.150173, 0.0121902, 3.3828, 1], 
 125: [-0.134605, 0.023501, 3.50556, 1], 
 126: [-0.110159, 0.0412619, 3.62968, 1], 
 127: [-0.120685, 0.0336142, 3.59663, 1], 
 128: [0.0404094, -0.00307012, 3.39444, 1], 
 129: [0.0398396, -0.00131645, 3.59985, 1], 
 130: [0.105292, 0.0447982, 3.59985, 1], 
 131: [0.106798, 0.0437041, 3.39444, 1], 
 132: [0.104575, 0.0453193, 3.51274, 1], 
 133: [0.0395682, -0.000481187, 3.51274, 1], 
 134: [-0.0407931, -0.00425111, 3.39444, 1], 
 135: [-0.0402179, -0.00248079, 3.59985, 1], 
 136: [-0.0399439, -0.0016376, 3.51274, 1], 
 137: [-0.104301, 0.0455178, 3.59985, 1], 
 138: [-0.105793, 0.0444339, 3.39444, 1], 
 139: [-0.103591, 0.046034, 3.51274, 1], 
 140: [-0.568298, 0.121297, 3.37136, 1], 
 141: [-0.512921, 0.121297, 3.383, 1], 
 142: [-0.250144, 0.121297, 3.383, 1], 
 143: [-0.195288, 0.121297, 3.37136, 1], 
 144: [-0.518369, 0.121297, 3.61824, 1], 
 145: [-0.244747, 0.121297, 3.61824, 1], 
 146: [-0.423388, 0.252027, 3.61824, 1], 
 147: [-0.438817, 0.299512, 3.37136, 1], 
 148: [-0.548872, 0.121297, 3.49411, 1], 
 149: [-0.432814, 0.281037, 3.49411, 1], 
 150: [-0.515516, 0.219093, 3.49411, 1], 
 151: [-0.531084, 0.230404, 3.37136, 1], 
 152: [-0.49107, 0.201332, 3.61824, 1], 
 153: [-0.531503, 0.121297, 3.58519, 1], 
 154: [-0.501597, 0.20898, 3.58519, 1], 
 155: [-0.427447, 0.264518, 3.58519, 1], 
 156: [-0.338834, 0.250797, 3.61824, 1], 
 157: [-0.32355, 0.297836, 3.37136, 1], 
 158: [-0.329497, 0.279535, 3.49411, 1], 
 159: [-0.334814, 0.263171, 3.58519, 1], 
 160: [-0.214531, 0.121297, 3.49411, 1], 
 161: [-0.229312, 0.23144, 3.37136, 1], 
 162: [-0.245028, 0.220022, 3.49411, 1], 
 163: [-0.269706, 0.202092, 3.61824, 1], 
 164: [-0.25908, 0.209813, 3.58519, 1], 
 165: [-0.231736, 0.121297, 3.58519, 1], 
 166: [-0.421705, 0.246845, 3.383, 1], 
 167: [-0.511059, 0.121297, 3.5884, 1], 
 168: [-0.421129, 0.245075, 3.5884, 1], 
 169: [-0.485213, 0.197076, 3.5884, 1], 
 170: [-0.486704, 0.19816, 3.383, 1], 
 171: [-0.510173, 0.121297, 3.5013, 1], 
 172: [-0.484502, 0.19656, 3.5013, 1], 
 173: [-0.420855, 0.244232, 3.5013, 1], 
 174: [-0.340502, 0.245664, 3.383, 1], 
 175: [-0.341072, 0.243911, 3.5884, 1], 
 176: [-0.341343, 0.243075, 3.5013, 1], 
 177: [-0.251988, 0.121297, 3.5884, 1], 
 178: [-0.27562, 0.197796, 3.5884, 1], 
 179: [-0.274114, 0.19889, 3.383, 1], 
 180: [-0.276337, 0.197275, 3.5013, 1], 
 181: [-0.252866, 0.121297, 3.5013, 1], 
 182: [-0.32355, -0.0552417, 3.37136, 1], 
 183: [-0.338834, -0.00820265, 3.61824, 1], 
 184: [-0.329497, -0.0369404, 3.49411, 1], 
 185: [-0.229312, 0.0111541, 3.37136, 1], 
 186: [-0.245028, 0.0225723, 3.49411, 1], 
 187: [-0.269706, 0.0405018, 3.61824, 1], 
 188: [-0.25908, 0.0327815, 3.58519, 1], 
 189: [-0.334814, -0.0205769, 3.58519, 1], 
 190: [-0.438817, -0.0569181, 3.37136, 1], 
 191: [-0.423388, -0.00943239, 3.61824, 1], 
 192: [-0.432814, -0.038443, 3.49411, 1], 
 193: [-0.427447, -0.0219241, 3.58519, 1], 
 194: [-0.531084, 0.0121902, 3.37136, 1], 
 195: [-0.515516, 0.023501, 3.49411, 1], 
 196: [-0.49107, 0.0412619, 3.61824, 1], 
 197: [-0.501597, 0.0336142, 3.58519, 1], 
 198: [-0.340502, -0.00307012, 3.383, 1], 
 199: [-0.341072, -0.00131645, 3.5884, 1], 
 200: [-0.27562, 0.0447982, 3.5884, 1], 
 201: [-0.274114, 0.0437041, 3.383, 1], 
 202: [-0.276337, 0.0453193, 3.5013, 1], 
 203: [-0.341343, -0.000481187, 3.5013, 1], 
 204: [-0.421705, -0.00425111, 3.383, 1], 
 205: [-0.421129, -0.00248079, 3.5884, 1], 
 206: [-0.420855, -0.0016376, 3.5013, 1], 
 207: [-0.485213, 0.0455178, 3.5884, 1], 
 208: [-0.486704, 0.0444339, 3.383, 1], 
 209: [-0.484502, 0.046034, 3.5013, 1]]
Number of polygons: 360
Polygon Connection List
[0: [68, 1, 69], 
1: [1, 31, 69], 
2: [39, 2, 40], 
3: [2, 41, 40], 
4: [25, 24, 5], 
5: [23, 5, 24], 
6: [15, 14, 6], 
7: [12, 6, 14], 
8: [7, 11, 9], 
9: [10, 9, 11], 
10: [0, 8, 11], 
11: [8, 10, 11], 
12: [13, 4, 14], 
13: [4, 12, 14], 
14: [8, 13, 10], 
15: [13, 14, 10], 
16: [9, 10, 15], 
17: [15, 10, 14], 
18: [19, 15, 16], 
19: [6, 16, 15], 
20: [17, 7, 18], 
21: [18, 7, 9], 
22: [18, 9, 19], 
23: [19, 9, 15], 
24: [3, 21, 20], 
25: [20, 21, 22], 
26: [21, 17, 22], 
27: [17, 18, 22], 
28: [24, 19, 23], 
29: [16, 23, 19], 
30: [22, 18, 24], 
31: [24, 18, 19], 
32: [20, 22, 25], 
33: [25, 22, 24], 
34: [30, 26, 32], 
35: [26, 33, 32], 
36: [6, 12, 28], 
37: [29, 28, 12], 
38: [4, 27, 12], 
39: [27, 29, 12], 
40: [1, 30, 31], 
41: [31, 30, 32], 
42: [27, 31, 29], 
43: [31, 32, 29], 
44: [28, 29, 33], 
45: [33, 29, 32], 
46: [26, 34, 33], 
47: [34, 36, 33], 
48: [16, 6, 35], 
49: [35, 6, 28], 
50: [35, 28, 36], 
51: [36, 28, 33], 
52: [5, 23, 37], 
53: [37, 23, 38], 
54: [23, 16, 38], 
55: [16, 35, 38], 
56: [34, 39, 36], 
57: [39, 40, 36], 
58: [38, 35, 40], 
59: [40, 35, 36], 
60: [37, 38, 41], 
61: [41, 38, 40], 
62: [13, 57, 4], 
63: [4, 57, 56], 
64: [49, 48, 43], 
65: [47, 43, 48], 
66: [42, 45, 44], 
67: [45, 46, 44], 
68: [45, 3, 46], 
69: [3, 20, 46], 
70: [25, 5, 48], 
71: [5, 47, 48], 
72: [20, 25, 46], 
73: [25, 48, 46], 
74: [44, 46, 49], 
75: [49, 46, 48], 
76: [49, 43, 53], 
77: [43, 51, 53], 
78: [50, 42, 52], 
79: [42, 44, 52], 
80: [44, 49, 52], 
81: [49, 53, 52], 
82: [0, 54, 8], 
83: [8, 54, 55], 
84: [54, 50, 55], 
85: [50, 52, 55], 
86: [53, 51, 57], 
87: [51, 56, 57], 
88: [55, 52, 57], 
89: [52, 53, 57], 
90: [8, 55, 13], 
91: [13, 55, 57], 
92: [61, 58, 62], 
93: [58, 63, 62], 
94: [43, 47, 59], 
95: [59, 47, 60], 
96: [47, 5, 60], 
97: [5, 37, 60], 
98: [2, 61, 41], 
99: [61, 62, 41], 
100: [60, 37, 62], 
101: [62, 37, 41], 
102: [59, 60, 63], 
103: [63, 60, 62], 
104: [58, 64, 63], 
105: [64, 66, 63], 
106: [51, 43, 65], 
107: [65, 43, 59], 
108: [65, 59, 66], 
109: [66, 59, 63], 
110: [4, 56, 27], 
111: [27, 56, 67], 
112: [56, 51, 67], 
113: [51, 65, 67], 
114: [64, 68, 66], 
115: [68, 69, 66], 
116: [67, 65, 69], 
117: [69, 65, 66], 
118: [27, 67, 31], 
119: [31, 67, 69], 
120: [138, 71, 139], 
121: [71, 101, 139], 
122: [109, 72, 110], 
123: [72, 111, 110], 
124: [95, 94, 75], 
125: [93, 75, 94], 
126: [85, 84, 76], 
127: [82, 76, 84], 
128: [77, 81, 79], 
129: [80, 79, 81], 
130: [70, 78, 81], 
131: [78, 80, 81], 
132: [83, 74, 84], 
133: [74, 82, 84], 
134: [78, 83, 80], 
135: [83, 84, 80], 
136: [79, 80, 85], 
137: [85, 80, 84], 
138: [89, 85, 86], 
139: [76, 86, 85], 
140: [87, 77, 88], 
141: [88, 77, 79], 
142: [88, 79, 89], 
143: [89, 79, 85], 
144: [73, 91, 90], 
145: [90, 91, 92], 
146: [91, 87, 92], 
147: [87, 88, 92], 
148: [94, 89, 93], 
149: [86, 93, 89], 
150: [92, 88, 94], 
151: [94, 88, 89], 
152: [90, 92, 95], 
153: [95, 92, 94], 
154: [100, 96, 102], 
155: [96, 103, 102], 
156: [76, 82, 98], 
157: [99, 98, 82], 
158: [74, 97, 82], 
159: [97, 99, 82], 
160: [71, 100, 101], 
161: [101, 100, 102], 
162: [97, 101, 99], 
163: [101, 102, 99], 
164: [98, 99, 103], 
165: [103, 99, 102], 
166: [96, 104, 103], 
167: [104, 106, 103], 
168: [86, 76, 105], 
169: [105, 76, 98], 
170: [105, 98, 106], 
171: [106, 98, 103], 
172: [75, 93, 107], 
173: [107, 93, 108], 
174: [93, 86, 108], 
175: [86, 105, 108], 
176: [104, 109, 106], 
177: [109, 110, 106], 
178: [108, 105, 110], 
179: [110, 105, 106], 
180: [107, 108, 111], 
181: [111, 108, 110], 
182: [83, 127, 74], 
183: [74, 127, 126], 
184: [119, 118, 113], 
185: [117, 113, 118], 
186: [112, 115, 114], 
187: [115, 116, 114], 
188: [115, 73, 116], 
189: [73, 90, 116], 
190: [95, 75, 118], 
191: [75, 117, 118], 
192: [90, 95, 116], 
193: [95, 118, 116], 
194: [114, 116, 119], 
195: [119, 116, 118], 
196: [119, 113, 123], 
197: [113, 121, 123], 
198: [120, 112, 122], 
199: [112, 114, 122], 
200: [114, 119, 122], 
201: [119, 123, 122], 
202: [70, 124, 78], 
203: [78, 124, 125], 
204: [124, 120, 125], 
205: [120, 122, 125], 
206: [123, 121, 127], 
207: [121, 126, 127], 
208: [125, 122, 127], 
209: [122, 123, 127], 
210: [78, 125, 83], 
211: [83, 125, 127], 
212: [131, 128, 132], 
213: [128, 133, 132], 
214: [113, 117, 129], 
215: [129, 117, 130], 
216: [117, 75, 130], 
217: [75, 107, 130], 
218: [72, 131, 111], 
219: [131, 132, 111], 
220: [130, 107, 132], 
221: [132, 107, 111], 
222: [129, 130, 133], 
223: [133, 130, 132], 
224: [128, 134, 133], 
225: [134, 136, 133], 
226: [121, 113, 135], 
227: [135, 113, 129], 
228: [135, 129, 136], 
229: [136, 129, 133], 
230: [74, 126, 97], 
231: [97, 126, 137], 
232: [126, 121, 137], 
233: [121, 135, 137], 
234: [134, 138, 136], 
235: [138, 139, 136], 
236: [137, 135, 139], 
237: [139, 135, 136], 
238: [97, 137, 101], 
239: [101, 137, 139], 
240: [208, 141, 209], 
241: [141, 171, 209], 
242: [179, 142, 180], 
243: [142, 181, 180], 
244: [165, 164, 145], 
245: [163, 145, 164], 
246: [155, 154, 146], 
247: [152, 146, 154], 
248: [147, 151, 149], 
249: [150, 149, 151], 
250: [140, 148, 151], 
251: [148, 150, 151], 
252: [153, 144, 154], 
253: [144, 152, 154], 
254: [148, 153, 150], 
255: [153, 154, 150], 
256: [149, 150, 155], 
257: [155, 150, 154], 
258: [159, 155, 156], 
259: [146, 156, 155], 
260: [157, 147, 158], 
261: [158, 147, 149], 
262: [158, 149, 159], 
263: [159, 149, 155], 
264: [143, 161, 160], 
265: [160, 161, 162], 
266: [161, 157, 162], 
267: [157, 158, 162], 
268: [164, 159, 163], 
269: [156, 163, 159], 
270: [162, 158, 164], 
271: [164, 158, 159], 
272: [160, 162, 165], 
273: [165, 162, 164], 
274: [170, 166, 172], 
275: [166, 173, 172], 
276: [146, 152, 168], 
277: [169, 168, 152], 
278: [144, 167, 152], 
279: [167, 169, 152], 
280: [141, 170, 171], 
281: [171, 170, 172], 
282: [167, 171, 169], 
283: [171, 172, 169], 
284: [168, 169, 173], 
285: [173, 169, 172], 
286: [166, 174, 173], 
287: [174, 176, 173], 
288: [156, 146, 175], 
289: [175, 146, 168], 
290: [175, 168, 176], 
291: [176, 168, 173], 
292: [145, 163, 177], 
293: [177, 163, 178], 
294: [163, 156, 178], 
295: [156, 175, 178], 
296: [174, 179, 176], 
297: [179, 180, 176], 
298: [178, 175, 180], 
299: [180, 175, 176], 
300: [177, 178, 181], 
301: [181, 178, 180], 
302: [153, 197, 144], 
303: [144, 197, 196], 
304: [189, 188, 183], 
305: [187, 183, 188], 
306: [182, 185, 184], 
307: [185, 186, 184], 
308: [185, 143, 186], 
309: [143, 160, 186], 
310: [165, 145, 188], 
311: [145, 187, 188], 
312: [160, 165, 186], 
313: [165, 188, 186], 
314: [184, 186, 189], 
315: [189, 186, 188], 
316: [189, 183, 193], 
317: [183, 191, 193], 
318: [190, 182, 192], 
319: [182, 184, 192], 
320: [184, 189, 192], 
321: [189, 193, 192], 
322: [140, 194, 148], 
323: [148, 194, 195], 
324: [194, 190, 195], 
325: [190, 192, 195], 
326: [193, 191, 197], 
327: [191, 196, 197], 
328: [195, 192, 197], 
329: [192, 193, 197], 
330: [148, 195, 153], 
331: [153, 195, 197], 
332: [201, 198, 202], 
333: [198, 203, 202], 
334: [183, 187, 199], 
335: [199, 187, 200], 
336: [187, 145, 200], 
337: [145, 177, 200], 
338: [142, 201, 181], 
339: [201, 202, 181], 
340: [200, 177, 202], 
341: [202, 177, 181], 
342: [199, 200, 203], 
343: [203, 200, 202], 
344: [198, 204, 203], 
345: [204, 206, 203], 
346: [191, 183, 205], 
347: [205, 183, 199], 
348: [205, 199, 206], 
349: [206, 199, 203], 
350: [144, 196, 167], 
351: [167, 196, 207], 
352: [196, 191, 207], 
353: [191, 205, 207], 
354: [204, 208, 206], 
355: [208, 209, 206], 
356: [207, 205, 209], 
357: [209, 205, 206], 
358: [167, 207, 171], 
359: [171, 207, 209]]
Per Vertex Normals
[0: [-0.987709, 2.06852e-008, 0.156306], 
 1: [0.99973, 1.00708e-008, -0.0232228], 
 2: [-0.999735, 3.98863e-008, -0.0230044], 
 3: [0.987935, 1.53236e-008, 0.154871], 
 4: [-0.127641, 0, 0.99182], 
 5: [0.111562, 3.5023e-007, 0.993757], 
 6: [-0.0394433, 0.121394, 0.99182], 
 7: [-0.305219, 0.939367, 0.156307], 
 8: [-0.985219, 0, 0.171298], 
 9: [-0.304449, 0.936999, 0.171298], 
 10: [-0.797271, 0.579251, 0.169785], 
 11: [-0.799256, 0.580693, 0.154872], 
 12: [-0.0902564, 0.0655752, 0.993757], 
 13: [-0.961593, -5.10817e-009, 0.274479], 
 14: [-0.778378, 0.565525, 0.272595], 
 15: [-0.297149, 0.914529, 0.274479], 
 16: [0.0344746, 0.106102, 0.993757], 
 17: [0.305289, 0.939582, 0.154872], 
 18: [0.30453, 0.937248, 0.169785], 
 19: [0.297314, 0.915039, 0.272595], 
 20: [0.985481, 1.98922e-008, 0.169785], 
 21: [0.799073, 0.580561, 0.156306], 
 22: [0.797059, 0.579097, 0.171298], 
 23: [0.103263, 0.075025, 0.991821], 
 24: [0.777945, 0.56521, 0.274479], 
 25: [0.962129, 2.52733e-009, 0.272595], 
 26: [0.308934, -0.9508, -0.0232229], 
 27: [0.991785, 0, 0.127915], 
 28: [0.306479, -0.943244, 0.127915], 
 29: [0.802521, -0.583065, 0.126471], 
 30: [0.808803, -0.58763, -0.0230045], 
 31: [0.999979, 4.99496e-009, -0.00654608], 
 32: [0.809, -0.587773, -0.00648239], 
 33: [0.30901, -0.951036, -0.00654604], 
 34: [-0.308935, -0.950805, -0.0230046], 
 35: [-0.306536, -0.94342, 0.126471], 
 36: [-0.30901, -0.951037, -0.00648237], 
 37: [-0.99197, 6.35286e-008, 0.126471], 
 38: [-0.802371, -0.582957, 0.127915], 
 39: [-0.808799, -0.587627, -0.0232228], 
 40: [-0.809, -0.587773, -0.00654601], 
 41: [-0.999979, -4.94958e-008, -0.00648222], 
 42: [0.305289, -0.939582, 0.154872], 
 43: [0.0344749, -0.106103, 0.993757], 
 44: [0.30453, -0.937248, 0.169785], 
 45: [0.799073, -0.580561, 0.156306], 
 46: [0.797059, -0.579097, 0.171298], 
 47: [0.103263, -0.0750255, 0.99182], 
 48: [0.777945, -0.56521, 0.274479], 
 49: [0.297314, -0.915039, 0.272595], 
 50: [-0.305219, -0.939367, 0.156307], 
 51: [-0.0394433, -0.121394, 0.99182], 
 52: [-0.304449, -0.936999, 0.171298], 
 53: [-0.297149, -0.914529, 0.274479], 
 54: [-0.799256, -0.580693, 0.154872], 
 55: [-0.797271, -0.579251, 0.169785], 
 56: [-0.0902564, -0.0655751, 0.993757], 
 57: [-0.778379, -0.565525, 0.272595], 
 58: [-0.308935, 0.950805, -0.0230045], 
 59: [-0.306536, 0.94342, 0.126471], 
 60: [-0.802371, 0.582957, 0.127915], 
 61: [-0.808799, 0.587627, -0.0232228], 
 62: [-0.809, 0.587773, -0.00654598], 
 63: [-0.30901, 0.951037, -0.00648241], 
 64: [0.308934, 0.9508, -0.0232229], 
 65: [0.306479, 0.943244, 0.127915], 
 66: [0.30901, 0.951036, -0.00654606], 
 67: [0.802521, 0.583065, 0.126471], 
 68: [0.808803, 0.58763, -0.0230046], 
 69: [0.809, 0.587773, -0.00648238], 
 70: [-0.987709, 2.06852e-008, 0.156306], 
 71: [0.99973, -2.01415e-008, -0.023223], 
 72: [-0.999735, 0, -0.0230046], 
 73: [0.987935, 3.5755e-008, 0.154872], 
 74: [-0.127639, 0, 0.991821], 
 75: [0.111562, 4.77585e-008, 0.993757], 
 76: [-0.0394427, 0.121393, 0.991821], 
 77: [-0.305219, 0.939367, 0.156307], 
 78: [-0.985219, 0, 0.171298], 
 79: [-0.304449, 0.936999, 0.171298], 
 80: [-0.797271, 0.579251, 0.169785], 
 81: [-0.799256, 0.580693, 0.154872], 
 82: [-0.0902554, 0.0655745, 0.993757], 
 83: [-0.961593, -5.10817e-009, 0.27448], 
 84: [-0.778378, 0.565525, 0.272596], 
 85: [-0.297149, 0.914529, 0.27448], 
 86: [0.0344742, 0.106102, 0.993758], 
 87: [0.305289, 0.939582, 0.154872], 
 88: [0.30453, 0.937248, 0.169785], 
 89: [0.297314, 0.915039, 0.272596], 
 90: [0.985481, 9.94612e-009, 0.169785], 
 91: [0.799073, 0.580561, 0.156307], 
 92: [0.797059, 0.579097, 0.171298], 
 93: [0.103263, 0.0750247, 0.991821], 
 94: [0.777945, 0.56521, 0.27448], 
 95: [0.962129, -1.01093e-008, 0.272596], 
 96: [0.308934, -0.9508, -0.023223], 
 97: [0.991785, 0, 0.127915], 
 98: [0.306478, -0.943244, 0.127915], 
 99: [0.802521, -0.583066, 0.126471], 
 100: [0.808803, -0.58763, -0.0230046], 
 101: [0.999979, -1.99799e-008, -0.00654609], 
 102: [0.809, -0.587773, -0.00648244], 
 103: [0.30901, -0.951036, -0.00654607], 
 104: [-0.308935, -0.950805, -0.0230046], 
 105: [-0.306536, -0.94342, 0.126471], 
 106: [-0.30901, -0.951037, -0.00648245], 
 107: [-0.99197, 1.46604e-008, 0.126471], 
 108: [-0.802371, -0.582957, 0.127916], 
 109: [-0.808799, -0.587627, -0.023223], 
 110: [-0.809, -0.587773, -0.00654609], 
 111: [-0.999979, 1.23739e-008, -0.00648243], 
 112: [0.305289, -0.939582, 0.154872], 
 113: [0.0344745, -0.106102, 0.993757], 
 114: [0.30453, -0.937248, 0.169785], 
 115: [0.799073, -0.580561, 0.156307], 
 116: [0.797059, -0.579097, 0.171298], 
 117: [0.103263, -0.0750248, 0.991821], 
 118: [0.777945, -0.56521, 0.27448], 
 119: [0.297314, -0.915039, 0.272596], 
 120: [-0.305219, -0.939367, 0.156307], 
 121: [-0.0394428, -0.121393, 0.991821], 
 122: [-0.304449, -0.936999, 0.171298], 
 123: [-0.297148, -0.914529, 0.27448], 
 124: [-0.799256, -0.580693, 0.154872], 
 125: [-0.797271, -0.579251, 0.169785], 
 126: [-0.0902557, -0.0655745, 0.993757], 
 127: [-0.778378, -0.565525, 0.272596], 
 128: [-0.308935, 0.950805, -0.0230046], 
 129: [-0.306536, 0.94342, 0.126471], 
 130: [-0.802371, 0.582957, 0.127916], 
 131: [-0.808799, 0.587627, -0.023223], 
 132: [-0.809, 0.587773, -0.00654608], 
 133: [-0.30901, 0.951037, -0.00648244], 
 134: [0.308934, 0.9508, -0.023223], 
 135: [0.306478, 0.943244, 0.127916], 
 136: [0.30901, 0.951036, -0.00654609], 
 137: [0.802521, 0.583066, 0.126471], 
 138: [0.808803, 0.58763, -0.0230046], 
 139: [0.809, 0.587773, -0.00648245], 
 140: [-0.987709, 0, 0.156307], 
 141: [0.99973, -3.02123e-008, -0.0232229], 
 142: [-0.999735, 9.97157e-008, -0.0230046], 
 143: [0.987935, -3.06471e-008, 0.154872], 
 144: [-0.127641, 0, 0.99182], 
 145: [0.111563, 9.55173e-008, 0.993757], 
 146: [-0.0394431, 0.121394, 0.99182], 
 147: [-0.305219, 0.939367, 0.156307], 
 148: [-0.985219, -1.00408e-008, 0.171299], 
 149: [-0.304449, 0.936999, 0.171298], 
 150: [-0.797271, 0.579251, 0.169785], 
 151: [-0.799256, 0.580693, 0.154872], 
 152: [-0.0902562, 0.065575, 0.993757], 
 153: [-0.961593, 0, 0.274479], 
 154: [-0.778379, 0.565525, 0.272595], 
 155: [-0.297149, 0.914529, 0.274479], 
 156: [0.0344746, 0.106102, 0.993757], 
 157: [0.305288, 0.939582, 0.154872], 
 158: [0.30453, 0.937248, 0.169785], 
 159: [0.297314, 0.915039, 0.272595], 
 160: [0.985481, -1.49192e-008, 0.169785], 
 161: [0.799073, 0.580561, 0.156307], 
 162: [0.797059, 0.579097, 0.171298], 
 163: [0.103264, 0.0750253, 0.99182], 
 164: [0.777945, 0.56521, 0.274479], 
 165: [0.962129, 7.58198e-009, 0.272595], 
 166: [0.308934, -0.9508, -0.0232229], 
 167: [0.991785, 0, 0.127915], 
 168: [0.306478, -0.943244, 0.127915], 
 169: [0.802521, -0.583066, 0.126471], 
 170: [0.808803, -0.58763, -0.0230046], 
 171: [0.999979, -1.99799e-008, -0.00654596], 
 172: [0.809, -0.587773, -0.00648239], 
 173: [0.30901, -0.951036, -0.00654604], 
 174: [-0.308935, -0.950805, -0.0230046], 
 175: [-0.306536, -0.94342, 0.126471], 
 176: [-0.30901, -0.951037, -0.00648237], 
 177: [-0.99197, -2.44341e-009, 0.126471], 
 178: [-0.802371, -0.582957, 0.127915], 
 179: [-0.808799, -0.587627, -0.0232228], 
 180: [-0.809, -0.587773, -0.00654605], 
 181: [-0.999979, 2.72227e-008, -0.00648243], 
 182: [0.305289, -0.939582, 0.154872], 
 183: [0.034475, -0.106103, 0.993757], 
 184: [0.30453, -0.937248, 0.169785], 
 185: [0.799073, -0.580561, 0.156307], 
 186: [0.797059, -0.579097, 0.171298], 
 187: [0.103264, -0.0750255, 0.99182], 
 188: [0.777945, -0.56521, 0.274479], 
 189: [0.297314, -0.915039, 0.272595], 
 190: [-0.305219, -0.939367, 0.156306], 
 191: [-0.0394434, -0.121394, 0.99182], 
 192: [-0.304449, -0.936999, 0.171298], 
 193: [-0.297148, -0.914529, 0.274479], 
 194: [-0.799256, -0.580694, 0.154872], 
 195: [-0.797271, -0.579251, 0.169785], 
 196: [-0.0902561, -0.0655749, 0.993757], 
 197: [-0.778379, -0.565525, 0.272595], 
 198: [-0.308935, 0.950805, -0.0230045], 
 199: [-0.306536, 0.94342, 0.126471], 
 200: [-0.802371, 0.582957, 0.127915], 
 201: [-0.808799, 0.587627, -0.0232229], 
 202: [-0.809, 0.587773, -0.00654603], 
 203: [-0.30901, 0.951037, -0.00648241], 
 204: [0.308934, 0.9508, -0.0232229], 
 205: [0.306478, 0.943244, 0.127916], 
 206: [0.30901, 0.951036, -0.00654606], 
 207: [0.802521, 0.583066, 0.126471], 
 208: [0.808803, 0.58763, -0.0230046], 
 209: [0.809, 0.587773, -0.0064824]]
Texture Coordinates
[0: [0.075, 0.465368],
1: [0.075, 0.468632],
2: [0.125, 0.468632],
3: [0.125, 0.465368],
4: [0.075, 0.534632],
5: [0.125, 0.534632],
6: [0.132454, 0.534632],
7: [0.158331, 0.465368],
8: [0.075, 0.499807],
9: [0.132472, 0.499807],
10: [0.0649502, 0.499807],
11: [0.0649554, 0.465368],
12: [0.0649391, 0.534632],
13: [0.075, 0.525359],
14: [0.0649445, 0.525359],
15: [0.132463, 0.525359],
16: [0.144902, 0.534632],
17: [0.144928, 0.465368],
18: [0.14492, 0.499807],
19: [0.144911, 0.525359],
20: [0.125, 0.499807],
21: [0.134956, 0.465368],
22: [0.134951, 0.499807],
23: [0.13494, 0.534632],
24: [0.134946, 0.525359],
25: [0.125, 0.525359],
26: [0.1066, 0.468632],
27: [0.075, 0.526261],
28: [0.132449, 0.526261],
29: [0.0649357, 0.526261],
30: [0.0649366, 0.468632],
31: [0.075, 0.501823],
32: [0.0649353, 0.501823],
33: [0.132448, 0.501823],
34: [0.144898, 0.468632],
35: [0.144897, 0.526261],
36: [0.144896, 0.501823],
37: [0.125, 0.526261],
38: [0.134937, 0.526261],
39: [0.134938, 0.468632],
40: [0.134937, 0.501823],
41: [0.125, 0.501823],
42: [0.105072, 0.465368],
43: [0.105098, 0.534632],
44: [0.10508, 0.499807],
45: [0.115044, 0.465368],
46: [0.115049, 0.499807],
47: [0.11506, 0.534632],
48: [0.115054, 0.525359],
49: [0.105089, 0.525359],
50: [0.0950713, 0.465368],
51: [0.0950973, 0.534632],
52: [0.0950795, 0.499807],
53: [0.0950888, 0.525359],
54: [0.0850446, 0.465368],
55: [0.0850498, 0.499807],
56: [0.0850609, 0.534632],
57: [0.0850555, 0.525359],
58: [0.105102, 0.468632],
59: [0.105103, 0.526261],
60: [0.115063, 0.526261],
61: [0.115062, 0.468632],
62: [0.115063, 0.501823],
63: [0.105104, 0.501823],
64: [0.0951013, 0.468632],
65: [0.0951027, 0.526261],
66: [0.0951034, 0.501823],
67: [0.0850643, 0.526261],
68: [0.0850634, 0.468632],
69: [0.0850648, 0.501823],
70: [0.075, 0.465368],
71: [0.075, 0.468632],
72: [0.125, 0.468632],
73: [0.125, 0.465368],
74: [0.075, 0.534632],
75: [0.125, 0.534632],
76: [0.132454, 0.534632],
77: [0.158331, 0.465368],
78: [0.075, 0.499807],
79: [0.132472, 0.499807],
80: [0.0649502, 0.499807],
81: [0.0649554, 0.465368],
82: [0.0649391, 0.534632],
83: [0.075, 0.525359],
84: [0.0649445, 0.525359],
85: [0.132463, 0.525359],
86: [0.144902, 0.534632],
87: [0.144928, 0.465368],
88: [0.14492, 0.499807],
89: [0.144911, 0.525359],
90: [0.125, 0.499807],
91: [0.134956, 0.465368],
92: [0.134951, 0.499807],
93: [0.13494, 0.534632],
94: [0.134946, 0.525359],
95: [0.125, 0.525359],
96: [0.1066, 0.468632],
97: [0.075, 0.526261],
98: [0.132449, 0.526261],
99: [0.0649357, 0.526261],
100: [0.0649366, 0.468632],
101: [0.075, 0.501823],
102: [0.0649353, 0.501823],
103: [0.132448, 0.501823],
104: [0.144898, 0.468632],
105: [0.144897, 0.526261],
106: [0.144896, 0.501823],
107: [0.125, 0.526261],
108: [0.134937, 0.526261],
109: [0.134938, 0.468632],
110: [0.134937, 0.501823],
111: [0.125, 0.501823],
112: [0.105072, 0.465368],
113: [0.105098, 0.534632],
114: [0.10508, 0.499807],
115: [0.115044, 0.465368],
116: [0.115049, 0.499807],
117: [0.11506, 0.534632],
118: [0.115054, 0.525359],
119: [0.105089, 0.525359],
120: [0.0950713, 0.465368],
121: [0.0950972, 0.534632],
122: [0.0950795, 0.499807],
123: [0.0950888, 0.525359],
124: [0.0850446, 0.465368],
125: [0.0850498, 0.499807],
126: [0.0850609, 0.534632],
127: [0.0850555, 0.525359],
128: [0.105102, 0.468632],
129: [0.105103, 0.526261],
130: [0.115063, 0.526261],
131: [0.115062, 0.468632],
132: [0.115063, 0.501823],
133: [0.105104, 0.501823],
134: [0.0951013, 0.468632],
135: [0.0951027, 0.526261],
136: [0.0951034, 0.501823],
137: [0.0850643, 0.526261],
138: [0.0850634, 0.468632],
139: [0.0850648, 0.501823],
140: [0.075, 0.465368],
141: [0.075, 0.468632],
142: [0.125, 0.468632],
143: [0.125, 0.465368],
144: [0.075, 0.534632],
145: [0.125, 0.534632],
146: [0.104919, 0.534632],
147: [0.121616, 0.465368],
148: [0.075, 0.499807],
149: [0.104936, 0.499807],
150: [0.0649502, 0.499807],
151: [0.0649554, 0.465368],
152: [0.0649391, 0.534632],
153: [0.075, 0.525359],
154: [0.0649445, 0.525359],
155: [0.104927, 0.525359],
156: [0.144902, 0.534632],
157: [0.144928, 0.465368],
158: [0.14492, 0.499807],
159: [0.144911, 0.525359],
160: [0.125, 0.499807],
161: [0.134956, 0.465368],
162: [0.134951, 0.499807],
163: [0.13494, 0.534632],
164: [0.134946, 0.525359],
165: [0.125, 0.525359],
166: [0.0882426, 0.468632],
167: [0.075, 0.526261],
168: [0.104913, 0.526261],
169: [0.0649357, 0.526261],
170: [0.0649366, 0.468632],
171: [0.075, 0.501823],
172: [0.0649353, 0.501823],
173: [0.104912, 0.501823],
174: [0.144898, 0.468632],
175: [0.144897, 0.526261],
176: [0.144896, 0.501823],
177: [0.125, 0.526261],
178: [0.134937, 0.526261],
179: [0.134938, 0.468632],
180: [0.134937, 0.501823],
181: [0.125, 0.501823],
182: [0.105072, 0.465368],
183: [0.105098, 0.534632],
184: [0.10508, 0.499807],
185: [0.115044, 0.465368],
186: [0.115049, 0.499807],
187: [0.11506, 0.534632],
188: [0.115054, 0.525359],
189: [0.105089, 0.525359],
190: [0.0950713, 0.465368],
191: [0.0950972, 0.534632],
192: [0.0950795, 0.499807],
193: [0.0950888, 0.525359],
194: [0.0850446, 0.465368],
195: [0.0850498, 0.499807],
196: [0.0850609, 0.534632],
197: [0.0850555, 0.525359],
198: [0.105102, 0.468632],
199: [0.105103, 0.526261],
200: [0.115063, 0.526261],
201: [0.115062, 0.468632],
202: [0.115063, 0.501823],
203: [0.105104, 0.501823],
204: [0.0951013, 0.468632],
205: [0.0951027, 0.526261],
206: [0.0951034, 0.501823],
207: [0.0850643, 0.526261],
208: [0.0850634, 0.468632],
209: [0.0850648, 0.501823]]
