Name: guns
Transform: [0, 0, 0]
Rotation: [0, 0, 0, 1]
Scale: [1, 1, 1]
LOD: 0
Animation data
[]
[]
[]
SubObjects: [ ]
Shading Data:
Diffuse_Color: [0.4, 0.4, 0.4, 1]
Ambient: [0, 0, 0, 0]
Emmision_Color: [0, 0, 0, 0]
Specular_Color: [0, 0, 0, 1]
Shininess: 0
Texture: ship
Number of Vertices: 134
[0: [1.77733, 0.125192, -0.724086, 1], 
 1: [1.64786, 0.125192, -0.724086, 1], 
 2: [1.71259, 0.0828086, -0.724086, 1], 
 3: [1.75837, 0.0952225, -0.724086, 1], 
 4: [1.82013, 0.125192, -0.496911, 1], 
 5: [1.78863, 0.0754067, -0.496911, 1], 
 6: [1.71259, 0.0547848, -0.496911, 1], 
 7: [1.66682, 0.0952225, -0.724086, 1], 
 8: [1.63655, 0.0754067, -0.496911, 1], 
 9: [1.60506, 0.125192, -0.496911, 1], 
 10: [1.71259, 0.167576, -0.724086, 1], 
 11: [1.66682, 0.155162, -0.724086, 1], 
 12: [1.63655, 0.174978, -0.496911, 1], 
 13: [1.71259, 0.1956, -0.496911, 1], 
 14: [1.75837, 0.155162, -0.724086, 1], 
 15: [1.78863, 0.174978, -0.496911, 1], 
 16: [1.71259, 0.125193, -0.737429, 1], 
 17: [1.46986, 0.125192, -0.528793, 1], 
 18: [1.41249, 0.125192, -0.835522, 1], 
 19: [1.28302, 0.125192, -0.835522, 1], 
 20: [1.22565, 0.125192, -0.528793, 1], 
 21: [1.34775, 0.0828086, -0.835522, 1], 
 22: [1.34775, 0.0452477, -0.528793, 1], 
 23: [1.39353, 0.0952225, -0.835522, 1], 
 24: [1.4341, 0.068663, -0.528793, 1], 
 25: [1.45529, 0.125192, -0.608346, 1], 
 26: [1.4238, 0.0754067, -0.608346, 1], 
 27: [1.34775, 0.0547848, -0.608346, 1], 
 28: [1.30198, 0.0952225, -0.835522, 1], 
 29: [1.26141, 0.068663, -0.528793, 1], 
 30: [1.27171, 0.0754067, -0.608346, 1], 
 31: [1.24022, 0.125192, -0.608346, 1], 
 32: [1.34775, 0.167576, -0.835522, 1], 
 33: [1.34775, 0.205137, -0.528793, 1], 
 34: [1.30198, 0.155162, -0.835522, 1], 
 35: [1.26141, 0.181722, -0.528793, 1], 
 36: [1.27171, 0.174978, -0.608346, 1], 
 37: [1.34775, 0.1956, -0.608346, 1], 
 38: [1.39353, 0.155162, -0.835522, 1], 
 39: [1.4341, 0.181722, -0.528793, 1], 
 40: [1.4238, 0.174978, -0.608346, 1], 
 41: [1.34775, 0.125193, -0.848864, 1], 
 42: [1.10853, 0.125192, -0.399565, 1], 
 43: [1.02907, 0.125192, -0.969686, 1], 
 44: [0.899599, 0.125192, -0.969686, 1], 
 45: [0.820139, 0.125192, -0.399565, 1], 
 46: [0.964335, 0.0828086, -0.969686, 1], 
 47: [0.964335, 0.0307839, -0.399565, 1], 
 48: [1.01011, 0.0952225, -0.969686, 1], 
 49: [1.0663, 0.0584355, -0.399565, 1], 
 50: [1.07187, 0.125192, -0.74251, 1], 
 51: [1.04038, 0.0754067, -0.74251, 1], 
 52: [0.964335, 0.0547848, -0.74251, 1], 
 53: [0.91856, 0.0952225, -0.969686, 1], 
 54: [0.862373, 0.0584355, -0.399565, 1], 
 55: [0.888294, 0.0754067, -0.74251, 1], 
 56: [0.856797, 0.125192, -0.74251, 1], 
 57: [0.964335, 0.167576, -0.969686, 1], 
 58: [0.964335, 0.219601, -0.399565, 1], 
 59: [0.91856, 0.155162, -0.969686, 1], 
 60: [0.862373, 0.191949, -0.399565, 1], 
 61: [0.888294, 0.174978, -0.74251, 1], 
 62: [0.964335, 0.1956, -0.74251, 1], 
 63: [1.01011, 0.155162, -0.969686, 1], 
 64: [1.0663, 0.191949, -0.399565, 1], 
 65: [1.04038, 0.174978, -0.74251, 1], 
 66: [0.964335, 0.125193, -0.983028, 1], 
 67: [-1.10853, 0.125192, -0.399565, 1], 
 68: [-1.02907, 0.125192, -0.969686, 1], 
 69: [-0.899599, 0.125192, -0.969686, 1], 
 70: [-0.820139, 0.125192, -0.399565, 1], 
 71: [-0.964335, 0.0828086, -0.969686, 1], 
 72: [-0.964335, 0.0307839, -0.399565, 1], 
 73: [-1.01011, 0.0952225, -0.969686, 1], 
 74: [-1.0663, 0.0584355, -0.399565, 1], 
 75: [-1.07187, 0.125192, -0.74251, 1], 
 76: [-1.04038, 0.0754067, -0.74251, 1], 
 77: [-0.964335, 0.0547848, -0.74251, 1], 
 78: [-0.91856, 0.0952225, -0.969686, 1], 
 79: [-0.862373, 0.0584355, -0.399565, 1], 
 80: [-0.888294, 0.0754067, -0.74251, 1], 
 81: [-0.856797, 0.125192, -0.74251, 1], 
 82: [-0.964335, 0.167576, -0.969686, 1], 
 83: [-0.964335, 0.219601, -0.399565, 1], 
 84: [-0.91856, 0.155162, -0.969686, 1], 
 85: [-0.862373, 0.191949, -0.399565, 1], 
 86: [-0.888294, 0.174978, -0.74251, 1], 
 87: [-0.964335, 0.1956, -0.74251, 1], 
 88: [-1.01011, 0.155162, -0.969686, 1], 
 89: [-1.0663, 0.191949, -0.399565, 1], 
 90: [-1.04038, 0.174978, -0.74251, 1], 
 91: [-0.964335, 0.125193, -0.983028, 1], 
 92: [-1.46986, 0.125192, -0.528794, 1], 
 93: [-1.41249, 0.125192, -0.835522, 1], 
 94: [-1.28302, 0.125192, -0.835522, 1], 
 95: [-1.22565, 0.125192, -0.528794, 1], 
 96: [-1.34775, 0.0828086, -0.835522, 1], 
 97: [-1.34775, 0.0452477, -0.528794, 1], 
 98: [-1.39353, 0.0952225, -0.835522, 1], 
 99: [-1.4341, 0.068663, -0.528794, 1], 
 100: [-1.45529, 0.125192, -0.608346, 1], 
 101: [-1.4238, 0.0754067, -0.608346, 1], 
 102: [-1.34775, 0.0547848, -0.608346, 1], 
 103: [-1.30198, 0.0952225, -0.835522, 1], 
 104: [-1.26141, 0.068663, -0.528794, 1], 
 105: [-1.27171, 0.0754067, -0.608346, 1], 
 106: [-1.24022, 0.125192, -0.608346, 1], 
 107: [-1.34775, 0.167576, -0.835522, 1], 
 108: [-1.34775, 0.205137, -0.528794, 1], 
 109: [-1.30198, 0.155162, -0.835522, 1], 
 110: [-1.26141, 0.181722, -0.528794, 1], 
 111: [-1.27171, 0.174978, -0.608346, 1], 
 112: [-1.34775, 0.1956, -0.608346, 1], 
 113: [-1.39353, 0.155162, -0.835522, 1], 
 114: [-1.4341, 0.181722, -0.528794, 1], 
 115: [-1.4238, 0.174978, -0.608346, 1], 
 116: [-1.34775, 0.125193, -0.848864, 1], 
 117: [-1.77733, 0.125192, -0.724086, 1], 
 118: [-1.64786, 0.125192, -0.724086, 1], 
 119: [-1.71259, 0.0828086, -0.724086, 1], 
 120: [-1.75837, 0.0952225, -0.724086, 1], 
 121: [-1.82013, 0.125192, -0.496911, 1], 
 122: [-1.78863, 0.0754067, -0.496911, 1], 
 123: [-1.71259, 0.0547848, -0.496911, 1], 
 124: [-1.66682, 0.0952225, -0.724086, 1], 
 125: [-1.63655, 0.0754067, -0.496911, 1], 
 126: [-1.60506, 0.125192, -0.496911, 1], 
 127: [-1.71259, 0.167576, -0.724086, 1], 
 128: [-1.66682, 0.155162, -0.724086, 1], 
 129: [-1.63655, 0.174978, -0.496911, 1], 
 130: [-1.71259, 0.1956, -0.496911, 1], 
 131: [-1.75837, 0.155162, -0.724086, 1], 
 132: [-1.78863, 0.174978, -0.496911, 1], 
 133: [-1.71259, 0.125193, -0.737429, 1]]
Number of polygons: 208
Polygon Connection List
[0: [15, 4, 14], 
1: [14, 4, 0], 
2: [8, 9, 7], 
3: [7, 9, 1], 
4: [6, 2, 5], 
5: [3, 5, 2], 
6: [5, 3, 4], 
7: [4, 3, 0], 
8: [6, 8, 2], 
9: [2, 8, 7], 
10: [13, 10, 12], 
11: [11, 12, 10], 
12: [12, 11, 9], 
13: [1, 9, 11], 
14: [13, 15, 10], 
15: [10, 15, 14], 
16: [0, 16, 14], 
17: [1, 16, 7], 
18: [2, 16, 3], 
19: [3, 16, 0], 
20: [7, 16, 2], 
21: [10, 16, 11], 
22: [11, 16, 1], 
23: [14, 16, 10], 
24: [40, 25, 38], 
25: [38, 25, 18], 
26: [30, 31, 28], 
27: [28, 31, 19], 
28: [27, 21, 26], 
29: [23, 26, 21], 
30: [26, 23, 25], 
31: [25, 23, 18], 
32: [17, 24, 25], 
33: [25, 24, 26], 
34: [24, 22, 26], 
35: [27, 26, 22], 
36: [27, 30, 21], 
37: [21, 30, 28], 
38: [29, 30, 22], 
39: [30, 27, 22], 
40: [20, 31, 29], 
41: [31, 30, 29], 
42: [37, 32, 36], 
43: [34, 36, 32], 
44: [36, 34, 31], 
45: [19, 31, 34], 
46: [20, 35, 31], 
47: [36, 31, 35], 
48: [35, 33, 36], 
49: [37, 36, 33], 
50: [37, 40, 32], 
51: [32, 40, 38], 
52: [39, 40, 33], 
53: [40, 37, 33], 
54: [17, 25, 39], 
55: [25, 40, 39], 
56: [18, 41, 38], 
57: [19, 41, 28], 
58: [21, 41, 23], 
59: [23, 41, 18], 
60: [28, 41, 21], 
61: [32, 41, 34], 
62: [34, 41, 19], 
63: [38, 41, 32], 
64: [65, 50, 63], 
65: [63, 50, 43], 
66: [55, 56, 53], 
67: [53, 56, 44], 
68: [52, 46, 51], 
69: [48, 51, 46], 
70: [51, 48, 50], 
71: [50, 48, 43], 
72: [42, 49, 50], 
73: [50, 49, 51], 
74: [49, 47, 51], 
75: [52, 51, 47], 
76: [52, 55, 46], 
77: [46, 55, 53], 
78: [54, 55, 47], 
79: [55, 52, 47], 
80: [45, 56, 54], 
81: [56, 55, 54], 
82: [62, 57, 61], 
83: [59, 61, 57], 
84: [61, 59, 56], 
85: [44, 56, 59], 
86: [45, 60, 56], 
87: [61, 56, 60], 
88: [60, 58, 61], 
89: [62, 61, 58], 
90: [62, 65, 57], 
91: [57, 65, 63], 
92: [64, 65, 58], 
93: [65, 62, 58], 
94: [42, 50, 64], 
95: [50, 65, 64], 
96: [43, 66, 63], 
97: [44, 66, 53], 
98: [46, 66, 48], 
99: [48, 66, 43], 
100: [53, 66, 46], 
101: [57, 66, 59], 
102: [59, 66, 44], 
103: [63, 66, 57], 
104: [90, 88, 75], 
105: [88, 68, 75], 
106: [80, 78, 81], 
107: [78, 69, 81], 
108: [77, 76, 71], 
109: [73, 71, 76], 
110: [76, 75, 73], 
111: [75, 68, 73], 
112: [67, 75, 74], 
113: [75, 76, 74], 
114: [74, 76, 72], 
115: [77, 72, 76], 
116: [77, 71, 80], 
117: [71, 78, 80], 
118: [79, 72, 80], 
119: [80, 72, 77], 
120: [70, 79, 81], 
121: [81, 79, 80], 
122: [87, 86, 82], 
123: [84, 82, 86], 
124: [86, 81, 84], 
125: [69, 84, 81], 
126: [70, 81, 85], 
127: [86, 85, 81], 
128: [85, 86, 83], 
129: [87, 83, 86], 
130: [87, 82, 90], 
131: [82, 88, 90], 
132: [89, 83, 90], 
133: [90, 83, 87], 
134: [67, 89, 75], 
135: [75, 89, 90], 
136: [68, 88, 91], 
137: [69, 78, 91], 
138: [71, 73, 91], 
139: [73, 68, 91], 
140: [78, 71, 91], 
141: [82, 84, 91], 
142: [84, 69, 91], 
143: [88, 82, 91], 
144: [115, 113, 100], 
145: [113, 93, 100], 
146: [105, 103, 106], 
147: [103, 94, 106], 
148: [102, 101, 96], 
149: [98, 96, 101], 
150: [101, 100, 98], 
151: [100, 93, 98], 
152: [92, 100, 99], 
153: [100, 101, 99], 
154: [99, 101, 97], 
155: [102, 97, 101], 
156: [102, 96, 105], 
157: [96, 103, 105], 
158: [104, 97, 105], 
159: [105, 97, 102], 
160: [95, 104, 106], 
161: [106, 104, 105], 
162: [112, 111, 107], 
163: [109, 107, 111], 
164: [111, 106, 109], 
165: [94, 109, 106], 
166: [95, 106, 110], 
167: [111, 110, 106], 
168: [110, 111, 108], 
169: [112, 108, 111], 
170: [112, 107, 115], 
171: [107, 113, 115], 
172: [114, 108, 115], 
173: [115, 108, 112], 
174: [92, 114, 100], 
175: [100, 114, 115], 
176: [93, 113, 116], 
177: [94, 103, 116], 
178: [96, 98, 116], 
179: [98, 93, 116], 
180: [103, 96, 116], 
181: [107, 109, 116], 
182: [109, 94, 116], 
183: [113, 107, 116], 
184: [132, 131, 121], 
185: [131, 117, 121], 
186: [125, 124, 126], 
187: [124, 118, 126], 
188: [123, 122, 119], 
189: [120, 119, 122], 
190: [122, 121, 120], 
191: [121, 117, 120], 
192: [123, 119, 125], 
193: [119, 124, 125], 
194: [130, 129, 127], 
195: [128, 127, 129], 
196: [129, 126, 128], 
197: [118, 128, 126], 
198: [130, 127, 132], 
199: [127, 131, 132], 
200: [117, 131, 133], 
201: [118, 124, 133], 
202: [119, 120, 133], 
203: [120, 117, 133], 
204: [124, 119, 133], 
205: [127, 128, 133], 
206: [128, 118, 133], 
207: [131, 127, 133]]
Per Vertex Normals
[0: [0.786855, 3.63229e-007, -0.617138], 
 1: [-0.786854, 8.6588e-007, -0.617139], 
 2: [7.43402e-007, -0.801011, -0.59865], 
 3: [0.468726, -0.636623, -0.612378], 
 4: [0.98271, 6.67682e-007, -0.185153], 
 5: [0.596763, -0.788596, -0.148292], 
 6: [6.31802e-007, -0.992477, -0.12243], 
 7: [-0.468725, -0.636624, -0.612377], 
 8: [-0.596759, -0.788599, -0.148291], 
 9: [-0.98271, 0, -0.185154], 
 10: [1.22561e-006, 0.801011, -0.59865], 
 11: [-0.468725, 0.636624, -0.612378], 
 12: [-0.59676, 0.788598, -0.148291], 
 13: [4.91402e-007, 0.992477, -0.12243], 
 14: [0.468727, 0.636623, -0.612377], 
 15: [0.596763, 0.788596, -0.148291], 
 16: [5.54932e-007, -1.27864e-007, -1], 
 17: [0.983647, -6.90437e-007, -0.180107], 
 18: [0.786851, 2.42149e-007, -0.617143], 
 19: [-0.786852, 8.14504e-007, -0.617142], 
 20: [-0.983646, 2.38084e-008, -0.180113], 
 21: [-1.57954e-006, -0.801009, -0.598652], 
 22: [-4.56051e-007, -0.99289, -0.119032], 
 23: [0.468729, -0.63662, -0.612378], 
 24: [0.596881, -0.789268, -0.144188], 
 25: [0.983211, -1.00634e-007, -0.182475], 
 26: [0.586787, -0.796558, -0.145517], 
 27: [1.71971e-007, -0.992689, -0.120697], 
 28: [-0.46873, -0.63662, -0.612379], 
 29: [-0.596878, -0.78927, -0.144186], 
 30: [-0.586789, -0.796557, -0.145516], 
 31: [-0.983211, -3.52219e-007, -0.182475], 
 32: [-1.28898e-006, 0.80101, -0.598651], 
 33: [-5.1619e-007, 0.99289, -0.119031], 
 34: [-0.46873, 0.63662, -0.612378], 
 35: [-0.596878, 0.78927, -0.144187], 
 36: [-0.58679, 0.796557, -0.145516], 
 37: [2.555e-007, 0.992689, -0.120696], 
 38: [0.46873, 0.63662, -0.612378], 
 39: [0.596881, 0.789267, -0.144188], 
 40: [0.586787, 0.796558, -0.145517], 
 41: [-1.08045e-006, 4.24509e-007, -1], 
 42: [0.994336, -3.95358e-007, -0.106286], 
 43: [0.786852, 2.49489e-007, -0.617141], 
 44: [-0.786853, 4.2927e-007, -0.617141], 
 45: [-0.994336, -5.58152e-007, -0.106286], 
 46: [-3.43109e-007, -0.80101, -0.598651], 
 47: [1.69032e-007, -0.99756, -0.0698139], 
 48: [0.468728, -0.636621, -0.612379], 
 49: [0.597285, -0.797554, -0.0846131], 
 50: [0.98959, 2.3838e-007, -0.143914], 
 51: [0.591425, -0.798054, -0.115442], 
 52: [2.32002e-007, -0.995407, -0.0957364], 
 53: [-0.468726, -0.636622, -0.612379], 
 54: [-0.597284, -0.797554, -0.084613], 
 55: [-0.591426, -0.798053, -0.115442], 
 56: [-0.98959, 4.58313e-007, -0.143914], 
 57: [-4.62116e-007, 0.80101, -0.598652], 
 58: [8.94876e-008, 0.99756, -0.0698138], 
 59: [-0.468727, 0.636622, -0.612379], 
 60: [-0.597285, 0.797553, -0.084613], 
 61: [-0.591426, 0.798053, -0.115442], 
 62: [2.46811e-007, 0.995407, -0.0957364], 
 63: [0.468728, 0.636621, -0.612378], 
 64: [0.597285, 0.797553, -0.0846131], 
 65: [0.591425, 0.798054, -0.115442], 
 66: [-2.97923e-007, 5.11456e-008, -1], 
 67: [-0.994336, 5.1164e-007, -0.106286], 
 68: [-0.786852, -1.24744e-007, -0.617141], 
 69: [0.786853, -3.15532e-007, -0.617141], 
 70: [0.994336, 6.9769e-007, -0.106286], 
 71: [-2.53468e-007, -0.801009, -0.598652], 
 72: [-6.96015e-008, -0.99756, -0.0698138], 
 73: [-0.468728, -0.636621, -0.612378], 
 74: [-0.597285, -0.797553, -0.0846131], 
 75: [-0.98959, -2.79529e-007, -0.143914], 
 76: [-0.591425, -0.798054, -0.115442], 
 77: [-2.66556e-007, -0.995407, -0.0957365], 
 78: [0.468726, -0.636622, -0.612379], 
 79: [0.597285, -0.797553, -0.084613], 
 80: [0.591426, -0.798053, -0.115442], 
 81: [0.98959, -3.97299e-007, -0.143914], 
 82: [1.91647e-007, 0.80101, -0.598651], 
 83: [-1.59089e-007, 0.99756, -0.0698139], 
 84: [0.468727, 0.636622, -0.612379], 
 85: [0.597284, 0.797554, -0.084613], 
 86: [0.591426, 0.798053, -0.115442], 
 87: [-2.36939e-007, 0.995407, -0.0957364], 
 88: [-0.468728, 0.636621, -0.612379], 
 89: [-0.597285, 0.797554, -0.0846131], 
 90: [-0.591425, 0.798053, -0.115442], 
 91: [-1.2275e-007, 1.2275e-007, -1], 
 92: [-0.983647, 9.52327e-008, -0.180107], 
 93: [-0.786852, -7.33785e-009, -0.617142], 
 94: [0.786852, -2.82508e-007, -0.617141], 
 95: [0.983646, 2.14276e-007, -0.180113], 
 96: [1.29207e-006, -0.80101, -0.598651], 
 97: [6.56513e-007, -0.99289, -0.119032], 
 98: [-0.468731, -0.63662, -0.612378], 
 99: [-0.596881, -0.789267, -0.144188], 
 100: [-0.983211, -1.84496e-007, -0.182475], 
 101: [-0.586787, -0.796559, -0.145517], 
 102: [1.47404e-007, -0.992689, -0.120697], 
 103: [0.46873, -0.63662, -0.612378], 
 104: [0.596878, -0.78927, -0.144187], 
 105: [0.586789, -0.796557, -0.145516], 
 106: [0.983211, 3.41037e-007, -0.182475], 
 107: [1.1437e-006, 0.801009, -0.598652], 
 108: [6.26444e-007, 0.99289, -0.119032], 
 109: [0.46873, 0.63662, -0.612378], 
 110: [0.596878, 0.78927, -0.144187], 
 111: [0.586789, 0.796557, -0.145516], 
 112: [1.1301e-007, 0.992689, -0.120697], 
 113: [-0.468731, 0.636619, -0.612378], 
 114: [-0.596881, 0.789268, -0.144188], 
 115: [-0.586787, 0.796559, -0.145517], 
 116: [1.05999e-006, -2.55728e-007, -1], 
 117: [-0.786855, -9.53937e-008, -0.617138], 
 118: [0.786854, -6.05382e-007, -0.617139], 
 119: [-1.27352e-006, -0.801011, -0.59865], 
 120: [-0.468726, -0.636624, -0.612377], 
 121: [-0.98271, -8.34602e-007, -0.185153], 
 122: [-0.596763, -0.788596, -0.148291], 
 123: [-5.51574e-007, -0.992477, -0.12243], 
 124: [0.468725, -0.636624, -0.612378], 
 125: [0.59676, -0.788598, -0.148291], 
 126: [0.98271, 4.76918e-008, -0.185154], 
 127: [-8.84045e-007, 0.801011, -0.59865], 
 128: [0.468726, 0.636624, -0.612378], 
 129: [0.596759, 0.788599, -0.148291], 
 130: [-6.91974e-007, 0.992477, -0.12243], 
 131: [-0.468726, 0.636624, -0.612377], 
 132: [-0.596763, 0.788596, -0.148292], 
 133: [-7.62072e-007, 3.6825e-007, -1]]
Texture Coordinates
[0: [0.75, 0.25],
1: [0.75, 0.25],
2: [0.833333, 0.166667],
3: [0.8, 0.075],
4: [0.679217, 0.5],
5: [0.679217, 0.125],
6: [0.679217, 0.25],
7: [0.8, 0.225],
8: [0.679217, 0.375],
9: [0.679217, 0.5],
10: [0.833333, 0.5],
11: [0.8, 0.375],
12: [0.679217, 0.625],
13: [0.679217, 0.75],
14: [0.8, 0.525],
15: [0.679217, 0.875],
16: [0.5, 1],
17: [0, 0.5],
18: [0.75, 0.25],
19: [0.75, 0.25],
20: [0, 0.5],
21: [0.833333, 0.166667],
22: [0, 0.25],
23: [0.8, 0.075],
24: [0, 0.125],
25: [0.679217, 0.5],
26: [0.679217, 0.125],
27: [0.679217, 0.25],
28: [0.8, 0.225],
29: [0, 0.375],
30: [0.679217, 0.375],
31: [0.679217, 0.5],
32: [0.833333, 0.5],
33: [0, 0.75],
34: [0.8, 0.375],
35: [0, 0.625],
36: [0.679217, 0.625],
37: [0.679217, 0.75],
38: [0.8, 0.525],
39: [0, 0.875],
40: [0.679217, 0.875],
41: [0.5, 1],
42: [0, 0.5],
43: [0.75, 0.25],
44: [0.75, 0.25],
45: [0, 0.5],
46: [0.833333, 0.166667],
47: [0, 0.25],
48: [0.8, 0.075],
49: [0, 0.125],
50: [0.679217, 0.5],
51: [0.679217, 0.125],
52: [0.679217, 0.25],
53: [0.8, 0.225],
54: [0, 0.375],
55: [0.679217, 0.375],
56: [0.679217, 0.5],
57: [0.833333, 0.5],
58: [0, 0.75],
59: [0.8, 0.375],
60: [0, 0.625],
61: [0.679217, 0.625],
62: [0.679217, 0.75],
63: [0.8, 0.525],
64: [0, 0.875],
65: [0.679217, 0.875],
66: [0.5, 1],
67: [0, 0.5],
68: [0.75, 0.25],
69: [0.75, 0.25],
70: [0, 0.5],
71: [0.833333, 0.166667],
72: [0, 0.25],
73: [0.8, 0.075],
74: [0, 0.125],
75: [0.679217, 0.5],
76: [0.679217, 0.125],
77: [0.679217, 0.25],
78: [0.8, 0.225],
79: [0, 0.375],
80: [0.679217, 0.375],
81: [0.679217, 0.5],
82: [0.833333, 0.5],
83: [0, 0.75],
84: [0.8, 0.375],
85: [0, 0.625],
86: [0.679217, 0.625],
87: [0.679217, 0.75],
88: [0.8, 0.525],
89: [0, 0.875],
90: [0.679217, 0.875],
91: [0.5, 1],
92: [0, 0.5],
93: [0.75, 0.25],
94: [0.75, 0.25],
95: [0, 0.5],
96: [0.833333, 0.166667],
97: [0, 0.25],
98: [0.8, 0.075],
99: [0, 0.125],
100: [0.679217, 0.5],
101: [0.679217, 0.125],
102: [0.679217, 0.25],
103: [0.8, 0.225],
104: [0, 0.375],
105: [0.679217, 0.375],
106: [0.679217, 0.5],
107: [0.833333, 0.5],
108: [0, 0.75],
109: [0.8, 0.375],
110: [0, 0.625],
111: [0.679217, 0.625],
112: [0.679217, 0.75],
113: [0.8, 0.525],
114: [0, 0.875],
115: [0.679217, 0.875],
116: [0.5, 1],
117: [0.75, 0.25],
118: [0.75, 0.25],
119: [0.833333, 0.166667],
120: [0.8, 0.075],
121: [0.679217, 0.5],
122: [0.679217, 0.125],
123: [0.679217, 0.25],
124: [0.8, 0.225],
125: [0.679217, 0.375],
126: [0.679217, 0.5],
127: [0.833333, 0.5],
128: [0.8, 0.375],
129: [0.679217, 0.625],
130: [0.679217, 0.75],
131: [0.8, 0.525],
132: [0.679217, 0.875],
133: [0.5, 1]]
