Name: canopy
Transform: [0, 0, 0]
Rotation: [0, 0, 0, 1]
Scale: [1, 1, 1]
LOD: 0
Animation data
[]
[]
[]
SubObjects: [ ]
Shading Data:
Diffuse_Color: [0.403424, 0.403424, 0.403424, 1]
Ambient: [0, 0, 0, 0]
Emmision_Color: [0, 0, 0, 0]
Specular_Color: [1, 1, 1, 1]
Shininess: 23.778
Texture: ship3
Number of Vertices: 121
[0: [0, 0.389664, 0.739647, 1], 
 1: [0, 0.0861228, -1.41133, 1], 
 2: [0, 0.648917, -0.338182, 1], 
 3: [-0.920144, 0.175281, -0.285481, 1], 
 4: [-0.583245, 0.331639, 0.480456, 1], 
 5: [0, 0.529196, 0.512873, 1], 
 6: [-0.438271, 0.566874, 0.271887, 1], 
 7: [-0.151909, 0.541658, 0.483676, 1], 
 8: [-0.193012, 0.386329, 0.714753, 1], 
 9: [0, 0.41095, 0.71373, 1], 
 10: [-0.18663, 0.419709, 0.678008, 1], 
 11: [-0.301289, 0.556178, 0.401607, 1], 
 12: [-0.391171, 0.368551, 0.62929, 1], 
 13: [-0.371037, 0.427113, 0.577046, 1], 
 14: [-0.54089, 0.42904, 0.417539, 1], 
 15: [0, 0.612938, 0.255646, 1], 
 16: [-0.106305, 0.623951, 0.234904, 1], 
 17: [0, 0.654971, -0.0361874, 1], 
 18: [-0.0540028, 0.660943, -0.0470304, 1], 
 19: [-0.303742, 0.646375, 0.0855927, 1], 
 20: [-0.209869, 0.636594, 0.176999, 1], 
 21: [-0.105897, 0.666655, -0.0770506, 1], 
 22: [-0.151969, 0.670446, -0.124279, 1], 
 23: [-0.660381, 0.551873, -0.320682, 1], 
 24: [-0.7519, 0.279969, 0.268123, 1], 
 25: [-0.552565, 0.569147, 0.100859, 1], 
 26: [-0.683216, 0.422398, 0.207681, 1], 
 27: [-0.872472, 0.223949, 0.00568068, 1], 
 28: [-0.631164, 0.563539, -0.100648, 1], 
 29: [-0.781426, 0.408217, -0.0383556, 1], 
 30: [-0.818031, 0.388553, -0.3049, 1], 
 31: [-0.380951, 0.649762, -0.0348706, 1], 
 32: [-0.188814, 0.671019, -0.186316, 1], 
 33: [-0.452732, 0.639482, -0.331951, 1], 
 34: [-0.433406, 0.647048, -0.176832, 1], 
 35: [-0.21323, 0.668553, -0.259051, 1], 
 36: [-0.222062, 0.663592, -0.337939, 1], 
 37: [-0.603779, 0.104947, -1.09531, 1], 
 38: [-0.43808, 0.487337, -0.944853, 1], 
 39: [-0.880058, 0.140729, -0.581499, 1], 
 40: [-0.63109, 0.53555, -0.546268, 1], 
 41: [-0.781371, 0.365161, -0.575528, 1], 
 42: [-0.767146, 0.118607, -0.858748, 1], 
 43: [-0.552425, 0.514278, -0.760351, 1], 
 44: [-0.683112, 0.338575, -0.830794, 1], 
 45: [-0.540749, 0.309027, -1.0505, 1], 
 46: [-0.433351, 0.628017, -0.491135, 1], 
 47: [-0.21321, 0.656597, -0.418179, 1], 
 48: [-0.303601, 0.592116, -0.772497, 1], 
 49: [-0.380847, 0.612409, -0.642273, 1], 
 50: [-0.188778, 0.647703, -0.493918, 1], 
 51: [-0.151919, 0.636962, -0.559046, 1], 
 52: [2.612e-011, 0.392703, -1.18474, 1], 
 53: [-0.411377, 0.0951969, -1.27293, 1], 
 54: [-0.301072, 0.455024, -1.08335, 1], 
 55: [-0.370876, 0.277433, -1.21633, 1], 
 56: [-0.205234, 0.0882481, -1.38076, 1], 
 57: [-0.151696, 0.421691, -1.16603, 1], 
 58: [-0.186471, 0.247456, -1.31753, 1], 
 59: [2.612e-011, 0.22344, -1.34526, 1], 
 60: [-0.209708, 0.567363, -0.870116, 1], 
 61: [-0.10584, 0.624693, -0.608021, 1], 
 62: [0, 0.518418, -0.940752, 1], 
 63: [-0.106147, 0.541443, -0.92814, 1], 
 64: [-0.0539474, 0.612285, -0.637584, 1], 
 65: [0, 0.601394, -0.645048, 1], 
 66: [0.920144, 0.175281, -0.285481, 1], 
 67: [0.583245, 0.331639, 0.480456, 1], 
 68: [0.438271, 0.566874, 0.271887, 1], 
 69: [0.151909, 0.541658, 0.483676, 1], 
 70: [0.193012, 0.386329, 0.714753, 1], 
 71: [0.18663, 0.419709, 0.678008, 1], 
 72: [0.301289, 0.556178, 0.401607, 1], 
 73: [0.391171, 0.368551, 0.62929, 1], 
 74: [0.371037, 0.427113, 0.577046, 1], 
 75: [0.54089, 0.42904, 0.417539, 1], 
 76: [0.106305, 0.623951, 0.234904, 1], 
 77: [0.0540028, 0.660943, -0.0470304, 1], 
 78: [0.303742, 0.646375, 0.0855927, 1], 
 79: [0.209869, 0.636594, 0.176999, 1], 
 80: [0.105897, 0.666655, -0.0770506, 1], 
 81: [0.151969, 0.670446, -0.124279, 1], 
 82: [0.660381, 0.551873, -0.320682, 1], 
 83: [0.7519, 0.279969, 0.268123, 1], 
 84: [0.552565, 0.569147, 0.100859, 1], 
 85: [0.683216, 0.422398, 0.207681, 1], 
 86: [0.872472, 0.223949, 0.00568068, 1], 
 87: [0.631164, 0.563539, -0.100648, 1], 
 88: [0.781426, 0.408217, -0.0383556, 1], 
 89: [0.818031, 0.388553, -0.3049, 1], 
 90: [0.380951, 0.649762, -0.0348706, 1], 
 91: [0.188814, 0.671019, -0.186316, 1], 
 92: [0.452732, 0.639482, -0.331951, 1], 
 93: [0.433406, 0.647048, -0.176832, 1], 
 94: [0.21323, 0.668553, -0.259051, 1], 
 95: [0.222062, 0.663592, -0.337939, 1], 
 96: [0.603779, 0.104947, -1.09531, 1], 
 97: [0.43808, 0.487337, -0.944853, 1], 
 98: [0.880058, 0.140729, -0.581499, 1], 
 99: [0.63109, 0.53555, -0.546268, 1], 
 100: [0.781371, 0.365161, -0.575528, 1], 
 101: [0.767146, 0.118607, -0.858748, 1], 
 102: [0.552425, 0.514278, -0.760351, 1], 
 103: [0.683112, 0.338575, -0.830794, 1], 
 104: [0.540749, 0.309027, -1.0505, 1], 
 105: [0.433351, 0.628017, -0.491135, 1], 
 106: [0.21321, 0.656597, -0.418179, 1], 
 107: [0.303601, 0.592116, -0.772497, 1], 
 108: [0.380847, 0.612409, -0.642273, 1], 
 109: [0.188778, 0.647703, -0.493918, 1], 
 110: [0.151919, 0.636962, -0.559046, 1], 
 111: [0.411377, 0.0951969, -1.27293, 1], 
 112: [0.301072, 0.455024, -1.08335, 1], 
 113: [0.370876, 0.277433, -1.21633, 1], 
 114: [0.205234, 0.0882481, -1.38076, 1], 
 115: [0.151696, 0.421691, -1.16603, 1], 
 116: [0.186471, 0.247456, -1.31753, 1], 
 117: [0.209708, 0.567363, -0.870116, 1], 
 118: [0.10584, 0.624693, -0.608021, 1], 
 119: [0.106147, 0.541443, -0.92814, 1], 
 120: [0.0539474, 0.612285, -0.637584, 1]]
Number of polygons: 216
Polygon Connection List
[0: [2, 65, 64], 
1: [2, 36, 35], 
2: [2, 22, 21], 
3: [14, 13, 6], 
4: [11, 6, 13], 
5: [10, 9, 7], 
6: [9, 5, 7], 
7: [0, 9, 8], 
8: [9, 10, 8], 
9: [13, 10, 11], 
10: [7, 11, 10], 
11: [12, 8, 13], 
12: [13, 8, 10], 
13: [4, 12, 14], 
14: [14, 12, 13], 
15: [17, 2, 18], 
16: [5, 15, 7], 
17: [15, 16, 7], 
18: [16, 15, 18], 
19: [15, 17, 18], 
20: [6, 11, 19], 
21: [19, 11, 20], 
22: [11, 7, 20], 
23: [7, 16, 20], 
24: [2, 21, 18], 
25: [16, 18, 20], 
26: [21, 20, 18], 
27: [20, 21, 19], 
28: [22, 19, 21], 
29: [30, 29, 23], 
30: [23, 29, 28], 
31: [26, 14, 25], 
32: [14, 6, 25], 
33: [24, 4, 26], 
34: [4, 14, 26], 
35: [3, 27, 30], 
36: [27, 29, 30], 
37: [29, 26, 28], 
38: [26, 25, 28], 
39: [27, 24, 29], 
40: [24, 26, 29], 
41: [2, 32, 22], 
42: [25, 6, 31], 
43: [31, 6, 19], 
44: [19, 22, 31], 
45: [32, 31, 22], 
46: [23, 28, 33], 
47: [33, 28, 34], 
48: [28, 25, 34], 
49: [25, 31, 34], 
50: [2, 35, 32], 
51: [31, 32, 34], 
52: [35, 34, 32], 
53: [34, 35, 33], 
54: [36, 33, 35], 
55: [2, 51, 50], 
56: [44, 43, 45], 
57: [38, 45, 43], 
58: [41, 30, 40], 
59: [30, 23, 40], 
60: [39, 3, 41], 
61: [3, 30, 41], 
62: [37, 42, 45], 
63: [42, 44, 45], 
64: [42, 39, 44], 
65: [39, 41, 44], 
66: [44, 41, 43], 
67: [41, 40, 43], 
68: [2, 47, 36], 
69: [40, 23, 46], 
70: [46, 23, 33], 
71: [46, 33, 47], 
72: [47, 33, 36], 
73: [43, 49, 38], 
74: [48, 38, 49], 
75: [43, 40, 49], 
76: [40, 46, 49], 
77: [2, 50, 47], 
78: [49, 46, 50], 
79: [50, 46, 47], 
80: [49, 50, 48], 
81: [51, 48, 50], 
82: [58, 57, 59], 
83: [52, 59, 57], 
84: [45, 38, 55], 
85: [38, 54, 55], 
86: [37, 45, 53], 
87: [53, 45, 55], 
88: [55, 54, 58], 
89: [54, 57, 58], 
90: [53, 55, 56], 
91: [56, 55, 58], 
92: [56, 58, 1], 
93: [59, 1, 58], 
94: [2, 61, 51], 
95: [38, 48, 54], 
96: [60, 54, 48], 
97: [60, 48, 61], 
98: [61, 48, 51], 
99: [57, 63, 52], 
100: [62, 52, 63], 
101: [54, 60, 57], 
102: [57, 60, 63], 
103: [2, 64, 61], 
104: [60, 61, 63], 
105: [64, 63, 61], 
106: [62, 63, 65], 
107: [65, 63, 64], 
108: [2, 120, 65], 
109: [2, 94, 95], 
110: [2, 80, 81], 
111: [75, 68, 74], 
112: [72, 74, 68], 
113: [71, 69, 9], 
114: [9, 69, 5], 
115: [0, 70, 9], 
116: [9, 70, 71], 
117: [74, 72, 71], 
118: [69, 71, 72], 
119: [73, 74, 70], 
120: [74, 71, 70], 
121: [67, 75, 73], 
122: [75, 74, 73], 
123: [17, 77, 2], 
124: [5, 69, 15], 
125: [15, 69, 76], 
126: [76, 77, 15], 
127: [15, 77, 17], 
128: [68, 78, 72], 
129: [78, 79, 72], 
130: [72, 79, 69], 
131: [69, 79, 76], 
132: [2, 77, 80], 
133: [76, 79, 77], 
134: [80, 77, 79], 
135: [79, 78, 80], 
136: [81, 80, 78], 
137: [89, 82, 88], 
138: [82, 87, 88], 
139: [85, 84, 75], 
140: [75, 84, 68], 
141: [83, 85, 67], 
142: [67, 85, 75], 
143: [66, 89, 86], 
144: [86, 89, 88], 
145: [88, 87, 85], 
146: [85, 87, 84], 
147: [86, 88, 83], 
148: [83, 88, 85], 
149: [2, 81, 91], 
150: [84, 90, 68], 
151: [90, 78, 68], 
152: [78, 90, 81], 
153: [91, 81, 90], 
154: [82, 92, 87], 
155: [92, 93, 87], 
156: [87, 93, 84], 
157: [84, 93, 90], 
158: [2, 91, 94], 
159: [90, 93, 91], 
160: [94, 91, 93], 
161: [93, 92, 94], 
162: [95, 94, 92], 
163: [2, 109, 110], 
164: [103, 104, 102], 
165: [97, 102, 104], 
166: [100, 99, 89], 
167: [89, 99, 82], 
168: [98, 100, 66], 
169: [66, 100, 89], 
170: [96, 104, 101], 
171: [101, 104, 103], 
172: [101, 103, 98], 
173: [98, 103, 100], 
174: [103, 102, 100], 
175: [100, 102, 99], 
176: [2, 95, 106], 
177: [99, 105, 82], 
178: [105, 92, 82], 
179: [105, 106, 92], 
180: [106, 95, 92], 
181: [102, 97, 108], 
182: [107, 108, 97], 
183: [102, 108, 99], 
184: [99, 108, 105], 
185: [2, 106, 109], 
186: [108, 109, 105], 
187: [109, 106, 105], 
188: [108, 107, 109], 
189: [110, 109, 107], 
190: [116, 59, 115], 
191: [52, 115, 59], 
192: [104, 113, 97], 
193: [97, 113, 112], 
194: [96, 111, 104], 
195: [111, 113, 104], 
196: [113, 116, 112], 
197: [112, 116, 115], 
198: [111, 114, 113], 
199: [114, 116, 113], 
200: [114, 1, 116], 
201: [59, 116, 1], 
202: [2, 110, 118], 
203: [97, 112, 107], 
204: [117, 107, 112], 
205: [117, 118, 107], 
206: [118, 110, 107], 
207: [115, 52, 119], 
208: [62, 119, 52], 
209: [112, 115, 117], 
210: [115, 119, 117], 
211: [2, 118, 120], 
212: [117, 119, 118], 
213: [120, 118, 119], 
214: [62, 65, 119], 
215: [65, 120, 119]]
Per Vertex Normals
[0: [1.31239e-007, 0.772782, 0.634672], 
 1: [9.50215e-008, 0.409655, -0.912241], 
 2: [1.78245e-009, 0.9969, -0.0786795], 
 3: [-0.904028, 0.424692, -0.0486898], 
 4: [-0.630061, 0.588725, 0.506386], 
 5: [2.20777e-008, 0.905763, 0.423784], 
 6: [-0.357769, 0.873147, 0.331082], 
 7: [-0.0767226, 0.904248, 0.420058], 
 8: [-0.20121, 0.739198, 0.64273], 
 9: [5.98398e-008, 0.8097, 0.586844], 
 10: [-0.1748, 0.792894, 0.583749], 
 11: [-0.219568, 0.892135, 0.394823], 
 12: [-0.431723, 0.671501, 0.602247], 
 13: [-0.376957, 0.749282, 0.544501], 
 14: [-0.554988, 0.692232, 0.461306], 
 15: [-8.31967e-009, 0.970117, 0.242638], 
 16: [0.0197042, 0.971621, 0.235719], 
 17: [-9.51397e-009, 0.9974, 0.0720625], 
 18: [0.0829229, 0.9943, 0.0670171], 
 19: [-0.139843, 0.975624, 0.169118], 
 20: [-0.0565653, 0.975036, 0.214722], 
 21: [0.0547538, 0.997093, 0.0529854], 
 22: [0.0192355, 0.999486, 0.025642], 
 23: [-0.576874, 0.815163, -0.0522103], 
 24: [-0.774663, 0.518054, 0.362653], 
 25: [-0.46954, 0.851966, 0.231702], 
 26: [-0.691839, 0.63997, 0.334362], 
 27: [-0.867658, 0.464852, 0.176303], 
 28: [-0.54395, 0.832808, 0.102706], 
 29: [-0.784802, 0.597405, 0.164903], 
 30: [-0.825971, 0.561862, -0.0456472], 
 31: [-0.207822, 0.972805, 0.102272], 
 32: [-0.00923739, 0.999916, -0.0090964], 
 33: [-0.261195, 0.963442, -0.0596326], 
 34: [-0.248353, 0.968351, 0.0248254], 
 35: [-0.0229925, 0.99882, -0.042789], 
 36: [-0.02602, 0.996851, -0.074909], 
 37: [-0.696563, 0.352375, -0.625006], 
 38: [-0.41162, 0.783167, -0.466066], 
 39: [-0.879292, 0.391285, -0.271554], 
 40: [-0.562981, 0.799765, -0.208393], 
 41: [-0.806815, 0.531441, -0.258108], 
 42: [-0.808421, 0.366258, -0.460772], 
 43: [-0.508576, 0.788032, -0.346922], 
 44: [-0.73937, 0.509883, -0.439718], 
 45: [-0.629356, 0.499693, -0.595162], 
 46: [-0.246322, 0.958886, -0.140938], 
 47: [-0.0176365, 0.994557, -0.102689], 
 48: [-0.135247, 0.948583, -0.28618], 
 49: [-0.207006, 0.954097, -0.216441], 
 50: [0.00447484, 0.991135, -0.132783], 
 51: [0.0433826, 0.985282, -0.165341], 
 52: [-1.09429e-007, 0.784082, -0.620657], 
 53: [-0.52517, 0.354797, -0.773509], 
 54: [-0.258076, 0.78454, -0.563821], 
 55: [-0.457857, 0.504747, -0.731846], 
 56: [-0.271605, 0.377009, -0.885491], 
 57: [-0.0529267, 0.785554, -0.616525], 
 58: [-0.208886, 0.525886, -0.824506], 
 59: [-5.12407e-009, 0.543478, -0.839424], 
 60: [-0.0323637, 0.939783, -0.340237], 
 61: [0.0908333, 0.977072, -0.192561], 
 62: [-1.48092e-007, 0.926134, -0.377194], 
 63: [0.0862399, 0.925439, -0.368952], 
 64: [0.138917, 0.968071, -0.208665], 
 65: [-6.94308e-008, 0.97649, -0.215562], 
 66: [0.904028, 0.424692, -0.0486897], 
 67: [0.63006, 0.588725, 0.506386], 
 68: [0.357769, 0.873147, 0.331082], 
 69: [0.0767227, 0.904248, 0.420058], 
 70: [0.20121, 0.739198, 0.642729], 
 71: [0.1748, 0.792895, 0.583749], 
 72: [0.219568, 0.892135, 0.394822], 
 73: [0.431723, 0.671501, 0.602247], 
 74: [0.376957, 0.749282, 0.544501], 
 75: [0.554988, 0.692232, 0.461306], 
 76: [-0.0197042, 0.971621, 0.235719], 
 77: [-0.0829229, 0.9943, 0.0670172], 
 78: [0.139843, 0.975624, 0.169119], 
 79: [0.0565653, 0.975036, 0.214722], 
 80: [-0.0547538, 0.997093, 0.0529857], 
 81: [-0.0192355, 0.999486, 0.0256422], 
 82: [0.576874, 0.815163, -0.0522103], 
 83: [0.774663, 0.518054, 0.362653], 
 84: [0.46954, 0.851966, 0.231702], 
 85: [0.691839, 0.63997, 0.334362], 
 86: [0.867658, 0.464852, 0.176303], 
 87: [0.54395, 0.832808, 0.102706], 
 88: [0.784802, 0.597405, 0.164903], 
 89: [0.825971, 0.561862, -0.0456472], 
 90: [0.207822, 0.972805, 0.102272], 
 91: [0.00923741, 0.999916, -0.00909658], 
 92: [0.261195, 0.963442, -0.0596327], 
 93: [0.248353, 0.968351, 0.0248253], 
 94: [0.0229925, 0.998819, -0.0427896], 
 95: [0.02602, 0.996851, -0.0749094], 
 96: [0.696563, 0.352376, -0.625005], 
 97: [0.41162, 0.783167, -0.466066], 
 98: [0.879292, 0.391284, -0.271554], 
 99: [0.562981, 0.799765, -0.208393], 
 100: [0.806815, 0.531441, -0.258108], 
 101: [0.808421, 0.366258, -0.460772], 
 102: [0.508576, 0.788032, -0.346922], 
 103: [0.73937, 0.509883, -0.439718], 
 104: [0.629356, 0.499693, -0.595162], 
 105: [0.246322, 0.958886, -0.140938], 
 106: [0.0176365, 0.994557, -0.102689], 
 107: [0.135247, 0.948583, -0.28618], 
 108: [0.207006, 0.954097, -0.216441], 
 109: [-0.00447486, 0.991135, -0.132783], 
 110: [-0.0433827, 0.985282, -0.16534], 
 111: [0.52517, 0.354797, -0.773509], 
 112: [0.258076, 0.78454, -0.563821], 
 113: [0.457857, 0.504746, -0.731846], 
 114: [0.271605, 0.377009, -0.885491], 
 115: [0.0529267, 0.785554, -0.616525], 
 116: [0.208886, 0.525886, -0.824506], 
 117: [0.0323637, 0.939783, -0.340237], 
 118: [-0.0908334, 0.977072, -0.192561], 
 119: [-0.0862398, 0.925439, -0.368952], 
 120: [-0.138917, 0.968071, -0.208665]]
Texture Coordinates
[0: [0.879683, 0.975301],
1: [0.879683, 0.760203],
2: [0.879683, 0.867518],
3: [0.787668, 0.872788],
4: [0.821358, 0.949382],
5: [0.879683, 0.952624],
6: [0.835856, 0.928525],
7: [0.864492, 0.949704],
8: [0.860381, 0.972812],
9: [0.879683, 0.972709],
10: [0.86102, 0.969137],
11: [0.849554, 0.941497],
12: [0.840566, 0.964265],
13: [0.842579, 0.959041],
14: [0.825594, 0.94309],
15: [0.879683, 0.926901],
16: [0.869052, 0.924827],
17: [0.879683, 0.897718],
18: [0.874282, 0.896633],
19: [0.849309, 0.909896],
20: [0.858696, 0.919036],
21: [0.869093, 0.893631],
22: [0.864486, 0.888909],
23: [0.813645, 0.869268],
24: [0.804493, 0.928149],
25: [0.824426, 0.911422],
26: [0.811361, 0.922104],
27: [0.792435, 0.901904],
28: [0.816566, 0.891272],
29: [0.80154, 0.897501],
30: [0.79788, 0.870846],
31: [0.841588, 0.897849],
32: [0.860801, 0.882705],
33: [0.83441, 0.868141],
34: [0.836342, 0.883653],
35: [0.85836, 0.875431],
36: [0.857476, 0.867542],
37: [0.819305, 0.791805],
38: [0.835875, 0.806851],
39: [0.791677, 0.843186],
40: [0.816574, 0.84671],
41: [0.801546, 0.843784],
42: [0.802968, 0.815462],
43: [0.82444, 0.825301],
44: [0.811372, 0.818257],
45: [0.825608, 0.796287],
46: [0.836348, 0.852223],
47: [0.858362, 0.859518],
48: [0.849323, 0.824087],
49: [0.841598, 0.837109],
50: [0.860805, 0.851945],
51: [0.864491, 0.845432],
52: [0.879683, 0.782862],
53: [0.838545, 0.774043],
54: [0.849576, 0.793001],
55: [0.842595, 0.779704],
56: [0.859159, 0.763261],
57: [0.864513, 0.784733],
58: [0.861036, 0.769583],
59: [0.879683, 0.76681],
60: [0.858712, 0.814325],
61: [0.869099, 0.840534],
62: [0.879683, 0.807261],
63: [0.869068, 0.808522],
64: [0.874288, 0.837578],
65: [0.879683, 0.836832],
66: [0.971697, 0.872788],
67: [0.938007, 0.949382],
68: [0.92351, 0.928525],
69: [0.894874, 0.949704],
70: [0.898984, 0.972812],
71: [0.898346, 0.969137],
72: [0.909812, 0.941497],
73: [0.9188, 0.964265],
74: [0.916786, 0.959041],
75: [0.933772, 0.94309],
76: [0.890313, 0.924827],
77: [0.885083, 0.896633],
78: [0.910057, 0.909896],
79: [0.90067, 0.919036],
80: [0.890272, 0.893631],
81: [0.89488, 0.888909],
82: [0.945721, 0.869268],
83: [0.954873, 0.928149],
84: [0.934939, 0.911422],
85: [0.948004, 0.922104],
86: [0.96693, 0.901904],
87: [0.942799, 0.891272],
88: [0.957825, 0.897501],
89: [0.961486, 0.870846],
90: [0.917778, 0.897849],
91: [0.898564, 0.882705],
92: [0.924956, 0.868141],
93: [0.923023, 0.883653],
94: [0.901006, 0.875431],
95: [0.901889, 0.867542],
96: [0.940061, 0.791805],
97: [0.923491, 0.806851],
98: [0.967689, 0.843186],
99: [0.942792, 0.84671],
100: [0.95782, 0.843784],
101: [0.956397, 0.815462],
102: [0.934925, 0.825301],
103: [0.947994, 0.818257],
104: [0.933758, 0.796287],
105: [0.923018, 0.852223],
106: [0.901004, 0.859518],
107: [0.910043, 0.824087],
108: [0.917767, 0.837109],
109: [0.89856, 0.851945],
110: [0.894875, 0.845432],
111: [0.92082, 0.774043],
112: [0.90979, 0.793001],
113: [0.91677, 0.779704],
114: [0.900206, 0.763261],
115: [0.894852, 0.784733],
116: [0.89833, 0.769583],
117: [0.900653, 0.814325],
118: [0.890267, 0.840534],
119: [0.890297, 0.808522],
120: [0.885077, 0.837578]]
