Name: thrusters
Transform: [0, 0, 0]
Rotation: [0, 0, 0, 1]
Scale: [1, 1, 1]
LOD: 0
Animation data
[]
[]
[]
SubObjects: [ ]
Shading Data:
Diffuse_Color: [0.4, 0.4, 0.4, 1]
Ambient: [0, 0, 0, 0]
Emmision_Color: [0, 0, 0, 0]
Specular_Color: [0, 0, 0, 1]
Shininess: 0
Texture: ship
Number of Vertices: 200
[0: [-0.362869, 0.334583, 0.800141, 1], 
 1: [-0.311908, 0.334951, 0.98419, 1], 
 2: [-0.103046, 0.334951, 0.98419, 1], 
 3: [-0.0525789, 0.334592, 0.750319, 1], 
 4: [-0.331239, 0.240791, 0.685059, 1], 
 5: [-0.0629694, 0.279185, 0.685046, 1], 
 6: [-0.239729, 0.235684, 0.98419, 1], 
 7: [-0.255602, 0.187174, 0.685059, 1], 
 8: [-0.360427, 0.334583, 0.89344, 1], 
 9: [-0.254848, 0.189494, 0.89344, 1], 
 10: [-0.291942, 0.27358, 0.98419, 1], 
 11: [-0.331199, 0.244854, 0.89344, 1], 
 12: [-0.306748, 0.30271, 0.98419, 1], 
 13: [-0.35281, 0.287478, 0.89344, 1], 
 14: [-0.346965, 0.334583, 0.938886, 1], 
 15: [-0.34002, 0.29163, 0.938886, 1], 
 16: [-0.320314, 0.252764, 0.938886, 1], 
 17: [-0.268863, 0.250497, 0.98419, 1], 
 18: [-0.297485, 0.211128, 0.89344, 1], 
 19: [-0.289571, 0.22201, 0.938886, 1], 
 20: [-0.250693, 0.202283, 0.938886, 1], 
 21: [-0.333174, 0.24342, 0.688729, 1], 
 22: [-0.362533, 0.324612, 0.789344, 1], 
 23: [-0.333173, 0.243419, 0.789348, 1], 
 24: [-0.355131, 0.286724, 0.789348, 1], 
 25: [-0.362869, 0.334583, 0.841394, 1], 
 26: [-0.255602, 0.187174, 0.789348, 1], 
 27: [-0.29892, 0.209154, 0.789348, 1], 
 28: [-0.175225, 0.235684, 0.98419, 1], 
 29: [-0.15982, 0.187174, 0.685059, 1], 
 30: [-0.160573, 0.189494, 0.89344, 1], 
 31: [-0.207477, 0.23052, 0.98419, 1], 
 32: [-0.207711, 0.181867, 0.89344, 1], 
 33: [-0.207711, 0.195329, 0.938886, 1], 
 34: [-0.164728, 0.202283, 0.938886, 1], 
 35: [-0.15982, 0.187174, 0.789348, 1], 
 36: [-0.207711, 0.179425, 0.789348, 1], 
 37: [-0.0549948, 0.334583, 0.89344, 1], 
 38: [-0.123012, 0.27358, 0.98419, 1], 
 39: [-0.0842229, 0.244854, 0.89344, 1], 
 40: [-0.146091, 0.250497, 0.98419, 1], 
 41: [-0.117937, 0.211128, 0.89344, 1], 
 42: [-0.12585, 0.22201, 0.938886, 1], 
 43: [-0.0951079, 0.252764, 0.938886, 1], 
 44: [-0.108206, 0.30271, 0.98419, 1], 
 45: [-0.0626113, 0.287478, 0.89344, 1], 
 46: [-0.0754012, 0.29163, 0.938886, 1], 
 47: [-0.0684561, 0.334583, 0.938886, 1], 
 48: [-0.0822482, 0.243419, 0.685059, 1], 
 49: [-0.0822482, 0.243419, 0.789348, 1], 
 50: [-0.116501, 0.209154, 0.789348, 1], 
 51: [-0.0525526, 0.334583, 0.789348, 1], 
 52: [-0.0602908, 0.286724, 0.789348, 1], 
 53: [-0.255616, 0.187153, 0.600085, 1], 
 54: [-0.159829, 0.187134, 0.581731, 1], 
 55: [-0.210538, 0.179475, 0.580836, 1], 
 56: [-0.0822451, 0.24343, 0.642696, 1], 
 57: [-0.1165, 0.209147, 0.603473, 1], 
 58: [-0.116501, 0.209154, 0.685059, 1], 
 59: [-0.116501, 0.209154, 0.632915, 1], 
 60: [-0.088719, 0.235064, 0.63291, 1], 
 61: [-0.175225, 0.434218, 0.98419, 1], 
 62: [-0.161147, 0.477879, 0.904791, 1], 
 63: [-0.13151, 0.466902, 0.893533, 1], 
 64: [-0.123012, 0.396322, 0.98419, 1], 
 65: [-0.0842229, 0.424312, 0.89344, 1], 
 66: [-0.108206, 0.367192, 0.98419, 1], 
 67: [-0.0626113, 0.381689, 0.89344, 1], 
 68: [-0.0754012, 0.377537, 0.938886, 1], 
 69: [-0.0951079, 0.416403, 0.938886, 1], 
 70: [-0.146091, 0.419405, 0.98419, 1], 
 71: [-0.117937, 0.458039, 0.89344, 1], 
 72: [-0.12585, 0.447156, 0.938886, 1], 
 73: [-0.164728, 0.466883, 0.938886, 1], 
 74: [-0.0823203, 0.425713, 0.851703, 1], 
 75: [-0.056429, 0.368586, 0.78933, 1], 
 76: [-0.0602747, 0.382461, 0.804918, 1], 
 77: [-0.0602908, 0.382442, 0.841394, 1], 
 78: [-0.0757358, 0.415924, 0.841392, 1], 
 79: [-0.117342, 0.458829, 0.885462, 1], 
 80: [-0.239729, 0.434218, 0.98419, 1], 
 81: [-0.253743, 0.476272, 0.911829, 1], 
 82: [-0.207477, 0.439382, 0.98419, 1], 
 83: [-0.207706, 0.483487, 0.912749, 1], 
 84: [-0.207711, 0.473838, 0.938886, 1], 
 85: [-0.250693, 0.466883, 0.938886, 1], 
 86: [-0.316231, 0.442033, 0.89344, 1], 
 87: [-0.291942, 0.396322, 0.98419, 1], 
 88: [-0.331199, 0.424312, 0.89344, 1], 
 89: [-0.268863, 0.419405, 0.98419, 1], 
 90: [-0.296624, 0.456839, 0.902401, 1], 
 91: [-0.289571, 0.447156, 0.938886, 1], 
 92: [-0.320314, 0.416403, 0.938886, 1], 
 93: [-0.306748, 0.367192, 0.98419, 1], 
 94: [-0.35281, 0.381689, 0.89344, 1], 
 95: [-0.34002, 0.377537, 0.938886, 1], 
 96: [-0.332207, 0.42509, 0.881742, 1], 
 97: [-0.355127, 0.382441, 0.847142, 1], 
 98: [-0.357056, 0.376114, 0.841394, 1], 
 99: [-0.207243, 0.335319, 0.984048, 1], 
 100: [0.362869, 0.334583, 0.800141, 1], 
 101: [0.311908, 0.334951, 0.98419, 1], 
 102: [0.103046, 0.334951, 0.98419, 1], 
 103: [0.0525789, 0.334592, 0.750319, 1], 
 104: [0.331239, 0.240791, 0.685059, 1], 
 105: [0.0629694, 0.279185, 0.685046, 1], 
 106: [0.239729, 0.235684, 0.98419, 1], 
 107: [0.255602, 0.187174, 0.685059, 1], 
 108: [0.360427, 0.334583, 0.89344, 1], 
 109: [0.254848, 0.189494, 0.89344, 1], 
 110: [0.291942, 0.27358, 0.98419, 1], 
 111: [0.331199, 0.244854, 0.89344, 1], 
 112: [0.306748, 0.30271, 0.98419, 1], 
 113: [0.35281, 0.287478, 0.89344, 1], 
 114: [0.346965, 0.334583, 0.938886, 1], 
 115: [0.34002, 0.29163, 0.938886, 1], 
 116: [0.320314, 0.252764, 0.938886, 1], 
 117: [0.268863, 0.250497, 0.98419, 1], 
 118: [0.297485, 0.211128, 0.89344, 1], 
 119: [0.289571, 0.22201, 0.938886, 1], 
 120: [0.250693, 0.202283, 0.938886, 1], 
 121: [0.333174, 0.24342, 0.688729, 1], 
 122: [0.362533, 0.324612, 0.789344, 1], 
 123: [0.333173, 0.243419, 0.789348, 1], 
 124: [0.355131, 0.286724, 0.789348, 1], 
 125: [0.362869, 0.334583, 0.841394, 1], 
 126: [0.255602, 0.187174, 0.789348, 1], 
 127: [0.29892, 0.209154, 0.789348, 1], 
 128: [0.175225, 0.235684, 0.98419, 1], 
 129: [0.15982, 0.187174, 0.685059, 1], 
 130: [0.160573, 0.189494, 0.89344, 1], 
 131: [0.207477, 0.23052, 0.98419, 1], 
 132: [0.207711, 0.181867, 0.89344, 1], 
 133: [0.207711, 0.195329, 0.938886, 1], 
 134: [0.164728, 0.202283, 0.938886, 1], 
 135: [0.15982, 0.187174, 0.789348, 1], 
 136: [0.207711, 0.179425, 0.789348, 1], 
 137: [0.0549948, 0.334583, 0.89344, 1], 
 138: [0.123012, 0.27358, 0.98419, 1], 
 139: [0.0842229, 0.244854, 0.89344, 1], 
 140: [0.146091, 0.250497, 0.98419, 1], 
 141: [0.117937, 0.211128, 0.89344, 1], 
 142: [0.12585, 0.22201, 0.938886, 1], 
 143: [0.0951079, 0.252764, 0.938886, 1], 
 144: [0.108206, 0.30271, 0.98419, 1], 
 145: [0.0626113, 0.287478, 0.89344, 1], 
 146: [0.0754012, 0.29163, 0.938886, 1], 
 147: [0.0684561, 0.334583, 0.938886, 1], 
 148: [0.0822481, 0.243419, 0.685059, 1], 
 149: [0.0822481, 0.243419, 0.789348, 1], 
 150: [0.116501, 0.209154, 0.789348, 1], 
 151: [0.0525526, 0.334583, 0.789348, 1], 
 152: [0.0602908, 0.286724, 0.789348, 1], 
 153: [0.255616, 0.187153, 0.600085, 1], 
 154: [0.159829, 0.187134, 0.581731, 1], 
 155: [0.210538, 0.179475, 0.580836, 1], 
 156: [0.082245, 0.24343, 0.642696, 1], 
 157: [0.1165, 0.209147, 0.603473, 1], 
 158: [0.116501, 0.209154, 0.685059, 1], 
 159: [0.116501, 0.209154, 0.632915, 1], 
 160: [0.088719, 0.235064, 0.63291, 1], 
 161: [0.175225, 0.434218, 0.98419, 1], 
 162: [0.161147, 0.477879, 0.904791, 1], 
 163: [0.13151, 0.466902, 0.893533, 1], 
 164: [0.123012, 0.396322, 0.98419, 1], 
 165: [0.0842229, 0.424312, 0.89344, 1], 
 166: [0.108206, 0.367192, 0.98419, 1], 
 167: [0.0626113, 0.381689, 0.89344, 1], 
 168: [0.0754012, 0.377537, 0.938886, 1], 
 169: [0.0951079, 0.416403, 0.938886, 1], 
 170: [0.146091, 0.419405, 0.98419, 1], 
 171: [0.117937, 0.458039, 0.89344, 1], 
 172: [0.12585, 0.447156, 0.938886, 1], 
 173: [0.164728, 0.466883, 0.938886, 1], 
 174: [0.0823203, 0.425713, 0.851703, 1], 
 175: [0.056429, 0.368586, 0.78933, 1], 
 176: [0.0602747, 0.382461, 0.804918, 1], 
 177: [0.0602908, 0.382442, 0.841394, 1], 
 178: [0.0757358, 0.415924, 0.841392, 1], 
 179: [0.117342, 0.458829, 0.885462, 1], 
 180: [0.239729, 0.434218, 0.98419, 1], 
 181: [0.253743, 0.476272, 0.911829, 1], 
 182: [0.207477, 0.439382, 0.98419, 1], 
 183: [0.207706, 0.483487, 0.912749, 1], 
 184: [0.207711, 0.473838, 0.938886, 1], 
 185: [0.250693, 0.466883, 0.938886, 1], 
 186: [0.316231, 0.442033, 0.89344, 1], 
 187: [0.291942, 0.396322, 0.98419, 1], 
 188: [0.331199, 0.424312, 0.89344, 1], 
 189: [0.268863, 0.419405, 0.98419, 1], 
 190: [0.296624, 0.456839, 0.902401, 1], 
 191: [0.289571, 0.447156, 0.938886, 1], 
 192: [0.320314, 0.416403, 0.938886, 1], 
 193: [0.306748, 0.367192, 0.98419, 1], 
 194: [0.35281, 0.381689, 0.89344, 1], 
 195: [0.34002, 0.377537, 0.938886, 1], 
 196: [0.332207, 0.42509, 0.881742, 1], 
 197: [0.355127, 0.382441, 0.847142, 1], 
 198: [0.357056, 0.376114, 0.841394, 1], 
 199: [0.207243, 0.335319, 0.984048, 1]]
Number of polygons: 344
Polygon Connection List
[0: [0, 25, 98], 
1: [56, 5, 48], 
2: [48, 5, 49], 
3: [49, 5, 52], 
4: [5, 3, 52], 
5: [3, 51, 52], 
6: [23, 21, 27], 
7: [21, 4, 27], 
8: [4, 7, 27], 
9: [7, 26, 27], 
10: [18, 9, 19], 
11: [19, 9, 20], 
12: [13, 11, 15], 
13: [15, 11, 16], 
14: [13, 15, 8], 
15: [14, 8, 15], 
16: [15, 12, 14], 
17: [12, 1, 14], 
18: [16, 10, 15], 
19: [10, 12, 15], 
20: [11, 18, 16], 
21: [16, 18, 19], 
22: [19, 17, 16], 
23: [17, 10, 16], 
24: [19, 20, 17], 
25: [6, 17, 20], 
26: [22, 21, 24], 
27: [21, 23, 24], 
28: [23, 11, 24], 
29: [24, 11, 13], 
30: [24, 13, 22], 
31: [22, 13, 0], 
32: [0, 13, 25], 
33: [25, 13, 8], 
34: [27, 26, 18], 
35: [26, 9, 18], 
36: [23, 27, 11], 
37: [27, 18, 11], 
38: [35, 36, 29], 
39: [29, 36, 7], 
40: [26, 7, 36], 
41: [32, 30, 33], 
42: [33, 30, 34], 
43: [9, 32, 20], 
44: [20, 32, 33], 
45: [20, 33, 6], 
46: [31, 6, 33], 
47: [33, 34, 31], 
48: [28, 31, 34], 
49: [36, 35, 32], 
50: [35, 30, 32], 
51: [26, 36, 9], 
52: [36, 32, 9], 
53: [45, 37, 46], 
54: [46, 37, 47], 
55: [41, 39, 42], 
56: [42, 39, 43], 
57: [30, 41, 34], 
58: [34, 41, 42], 
59: [34, 42, 28], 
60: [40, 28, 42], 
61: [42, 43, 40], 
62: [38, 40, 43], 
63: [39, 45, 43], 
64: [43, 45, 46], 
65: [43, 46, 38], 
66: [44, 38, 46], 
67: [46, 47, 44], 
68: [2, 44, 47], 
69: [49, 50, 48], 
70: [48, 50, 58], 
71: [35, 29, 50], 
72: [29, 58, 50], 
73: [50, 49, 41], 
74: [49, 39, 41], 
75: [35, 50, 30], 
76: [50, 41, 30], 
77: [52, 51, 45], 
78: [51, 37, 45], 
79: [49, 52, 39], 
80: [52, 45, 39], 
81: [4, 53, 7], 
82: [54, 29, 55], 
83: [29, 7, 55], 
84: [55, 7, 53], 
85: [57, 60, 59], 
86: [54, 57, 29], 
87: [57, 59, 29], 
88: [59, 58, 29], 
89: [59, 60, 58], 
90: [60, 56, 58], 
91: [56, 48, 58], 
92: [79, 63, 71], 
93: [71, 63, 72], 
94: [72, 63, 73], 
95: [63, 62, 73], 
96: [67, 65, 68], 
97: [68, 65, 69], 
98: [37, 67, 47], 
99: [47, 67, 68], 
100: [47, 68, 2], 
101: [66, 2, 68], 
102: [68, 69, 66], 
103: [64, 66, 69], 
104: [65, 71, 69], 
105: [69, 71, 72], 
106: [69, 72, 64], 
107: [70, 64, 72], 
108: [72, 73, 70], 
109: [61, 70, 73], 
110: [51, 3, 75], 
111: [76, 78, 77], 
112: [51, 75, 37], 
113: [75, 76, 37], 
114: [76, 77, 37], 
115: [77, 67, 37], 
116: [77, 78, 67], 
117: [78, 74, 67], 
118: [74, 65, 67], 
119: [71, 65, 79], 
120: [74, 79, 65], 
121: [81, 85, 83], 
122: [84, 83, 85], 
123: [62, 83, 73], 
124: [73, 83, 84], 
125: [73, 84, 61], 
126: [82, 61, 84], 
127: [85, 80, 84], 
128: [80, 82, 84], 
129: [8, 14, 94], 
130: [14, 95, 94], 
131: [88, 92, 86], 
132: [92, 91, 86], 
133: [91, 90, 86], 
134: [90, 91, 81], 
135: [85, 81, 91], 
136: [91, 89, 85], 
137: [89, 80, 85], 
138: [92, 87, 91], 
139: [87, 89, 91], 
140: [94, 95, 88], 
141: [92, 88, 95], 
142: [95, 93, 92], 
143: [93, 87, 92], 
144: [14, 1, 95], 
145: [1, 93, 95], 
146: [88, 86, 96], 
147: [88, 96, 94], 
148: [94, 96, 97], 
149: [25, 8, 98], 
150: [98, 8, 97], 
151: [8, 94, 97], 
152: [93, 99, 87], 
153: [87, 99, 89], 
154: [89, 99, 80], 
155: [80, 99, 82], 
156: [82, 99, 61], 
157: [61, 99, 70], 
158: [70, 99, 64], 
159: [64, 99, 66], 
160: [66, 99, 2], 
161: [2, 99, 44], 
162: [44, 99, 38], 
163: [38, 99, 40], 
164: [40, 99, 28], 
165: [28, 99, 31], 
166: [31, 99, 6], 
167: [6, 99, 17], 
168: [17, 99, 10], 
169: [10, 99, 12], 
170: [12, 99, 1], 
171: [1, 99, 93], 
172: [100, 198, 125], 
173: [156, 148, 105], 
174: [148, 149, 105], 
175: [149, 152, 105], 
176: [105, 152, 103], 
177: [152, 151, 103], 
178: [123, 127, 121], 
179: [121, 127, 104], 
180: [104, 127, 107], 
181: [127, 126, 107], 
182: [109, 118, 120], 
183: [119, 120, 118], 
184: [111, 113, 116], 
185: [115, 116, 113], 
186: [113, 108, 115], 
187: [114, 115, 108], 
188: [115, 114, 112], 
189: [112, 114, 101], 
190: [116, 115, 110], 
191: [110, 115, 112], 
192: [118, 111, 119], 
193: [116, 119, 111], 
194: [119, 116, 117], 
195: [117, 116, 110], 
196: [119, 117, 120], 
197: [106, 120, 117], 
198: [122, 124, 121], 
199: [124, 123, 121], 
200: [123, 124, 111], 
201: [124, 113, 111], 
202: [124, 122, 113], 
203: [122, 100, 113], 
204: [100, 125, 113], 
205: [125, 108, 113], 
206: [127, 118, 126], 
207: [118, 109, 126], 
208: [123, 111, 127], 
209: [111, 118, 127], 
210: [135, 129, 136], 
211: [129, 107, 136], 
212: [126, 136, 107], 
213: [130, 132, 134], 
214: [133, 134, 132], 
215: [132, 109, 133], 
216: [120, 133, 109], 
217: [133, 120, 131], 
218: [131, 120, 106], 
219: [133, 131, 134], 
220: [128, 134, 131], 
221: [136, 132, 135], 
222: [132, 130, 135], 
223: [126, 109, 136], 
224: [109, 132, 136], 
225: [137, 145, 147], 
226: [146, 147, 145], 
227: [139, 141, 143], 
228: [142, 143, 141], 
229: [141, 130, 142], 
230: [134, 142, 130], 
231: [134, 128, 142], 
232: [140, 142, 128], 
233: [142, 140, 143], 
234: [138, 143, 140], 
235: [145, 139, 146], 
236: [143, 146, 139], 
237: [143, 138, 146], 
238: [144, 146, 138], 
239: [146, 144, 147], 
240: [102, 147, 144], 
241: [149, 148, 150], 
242: [148, 158, 150], 
243: [135, 150, 129], 
244: [150, 158, 129], 
245: [150, 141, 149], 
246: [141, 139, 149], 
247: [135, 130, 150], 
248: [130, 141, 150], 
249: [152, 145, 151], 
250: [145, 137, 151], 
251: [149, 139, 152], 
252: [139, 145, 152], 
253: [104, 107, 153], 
254: [154, 155, 129], 
255: [129, 155, 107], 
256: [155, 153, 107], 
257: [157, 159, 160], 
258: [154, 129, 157], 
259: [157, 129, 159], 
260: [129, 158, 159], 
261: [159, 158, 160], 
262: [160, 158, 156], 
263: [158, 148, 156], 
264: [179, 171, 163], 
265: [171, 172, 163], 
266: [172, 173, 163], 
267: [173, 162, 163], 
268: [165, 167, 169], 
269: [168, 169, 167], 
270: [167, 137, 168], 
271: [147, 168, 137], 
272: [147, 102, 168], 
273: [166, 168, 102], 
274: [168, 166, 169], 
275: [164, 169, 166], 
276: [165, 169, 171], 
277: [169, 172, 171], 
278: [169, 164, 172], 
279: [170, 172, 164], 
280: [172, 170, 173], 
281: [161, 173, 170], 
282: [151, 175, 103], 
283: [176, 177, 178], 
284: [151, 137, 175], 
285: [175, 137, 176], 
286: [176, 137, 177], 
287: [137, 167, 177], 
288: [177, 167, 178], 
289: [178, 167, 174], 
290: [167, 165, 174], 
291: [171, 179, 165], 
292: [174, 165, 179], 
293: [181, 183, 185], 
294: [184, 185, 183], 
295: [162, 173, 183], 
296: [173, 184, 183], 
297: [173, 161, 184], 
298: [182, 184, 161], 
299: [185, 184, 180], 
300: [180, 184, 182], 
301: [108, 194, 114], 
302: [194, 195, 114], 
303: [188, 186, 192], 
304: [192, 186, 191], 
305: [191, 186, 190], 
306: [190, 181, 191], 
307: [185, 191, 181], 
308: [191, 185, 189], 
309: [189, 185, 180], 
310: [192, 191, 187], 
311: [187, 191, 189], 
312: [194, 188, 195], 
313: [192, 195, 188], 
314: [195, 192, 193], 
315: [193, 192, 187], 
316: [114, 195, 101], 
317: [195, 193, 101], 
318: [188, 196, 186], 
319: [188, 194, 196], 
320: [194, 197, 196], 
321: [125, 198, 108], 
322: [198, 197, 108], 
323: [197, 194, 108], 
324: [193, 187, 199], 
325: [187, 189, 199], 
326: [189, 180, 199], 
327: [180, 182, 199], 
328: [182, 161, 199], 
329: [161, 170, 199], 
330: [170, 164, 199], 
331: [164, 166, 199], 
332: [166, 102, 199], 
333: [102, 144, 199], 
334: [144, 138, 199], 
335: [138, 140, 199], 
336: [140, 128, 199], 
337: [128, 131, 199], 
338: [131, 106, 199], 
339: [106, 117, 199], 
340: [117, 110, 199], 
341: [110, 112, 199], 
342: [112, 101, 199], 
343: [101, 193, 199]]
Per Vertex Normals
[0: [-0.99784, -0.0553448, 0.0353958], 
 1: [-0.474506, 0.000513141, 0.880252], 
 2: [0.477517, 0.000518043, 0.878623], 
 3: [0.994689, -0.102703, -0.00676504], 
 4: [-0.656226, -0.754515, -0.00864287], 
 5: [0.911258, -0.411835, -0.00129961], 
 6: [-0.146447, -0.449776, 0.881053], 
 7: [-0.314844, -0.94906, -0.0125639], 
 8: [-0.986038, -0.00134942, 0.166513], 
 9: [-0.306141, -0.939613, 0.152991], 
 10: [-0.383276, -0.27781, 0.880864], 
 11: [-0.800108, -0.580007, 0.153034], 
 12: [-0.450353, -0.146437, 0.88076], 
 13: [-0.938394, -0.308499, 0.15571], 
 14: [-0.893898, -0.00013695, 0.448269], 
 15: [-0.84974, -0.276906, 0.448625], 
 16: [-0.72331, -0.524459, 0.449183], 
 17: [-0.2779, -0.382974, 0.880967], 
 18: [-0.580271, -0.799916, 0.153034], 
 19: [-0.524561, -0.723133, 0.449348], 
 20: [-0.276899, -0.849487, 0.449109], 
 21: [-0.808315, -0.588456, 0.0186432], 
 22: [-0.987211, -0.159273, -0.00685053], 
 23: [-0.809596, -0.586871, 0.0117087], 
 24: [-0.951327, -0.306672, -0.0304826], 
 25: [-0.999409, -0.0297073, 0.017284], 
 26: [-0.309775, -0.950738, 0.0117028], 
 27: [-0.58704, -0.809553, 0.00283855], 
 28: [0.146879, -0.450682, 0.880518], 
 29: [0.254054, -0.96719, -0.00028663], 
 30: [0.306141, -0.939612, 0.152991], 
 31: [0.000394635, -0.473664, 0.880706], 
 32: [-1.12925e-007, -0.988215, 0.15307], 
 33: [-5.06391e-005, -0.893514, 0.449036], 
 34: [0.276627, -0.849991, 0.448322], 
 35: [0.309775, -0.950738, 0.0117027], 
 36: [1.85326e-007, -0.999999, 0.0014419], 
 37: [0.987733, -0.00291552, 0.156127], 
 38: [0.385393, -0.279032, 0.879553], 
 39: [0.800108, -0.580007, 0.153034], 
 40: [0.279249, -0.384088, 0.880055], 
 41: [0.580272, -0.799916, 0.153034], 
 42: [0.524897, -0.723911, 0.447701], 
 43: [0.724102, -0.525247, 0.446981], 
 44: [0.453113, -0.147196, 0.879217], 
 45: [0.939673, -0.305955, 0.152992], 
 46: [0.850948, -0.277394, 0.446026], 
 47: [0.895263, -0.000138724, 0.445537], 
 48: [0.80221, -0.597042, -4.26666e-005], 
 49: [0.808702, -0.588061, 0.0135996], 
 50: [0.587138, -0.809402, 0.0117092], 
 51: [0.999662, -0.0233723, 0.0113752], 
 52: [0.95148, -0.307477, 0.0119436], 
 53: [-0.295551, -0.955327, 0.000286823], 
 54: [0.280265, -0.959922, 0.00034355], 
 55: [0.0135067, -0.999627, 0.0237541], 
 56: [0.774603, -0.631557, 0.0335495], 
 57: [0.529244, -0.848469, 0.000258426], 
 58: [0.586103, -0.810233, 0.00251671], 
 59: [0.572989, -0.819563, 0.000138758], 
 60: [0.714428, -0.698912, 0.0333947], 
 61: [0.148319, 0.454883, 0.878113], 
 62: [0.325018, 0.889552, 0.321031], 
 63: [0.48582, 0.829084, 0.276763], 
 64: [0.387198, 0.281137, 0.878089], 
 65: [0.79921, 0.576169, 0.171151], 
 66: [0.454451, 0.148, 0.878391], 
 67: [0.938101, 0.303061, 0.167692], 
 68: [0.851744, 0.277043, 0.444724], 
 69: [0.72534, 0.525751, 0.444374], 
 70: [0.281136, 0.387536, 0.87794], 
 71: [0.617493, 0.760006, 0.202716], 
 72: [0.529071, 0.71889, 0.450867], 
 73: [0.277583, 0.841346, 0.463772], 
 74: [0.836844, 0.542256, 0.0751719], 
 75: [0.988991, 0.145413, 0.0274096], 
 76: [0.968381, 0.247266, 0.0331197], 
 77: [0.961634, 0.27377, 0.0176197], 
 78: [0.891922, 0.448355, 0.0587658], 
 79: [0.654815, 0.748171, 0.107039], 
 80: [-0.147645, 0.454117, 0.878623], 
 81: [-0.307146, 0.890456, 0.335783], 
 82: [0.00021724, 0.478259, 0.878219], 
 83: [0.0105807, 0.940171, 0.340539], 
 84: [-0.000155025, 0.880159, 0.474679], 
 85: [-0.273429, 0.837173, 0.473686], 
 86: [-0.705256, 0.653877, 0.273968], 
 87: [-0.385073, 0.279904, 0.879416], 
 88: [-0.817416, 0.54192, 0.19533], 
 89: [-0.279813, 0.386304, 0.878905], 
 90: [-0.577279, 0.754646, 0.311863], 
 91: [-0.522126, 0.715924, 0.463505], 
 92: [-0.725661, 0.51787, 0.45302], 
 93: [-0.451683, 0.147235, 0.879946], 
 94: [-0.93801, 0.302352, 0.169473], 
 95: [-0.850531, 0.276558, 0.44734], 
 96: [-0.852224, 0.5148, 0.093245], 
 97: [-0.961487, 0.264397, 0.0750821], 
 98: [-0.983455, 0.170544, 0.0610737], 
 99: [-3.1169e-006, -4.87557e-006, 1], 
 100: [0.997839, -0.05535, 0.0353952], 
 101: [0.474505, 0.000513015, 0.880253], 
 102: [-0.477516, 0.000517936, 0.878623], 
 103: [-0.994689, -0.102703, -0.00676492], 
 104: [0.656221, -0.754519, -0.00864555], 
 105: [-0.911258, -0.411834, -0.00129936], 
 106: [0.14632, -0.44996, 0.88098], 
 107: [0.314844, -0.94906, -0.0125636], 
 108: [0.986038, -0.00134921, 0.166513], 
 109: [0.306141, -0.939612, 0.152991], 
 110: [0.383277, -0.277809, 0.880864], 
 111: [0.800108, -0.580007, 0.153034], 
 112: [0.450353, -0.146436, 0.88076], 
 113: [0.938394, -0.308499, 0.155711], 
 114: [0.893898, -0.000136681, 0.44827], 
 115: [0.84974, -0.276906, 0.448625], 
 116: [0.72331, -0.524459, 0.449183], 
 117: [0.277901, -0.382974, 0.880966], 
 118: [0.580272, -0.799916, 0.153034], 
 119: [0.524562, -0.723133, 0.449348], 
 120: [0.276792, -0.849466, 0.449214], 
 121: [0.808307, -0.588466, 0.0186378], 
 122: [0.98721, -0.159276, -0.00685149], 
 123: [0.809596, -0.586871, 0.0117087], 
 124: [0.951327, -0.306671, -0.0304825], 
 125: [0.999409, -0.0297061, 0.0172858], 
 126: [0.309776, -0.950738, 0.0117027], 
 127: [0.58704, -0.809553, 0.00283831], 
 128: [-0.14688, -0.450682, 0.880518], 
 129: [-0.254054, -0.96719, -0.000286542], 
 130: [-0.306141, -0.939613, 0.152991], 
 131: [-0.000215794, -0.473798, 0.880634], 
 132: [2.79858e-007, -0.988215, 0.15307], 
 133: [0.000146067, -0.893461, 0.449141], 
 134: [-0.276628, -0.849991, 0.448321], 
 135: [-0.309775, -0.950738, 0.0117028], 
 136: [8.18323e-008, -0.999999, 0.00144185], 
 137: [-0.987733, -0.00291547, 0.156127], 
 138: [-0.385393, -0.279032, 0.879553], 
 139: [-0.800108, -0.580007, 0.153034], 
 140: [-0.279248, -0.384088, 0.880055], 
 141: [-0.580272, -0.799916, 0.153034], 
 142: [-0.524897, -0.723911, 0.447701], 
 143: [-0.724102, -0.525246, 0.446982], 
 144: [-0.453113, -0.147195, 0.879217], 
 145: [-0.939673, -0.305955, 0.152992], 
 146: [-0.850948, -0.277394, 0.446026], 
 147: [-0.895263, -0.000138831, 0.445537], 
 148: [-0.80221, -0.597042, -4.23372e-005], 
 149: [-0.808702, -0.588061, 0.0135997], 
 150: [-0.587138, -0.809402, 0.0117094], 
 151: [-0.999662, -0.0233723, 0.0113753], 
 152: [-0.95148, -0.307477, 0.0119436], 
 153: [0.295552, -0.955327, 0.000287005], 
 154: [-0.280265, -0.959922, 0.000343769], 
 155: [-0.0135066, -0.999627, 0.0237542], 
 156: [-0.774603, -0.631558, 0.0335493], 
 157: [-0.529244, -0.84847, 0.000258277], 
 158: [-0.586103, -0.810233, 0.00251674], 
 159: [-0.572989, -0.819563, 0.000138393], 
 160: [-0.714427, -0.698913, 0.033394], 
 161: [-0.14832, 0.454884, 0.878113], 
 162: [-0.325019, 0.889552, 0.321031], 
 163: [-0.485821, 0.829084, 0.276763], 
 164: [-0.387198, 0.281137, 0.878089], 
 165: [-0.79921, 0.576169, 0.171152], 
 166: [-0.45445, 0.148, 0.878391], 
 167: [-0.938101, 0.303061, 0.167692], 
 168: [-0.851744, 0.277043, 0.444724], 
 169: [-0.72534, 0.525751, 0.444374], 
 170: [-0.281136, 0.387536, 0.87794], 
 171: [-0.617494, 0.760005, 0.202717], 
 172: [-0.529071, 0.71889, 0.450867], 
 173: [-0.277583, 0.841346, 0.463772], 
 174: [-0.836844, 0.542256, 0.0751716], 
 175: [-0.988991, 0.145413, 0.0274098], 
 176: [-0.968381, 0.247266, 0.0331199], 
 177: [-0.961634, 0.27377, 0.0176197], 
 178: [-0.891922, 0.448355, 0.0587652], 
 179: [-0.654817, 0.748169, 0.10704], 
 180: [0.147645, 0.454116, 0.878624], 
 181: [0.307146, 0.890456, 0.335782], 
 182: [-0.0002161, 0.478258, 0.878219], 
 183: [-0.0105806, 0.940171, 0.340538], 
 184: [0.000155466, 0.88016, 0.474678], 
 185: [0.273428, 0.837173, 0.473686], 
 186: [0.705257, 0.653877, 0.273968], 
 187: [0.385072, 0.279904, 0.879416], 
 188: [0.817416, 0.541919, 0.19533], 
 189: [0.279813, 0.386305, 0.878905], 
 190: [0.577279, 0.754647, 0.311861], 
 191: [0.522126, 0.715924, 0.463505], 
 192: [0.725661, 0.517869, 0.453021], 
 193: [0.451683, 0.147235, 0.879946], 
 194: [0.93801, 0.302352, 0.169473], 
 195: [0.850531, 0.276558, 0.44734], 
 196: [0.852225, 0.514799, 0.0932444], 
 197: [0.961487, 0.264396, 0.075082], 
 198: [0.983456, 0.170543, 0.0610741], 
 199: [3.30184e-006, -4.87535e-006, 1]]
Texture Coordinates
[0: [0.257097, 0.333333],
1: [0.000391452, 0.6988],
2: [0.120391, 0.5988],
3: [0.326628, 0.5],
4: [0.417729, 0.103319],
5: [0.417729, 0.441799],
6: [0.0418612, 0.361756],
7: [0.417729, 0.199981],
8: [0.126868, 0.571429],
9: [0.126868, 0.199981],
10: [0.0118627, 0.32352],
11: [0.126868, 0.0999676],
12: [0.00335614, 0.310266],
13: [0.126868, 0.0499838],
14: [0.0634341, 0.5],
15: [0.0634341, 0.0499838],
16: [0.0634341, 0.0999676],
17: [0.0209353, 0.308548],
18: [0.126868, 0.149974],
19: [0.0634341, 0.149974],
20: [0.0634341, 0.199981],
21: [0.412606, 0.0999676],
22: [0.272162, 0.0102631],
23: [0.272162, 0.0999676],
24: [0.272162, 0.0499838],
25: [0.199515, 0.5],
26: [0.272162, 0.199981],
27: [0.272162, 0.149974],
28: [0.0789217, 0.421778],
29: [0.417729, 0.300019],
30: [0.126868, 0.300019],
31: [0.0603914, 0.3888],
32: [0.126868, 0.25],
33: [0.0634341, 0.25],
34: [0.0634341, 0.300019],
35: [0.272162, 0.300019],
36: [0.272162, 0.25],
37: [0.126868, 0.5],
38: [0.10892, 0.503559],
39: [0.126868, 0.400032],
40: [0.0956605, 0.460293],
41: [0.126868, 0.350026],
42: [0.0634341, 0.350026],
43: [0.0634341, 0.400032],
44: [0.117427, 0.550286],
45: [0.126868, 0.450016],
46: [0.0634341, 0.450016],
47: [0.0634341, 0.5],
48: [0.417729, 0.400032],
49: [0.272162, 0.400032],
50: [0.272162, 0.350026],
51: [0.272162, 0.5],
52: [0.272162, 0.450016],
53: [0.536322, 0.199981],
54: [0.562077, 0.300019],
55: [0.563297, 0.247078],
56: [0.476845, 0.400032],
57: [0.531616, 0.350026],
58: [0.417729, 0.350026],
59: [0.490513, 0.350026],
60: [0.490513, 0.38917],
61: [0.0789217, 0.775822],
62: [0.11109, 0.699981],
63: [0.126868, 0.666912],
64: [0.10892, 0.694041],
65: [0.126868, 0.599968],
66: [0.117427, 0.647314],
67: [0.126868, 0.549984],
68: [0.0634341, 0.549984],
69: [0.0634341, 0.599968],
70: [0.0956605, 0.737307],
71: [0.126868, 0.649974],
72: [0.0634341, 0.649974],
73: [0.0634341, 0.699981],
74: [0.185101, 0.599968],
75: [0.272162, 0.535207],
76: [0.250412, 0.549984],
77: [0.199515, 0.549984],
78: [0.199515, 0.587867],
79: [0.138052, 0.649974],
80: [0.0418612, 0.835844],
81: [0.101203, 0.800019],
82: [0.0754893, 0.8235],
83: [0.099996, 0.75],
84: [0.0634341, 0.75],
85: [0.0634341, 0.800019],
86: [0.126868, 0.87579],
87: [0.0118627, 0.87408],
88: [0.126868, 0.900032],
89: [0.0251224, 0.857338],
90: [0.114404, 0.850026],
91: [0.0634341, 0.850026],
92: [0.0634341, 0.900032],
93: [0.00335613, 0.887334],
94: [0.126868, 0.950016],
95: [0.0634341, 0.950016],
96: [0.143107, 0.900032],
97: [0.191492, 0.950016],
98: [0.199515, 0.956798],
99: [0.151315, 0.747528],
100: [0.257097, 0.333333],
101: [0.000391452, 0.6988],
102: [0.120391, 0.5988],
103: [0.326628, 0.5],
104: [0.417729, 0.103319],
105: [0.417729, 0.441799],
106: [0.0523265, 0.402199],
107: [0.417729, 0.199981],
108: [0.126868, 0.571429],
109: [0.126868, 0.199981],
110: [0.0118627, 0.32352],
111: [0.126868, 0.0999676],
112: [0.00335614, 0.310266],
113: [0.126868, 0.0499838],
114: [0.0634341, 0.5],
115: [0.0634341, 0.0499838],
116: [0.0634341, 0.0999676],
117: [0.0209353, 0.308548],
118: [0.126868, 0.149974],
119: [0.0634341, 0.149974],
120: [0.0634341, 0.199981],
121: [0.412606, 0.0999676],
122: [0.272162, 0.0102631],
123: [0.272162, 0.0999676],
124: [0.272162, 0.0499838],
125: [0.199515, 0.5],
126: [0.272162, 0.199981],
127: [0.272162, 0.149974],
128: [0.0789217, 0.421778],
129: [0.417729, 0.300019],
130: [0.126868, 0.300019],
131: [0.0503262, 0.365667],
132: [0.126868, 0.25],
133: [0.0634341, 0.25],
134: [0.0634341, 0.300019],
135: [0.272162, 0.300019],
136: [0.272162, 0.25],
137: [0.126868, 0.5],
138: [0.10892, 0.503559],
139: [0.126868, 0.400032],
140: [0.0956605, 0.460293],
141: [0.126868, 0.350026],
142: [0.0634341, 0.350026],
143: [0.0634341, 0.400032],
144: [0.117427, 0.550286],
145: [0.126868, 0.450016],
146: [0.0634341, 0.450016],
147: [0.0634341, 0.5],
148: [0.417729, 0.400032],
149: [0.272162, 0.400032],
150: [0.272162, 0.350026],
151: [0.272162, 0.5],
152: [0.272162, 0.450016],
153: [0.536322, 0.199981],
154: [0.562077, 0.300019],
155: [0.563297, 0.247078],
156: [0.476845, 0.400032],
157: [0.531616, 0.350026],
158: [0.417729, 0.350026],
159: [0.490513, 0.350026],
160: [0.490513, 0.38917],
161: [0.0789217, 0.775822],
162: [0.11109, 0.699981],
163: [0.126868, 0.666912],
164: [0.10892, 0.694041],
165: [0.126868, 0.599968],
166: [0.117427, 0.647314],
167: [0.126868, 0.549984],
168: [0.0634341, 0.549984],
169: [0.0634341, 0.599968],
170: [0.0956605, 0.737307],
171: [0.126868, 0.649974],
172: [0.0634341, 0.649974],
173: [0.0634341, 0.699981],
174: [0.185101, 0.599968],
175: [0.272162, 0.535207],
176: [0.250412, 0.549984],
177: [0.199515, 0.549984],
178: [0.199515, 0.587867],
179: [0.138052, 0.649974],
180: [0.0418612, 0.835844],
181: [0.101203, 0.800019],
182: [0.0754893, 0.8235],
183: [0.099996, 0.75],
184: [0.0634341, 0.75],
185: [0.0634341, 0.800019],
186: [0.126868, 0.87579],
187: [0.0118627, 0.87408],
188: [0.126868, 0.900032],
189: [0.0251224, 0.857338],
190: [0.114404, 0.850026],
191: [0.0634341, 0.850026],
192: [0.0634341, 0.900032],
193: [0.00335613, 0.887334],
194: [0.126868, 0.950016],
195: [0.0634341, 0.950016],
196: [0.143107, 0.900032],
197: [0.191492, 0.950016],
198: [0.199515, 0.956798],
199: [0.151315, 0.747528]]
