Name: tower
Transform: [0, 0, 0]
Rotation: [0, 0, 0, 1]
Scale: [1, 1, 1]
LOD: 0
Animation data
[]
[]
[]
SubObjects: [ ]
Shading Data:
Diffuse_Color: [1, 1, 1, 1]
Ambient: [0, 0, 0, 0]
Emmision_Color: [0, 0, 0, 0]
Specular_Color: [1, 1, 1, 1]
Shininess: 70
Texture: tower
Number of Vertices: 92
[0: [0.899147, 1.86784, -3.24408, 1], 
 1: [0.899147, 1.86784, -2.90922, 1], 
 2: [-0.97858, 1.86784, -2.90922, 1], 
 3: [-0.97858, 1.86784, -3.24408, 1], 
 4: [-0.978581, 5.45792e-008, -3.64406, 1], 
 5: [-0.97858, 1.86784, -3.24408, 1], 
 6: [-0.97858, 1.86784, -2.90922, 1], 
 7: [-0.97858, 4.88672e-008, -2.90922, 1], 
 8: [-0.97858, 5.96046e-008, -2.90922, 1], 
 9: [-0.97858, 1.86784, -2.90922, 1], 
 10: [0.899147, 1.86784, -2.90922, 1], 
 11: [0.899147, 5.96046e-008, -2.90922, 1], 
 12: [0.899147, 1.12354e-008, -2.90922, 1], 
 13: [0.899147, 1.86784, -2.90922, 1], 
 14: [0.899147, 1.86784, -3.24408, 1], 
 15: [0.899147, 1.38128e-008, -3.64406, 1], 
 16: [-3.64406, 2.77119e-007, -3.64406, 1], 
 17: [-3.64406, 2.77119e-007, 3.64406, 1], 
 18: [-1.72088, 8.98103, 1.72088, 1], 
 19: [-1.72088, 8.98103, -1.72088, 1], 
 20: [3.64406, 1.21002e-007, 3.64406, 1], 
 21: [3.64406, 1.21002e-007, -3.64406, 1], 
 22: [1.72088, 8.98103, -1.72088, 1], 
 23: [1.72088, 8.98103, 1.72088, 1], 
 24: [-0.97858, 1.86784, -3.24408, 1], 
 25: [-0.97858, -8.12415e-008, -3.64406, 1], 
 26: [-3.64406, -8.12415e-008, -3.64406, 1], 
 27: [-1.72088, 8.98104, -1.72088, 1], 
 28: [1.72088, 8.98104, -1.72088, 1], 
 29: [3.64406, -8.12415e-008, -3.64406, 1], 
 30: [0.899147, -8.12415e-008, -3.64406, 1], 
 31: [0.899147, 1.86784, -3.24408, 1], 
 32: [-3.64406, -9.27495e-008, 3.64406, 1], 
 33: [3.64406, -9.27495e-008, 3.64406, 1], 
 34: [1.72088, 8.98103, 1.72088, 1], 
 35: [-1.72088, 8.98103, 1.72088, 1], 
 36: [-2.36698, 8.95388, 2.36698, 1], 
 37: [2.36698, 8.95388, 2.36698, 1], 
 38: [2.36698, 10.4119, 2.36698, 1], 
 39: [-2.36698, 10.4119, 2.36698, 1], 
 40: [-1.85413, 9.32415, 1.85413, 1], 
 41: [1.85413, 9.32415, 1.85413, 1], 
 42: [1.85413, 9.32415, -1.85413, 1], 
 43: [-1.85413, 9.32415, -1.85413, 1], 
 44: [-2.36698, 10.4119, -2.36698, 1], 
 45: [2.36698, 10.4119, -2.36698, 1], 
 46: [2.36698, 8.95388, -2.36698, 1], 
 47: [-2.36698, 8.95388, -2.36698, 1], 
 48: [-2.36698, 8.95388, -2.36698, 1], 
 49: [2.36698, 8.95388, -2.36698, 1], 
 50: [2.36698, 8.95388, 2.36698, 1], 
 51: [-2.36698, 8.95388, 2.36698, 1], 
 52: [2.36698, 8.95388, 2.36698, 1], 
 53: [2.36698, 8.95388, -2.36698, 1], 
 54: [2.36698, 10.4119, -2.36698, 1], 
 55: [2.36698, 10.4119, 2.36698, 1], 
 56: [-2.36698, 8.95388, -2.36698, 1], 
 57: [-2.36698, 8.95388, 2.36698, 1], 
 58: [-2.36698, 10.4119, 2.36698, 1], 
 59: [-2.36698, 10.4119, -2.36698, 1], 
 60: [-2.36698, 10.4119, 2.36698, 1], 
 61: [2.36698, 10.4119, 2.36698, 1], 
 62: [1.85413, 10.4119, 1.85413, 1], 
 63: [-1.85413, 10.4119, 1.85413, 1], 
 64: [2.36698, 10.4119, 2.36698, 1], 
 65: [2.36698, 10.4119, -2.36698, 1], 
 66: [1.85413, 10.4119, -1.85413, 1], 
 67: [1.85413, 10.4119, 1.85413, 1], 
 68: [2.36698, 10.4119, -2.36698, 1], 
 69: [-2.36698, 10.4119, -2.36698, 1], 
 70: [-1.85413, 10.4119, -1.85413, 1], 
 71: [1.85413, 10.4119, -1.85413, 1], 
 72: [-2.36698, 10.4119, -2.36698, 1], 
 73: [-2.36698, 10.4119, 2.36698, 1], 
 74: [-1.85413, 10.4119, 1.85413, 1], 
 75: [-1.85413, 10.4119, -1.85413, 1], 
 76: [-1.85413, 10.4119, 1.85413, 1], 
 77: [1.85413, 10.4119, 1.85413, 1], 
 78: [1.85413, 9.32415, 1.85413, 1], 
 79: [-1.85413, 9.32415, 1.85413, 1], 
 80: [1.85413, 10.4119, 1.85413, 1], 
 81: [1.85413, 10.4119, -1.85413, 1], 
 82: [1.85413, 9.32415, -1.85413, 1], 
 83: [1.85413, 9.32415, 1.85413, 1], 
 84: [1.85413, 10.4119, -1.85413, 1], 
 85: [-1.85413, 10.4119, -1.85413, 1], 
 86: [-1.85413, 9.32415, -1.85413, 1], 
 87: [1.85413, 9.32415, -1.85413, 1], 
 88: [-1.85413, 10.4119, -1.85413, 1], 
 89: [-1.85413, 10.4119, 1.85413, 1], 
 90: [-1.85413, 9.32415, 1.85413, 1], 
 91: [-1.85413, 9.32415, -1.85413, 1]]
Number of polygons: 48
Polygon Connection List
[0: [0, 1, 3], 
1: [1, 2, 3], 
2: [4, 5, 7], 
3: [5, 6, 7], 
4: [8, 9, 11], 
5: [9, 10, 11], 
6: [15, 12, 14], 
7: [12, 13, 14], 
8: [16, 17, 19], 
9: [17, 18, 19], 
10: [20, 21, 23], 
11: [21, 22, 23], 
12: [26, 27, 25], 
13: [25, 27, 24], 
14: [29, 30, 28], 
15: [30, 31, 28], 
16: [27, 28, 24], 
17: [24, 28, 31], 
18: [32, 33, 35], 
19: [33, 34, 35], 
20: [36, 37, 39], 
21: [37, 38, 39], 
22: [40, 41, 43], 
23: [41, 42, 43], 
24: [44, 45, 47], 
25: [45, 46, 47], 
26: [48, 49, 51], 
27: [49, 50, 51], 
28: [52, 53, 55], 
29: [53, 54, 55], 
30: [56, 57, 59], 
31: [57, 58, 59], 
32: [60, 61, 63], 
33: [61, 62, 63], 
34: [64, 65, 67], 
35: [65, 66, 67], 
36: [68, 69, 71], 
37: [69, 70, 71], 
38: [72, 73, 75], 
39: [73, 74, 75], 
40: [76, 77, 79], 
41: [77, 78, 79], 
42: [80, 81, 83], 
43: [81, 82, 83], 
44: [84, 85, 87], 
45: [85, 86, 87], 
46: [88, 89, 91], 
47: [89, 90, 91]]
Per Vertex Normals
[0: [0, -1, 0], 
 1: [0, -1, 0], 
 2: [0, -1, 0], 
 3: [0, -1, 0], 
 4: [1, -4.07967e-008, -4.05565e-007], 
 5: [1, -8.8919e-009, -2.27599e-007], 
 6: [1, 0, -1.78e-007], 
 7: [1, -3.61896e-008, -3.79866e-007], 
 8: [0, 0, -1], 
 9: [0, 0, -1], 
 10: [0, 0, -1], 
 11: [0, 0, -1], 
 12: [-1, 6.19883e-008, 5.23772e-007], 
 13: [-1, 0, 1.78e-007], 
 14: [-1, 1.52307e-008, 2.62957e-007], 
 15: [-1, 6.98799e-008, 5.67791e-007], 
 16: [-0.977832, 0.209391, 0], 
 17: [-0.977832, 0.209391, 0], 
 18: [-0.977832, 0.209391, 0], 
 19: [-0.977832, 0.209391, 0], 
 20: [0.977832, 0.209391, 0], 
 21: [0.977832, 0.209391, 0], 
 22: [0.977832, 0.209391, 0], 
 23: [0.977832, 0.209391, 0], 
 24: [6.58081e-007, 0.209391, -0.977832], 
 25: [5.49226e-008, 0.209391, -0.977832], 
 26: [0, 0.209391, -0.977832], 
 27: [1.26678e-008, 0.209391, -0.977832], 
 28: [-1.17611e-008, 0.209391, -0.977832], 
 29: [0, 0.209391, -0.977832], 
 30: [2.25958e-008, 0.209391, -0.977832], 
 31: [2.11339e-007, 0.209391, -0.977832], 
 32: [0, 0.209391, 0.977832], 
 33: [0, 0.209391, 0.977832], 
 34: [0, 0.209391, 0.977832], 
 35: [0, 0.209391, 0.977832], 
 36: [0, 0, 1], 
 37: [0, 0, 1], 
 38: [0, 0, 1], 
 39: [0, 0, 1], 
 40: [0, 1, 0], 
 41: [0, 1, 0], 
 42: [0, 1, 0], 
 43: [0, 1, 0], 
 44: [0, 0, -1], 
 45: [0, 0, -1], 
 46: [0, 0, -1], 
 47: [0, 0, -1], 
 48: [0, -1, 0], 
 49: [0, -1, 0], 
 50: [0, -1, 0], 
 51: [0, -1, 0], 
 52: [1, 0, 0], 
 53: [1, 0, 0], 
 54: [1, 0, 0], 
 55: [1, 0, 0], 
 56: [-1, 0, 0], 
 57: [-1, 0, 0], 
 58: [-1, 0, 0], 
 59: [-1, 0, 0], 
 60: [0, 1, 0], 
 61: [0, 1, 0], 
 62: [0, 1, 0], 
 63: [0, 1, 0], 
 64: [0, 1, 0], 
 65: [0, 1, 0], 
 66: [0, 1, 0], 
 67: [0, 1, 0], 
 68: [0, 1, 0], 
 69: [0, 1, 0], 
 70: [0, 1, 0], 
 71: [0, 1, 0], 
 72: [0, 1, 0], 
 73: [0, 1, 0], 
 74: [0, 1, 0], 
 75: [0, 1, 0], 
 76: [0, 0, -1], 
 77: [0, 0, -1], 
 78: [0, 0, -1], 
 79: [0, 0, -1], 
 80: [-1, 0, 0], 
 81: [-1, 0, 0], 
 82: [-1, 0, 0], 
 83: [-1, 0, 0], 
 84: [0, 0, 1], 
 85: [0, 0, 1], 
 86: [0, 0, 1], 
 87: [0, 0, 1], 
 88: [1, 0, 0], 
 89: [1, 0, 0], 
 90: [1, 0, 0], 
 91: [1, 0, 0]]
Texture Coordinates
[0: [0.206459, 0.813708],
1: [0.206459, 0.830451],
2: [0.112573, 0.830451],
3: [0.112573, 0.813708],
4: [0.248437, 0.7079],
5: [0.228439, 0.801292],
6: [0.211696, 0.801292],
7: [0.211696, 0.7079],
8: [0.151071, 0.0397028],
9: [0.151071, 0.133095],
10: [0.244957, 0.133095],
11: [0.244957, 0.0397028],
12: [0.211696, 0.7079],
13: [0.211696, 0.801292],
14: [0.228439, 0.801292],
15: [0.248437, 0.7079],
16: [0.982203, 0.0397029],
17: [0.617797, 0.0397029],
18: [0.713956, 0.488755],
19: [0.886044, 0.488755],
20: [0.617797, 0.0397028],
21: [0.982203, 0.0397028],
22: [0.886044, 0.488755],
23: [0.713956, 0.488755],
24: [0.151071, 0.133095],
25: [0.151071, 0.0397028],
26: [0.017797, 0.0397028],
27: [0.113956, 0.488755],
28: [0.286044, 0.488755],
29: [0.382203, 0.0397028],
30: [0.244957, 0.0397028],
31: [0.244957, 0.133095],
32: [0.617797, 0.0397028],
33: [0.982203, 0.0397028],
34: [0.886044, 0.488755],
35: [0.713956, 0.488755],
36: [0.681651, 0.487397],
37: [0.918349, 0.487397],
38: [0.918349, 0.560297],
39: [0.681651, 0.560297],
40: [0.707293, 0.928767],
41: [0.892707, 0.928767],
42: [0.892707, 0.743354],
43: [0.707293, 0.743354],
44: [0.0816512, 0.560297],
45: [0.318349, 0.560297],
46: [0.318349, 0.487397],
47: [0.0816512, 0.487397],
48: [0, 3],
49: [-0.475, 3],
50: [-0.475, 4],
51: [0, 4],
52: [0.681651, 0.487397],
53: [0.918349, 0.487397],
54: [0.918349, 0.560297],
55: [0.681651, 0.560297],
56: [0.918349, 0.487397],
57: [0.681651, 0.487397],
58: [0.681651, 0.560297],
59: [0.918349, 0.560297],
60: [0.681651, 0.95441],
61: [0.918349, 0.95441],
62: [0.892707, 0.928767],
63: [0.707293, 0.928767],
64: [0.918349, 0.95441],
65: [0.918349, 0.717712],
66: [0.892707, 0.743354],
67: [0.892707, 0.928767],
68: [0.918349, 0.717712],
69: [0.681651, 0.717712],
70: [0.707293, 0.743354],
71: [0.892707, 0.743354],
72: [0.681651, 0.717712],
73: [0.681651, 0.95441],
74: [0.707293, 0.928767],
75: [0.707293, 0.743354],
76: [0.151195, 0.953073],
77: [0.163695, 0.953073],
78: [0.163695, 0.898686],
79: [0.151195, 0.898686],
80: [0.163695, 0.953073],
81: [0.176195, 0.953073],
82: [0.176195, 0.898686],
83: [0.163695, 0.898686],
84: [0.176195, 0.953073],
85: [0.212445, 0.953073],
86: [0.212445, 0.898686],
87: [0.176195, 0.898686],
88: [0.138695, 0.953073],
89: [0.151195, 0.953073],
90: [0.151195, 0.898686],
91: [0.138695, 0.898686]]
