Name: tree
Transform: [0, 0, 0]
Rotation: [0, 0, 0, 1]
Scale: [5, 5, 5]
LOD: 0
Animation data
[]
[]
[]
SubObjects: []
Shading Data:
Diffuse_Color: [1, 1, 1, 1]
Ambient: [0, 0, 0, 0]
Emmision_Color: [0, 0, 0, 0]
Specular_Color: [.5, .5, .5, 1]
Shininess: 20
Texture: tree_stem
Number of Vertices: 333
[0: [-0.560253, -0.0859869, 0.54374, 1], 
 1: [0.556593, -0.0859869, 0.54374, 1], 
 2: [-0.304342, 2.22206, 0.406667, 1], 
 3: [0.500982, 2.11172, 0.361588, 1], 
 4: [-0.322995, 2.25285, -0.424279, 1], 
 5: [0.50006, 2.19527, -0.400765, 1], 
 6: [-0.560253, -0.0859869, -0.57311, 1], 
 7: [0.556593, -0.0859869, -0.57311, 1], 
 8: [1.17046, 4.11785, 0.321654, 1], 
 9: [1.4756, 3.72027, 0.31125, 1], 
 10: [1.45682, 3.7093, -0.232388, 1], 
 11: [1.1704, 4.13249, -0.238648, 1], 
 12: [-0.664172, 2.76073, 0.303652, 1], 
 13: [-0.494223, 2.66037, -0.401755, 1], 
 14: [-0.0965503, 3.34454, 0.233094, 1], 
 15: [0.0255218, 3.26893, -0.261348, 1], 
 16: [-1.7667, 3.84989, -0.385181, 1], 
 17: [-1.61103, 3.6674, -0.934386, 1], 
 18: [-1.46484, 4.27112, -0.418615, 1], 
 19: [-1.37163, 4.13119, -0.820137, 1], 
 20: [2.24401, 4.69303, 0.296961, 1], 
 21: [2.44289, 4.28917, 0.296961, 1], 
 22: [2.45243, 4.28958, -0.198987, 1], 
 23: [1.92424, 4.15544, 0.607795, 1], 
 24: [2.11068, 4.38991, 0.607795, 1], 
 25: [2.56277, 4.27215, 1.38791, 1], 
 26: [2.58997, 4.21969, 1.38791, 1], 
 27: [2.67727, 4.32566, 1.38791, 1], 
 28: [2.71161, 4.55642, -0.111547, 1], 
 29: [2.61966, 4.74321, -0.111547, 1], 
 30: [1.7615, 4.01314, -0.349134, 1], 
 31: [2.17633, 4.22496, -0.349146, 1], 
 32: [1.95745, 3.85688, -0.807871, 1], 
 33: [0.0103611, 4.62865, -0.15024, 1], 
 34: [-0.0640651, 4.6487, -0.617776, 1], 
 35: [-0.144444, 4.74704, -0.371555, 1], 
 36: [0.215649, 4.96242, -0.181033, 1], 
 37: [0.319267, 4.88877, -0.457356, 1], 
 38: [0.149727, 4.97627, -0.648003, 1], 
 39: [0.0700194, 5.07397, -0.40172, 1], 
 40: [-0.27386, 5.41967, 0.115853, 1], 
 41: [-0.368315, 5.49532, -0.0324416, 1], 
 42: [0.407664, 5.59165, -0.346116, 1], 
 43: [0.420398, 5.57868, -0.462194, 1], 
 44: [0.307348, 5.6614, -0.487048, 1], 
 45: [-2.33795, 4.39787, -0.819457, 1], 
 46: [-2.26236, 4.28045, -1.16427, 1], 
 47: [-2.12213, 4.62826, -0.807544, 1], 
 48: [-2.06703, 4.5422, -1.0605, 1], 
 49: [-3.1209, 4.74792, -1.04044, 1], 
 50: [-3.01923, 4.63481, -1.39099, 1], 
 51: [-3.35818, 4.94235, -1.17081, 1], 
 52: [-3.25834, 4.83209, -1.51327, 1], 
 53: [-3.13731, 5.02356, -1.42706, 1], 
 54: [-3.01508, 4.41746, -1.65133, 1], 
 55: [-3.02958, 4.62673, -1.63473, 1], 
 56: [-3.48426, 4.70683, -0.62071, 1], 
 57: [-3.38934, 4.81026, -0.631866, 1], 
 58: [-1.5592, 4.97507, -1.05339, 1], 
 59: [-1.42917, 5.09888, -1.0861, 1], 
 60: [-1.4679, 5.16138, -0.91537, 1], 
 61: [-1.80105, 5.39451, -1.15345, 1], 
 62: [-1.72304, 5.4493, -1.16389, 1], 
 63: [-1.22495, 4.75324, -1.36787, 1], 
 64: [-1.36403, 4.83358, -1.42392, 1], 
 65: [0.459977, 3.15089, -1.31192, 1], 
 66: [0.794017, 3.34685, -1.27621, 1], 
 67: [-0.73184, 3.48322, 0.198095, 1], 
 68: [-1.15642, 3.85834, -0.0292881, 1], 
 69: [-1.28365, 3.70329, -0.0115984, 1], 
 70: [-1.1489, 4.05106, 0.879421, 1], 
 71: [-1.24869, 4.35798, 0.735757, 1], 
 72: [-1.29741, 4.27497, 0.742426, 1], 
 73: [-0.00182974, -0.0862037, 0.739185, 1], 
 74: [0.375, 0.886596, 0.375, 1], 
 75: [0.145873, 2.13274, 0.481375, 1], 
 76: [-0.375, 0.886596, 0.375, 1], 
 77: [3.59249, 5.10605, 0.0447851, 1], 
 78: [3.46207, 5.04185, 0.190808, 1], 
 79: [3.46207, 5.04185, -0.101238, 1], 
 80: [3.42389, 5.1194, 0.0447851, 1], 
 81: [0.0246365, 1.97358, -0.493025, 1], 
 82: [0.375, 0.886596, -0.375, 1], 
 83: [-0.00182974, -0.0862037, -0.768557, 1], 
 84: [-0.375, 0.886596, -0.375, 1], 
 85: [0.752041, -0.0862037, -0.0146857, 1], 
 86: [-0.755701, -0.0862037, -0.0146857, 1], 
 87: [0.612842, 2.095, 0.00495256, 1], 
 88: [-0.503372, 1.95282, 0.0100141, 1], 
 89: [0.389394, 3.2343, 0.414751, 1], 
 90: [0.951367, 2.94702, 0.0198102, 1], 
 91: [1.48574, 3.60743, 0.0385418, 1], 
 92: [0.661826, 3.72297, -2.16488, 1], 
 93: [0.572495, 3.58367, -2.0717, 1], 
 94: [0.627281, 3.67591, -2.05767, 1], 
 95: [0.77976, 3.74506, -2.0441, 1], 
 96: [-3.57476, 5.48851, -1.74564, 1], 
 97: [-3.58268, 5.35459, -1.70359, 1], 
 98: [-3.54571, 5.4667, -1.58688, 1], 
 99: [-3.46564, 5.51153, -1.66779, 1], 
 100: [-3.50261, 5.39942, -1.78449, 1], 
 101: [-0.513487, 2.37831, 0.0400562, 1], 
 102: [-0.353017, 2.63549, 0.350269, 1], 
 103: [-0.674781, 2.61001, -0.079951, 1], 
 104: [0.52892, 3.63626, 0.274348, 1], 
 105: [-0.225518, 3.05183, 0.369714, 1], 
 106: [1.21411, 4.19951, 0.0449358, 1], 
 107: [0.156198, 3.36364, 0.0199233, 1], 
 108: [0.34932, 3.27096, -0.333996, 1], 
 109: [-1.23642, 3.23595, -0.0577254, 1], 
 110: [-1.71421, 3.68392, -0.682939, 1], 
 111: [-1.02339, 3.11176, -0.653957, 1], 
 112: [-1.47103, 5.48884, 1.76245, 1], 
 113: [-1.36951, 5.2246, 1.69036, 1], 
 114: [-1.50554, 5.42165, 1.58185, 1], 
 115: [-1.46315, 5.28138, 1.64694, 1], 
 116: [0.412939, 5.82598, -0.485282, 1], 
 117: [0.389357, 5.6981, -0.554694, 1], 
 118: [0.313049, 5.75393, -0.571471, 1], 
 119: [-1.45289, 3.83262, -0.933117, 1], 
 120: [-0.67858, 3.57466, -0.566153, 1], 
 121: [2.84338, 4.27268, 1.64641, 1], 
 122: [2.6481, 4.23656, 1.501, 1], 
 123: [2.74375, 4.23727, 1.501, 1], 
 124: [2.80268, 4.3088, 1.501, 1], 
 125: [2.44394, 4.23315, 0.0447857, 1], 
 126: [2.02161, 4.02444, 0.277283, 1], 
 127: [2.06624, 3.85781, -0.971038, 1], 
 128: [1.93169, 3.85311, -0.877619, 1], 
 129: [2.15577, 3.97423, -0.877666, 1], 
 130: [2.07006, 3.8558, -0.873259, 1], 
 131: [1.77734, 4.52092, 0.277283, 1], 
 132: [2.20022, 4.72826, 0.0447857, 1], 
 133: [1.77522, 4.52474, -0.178246, 1], 
 134: [1.51494, 4.08393, 0.392813, 1], 
 135: [1.84404, 4.18937, 0.605983, 1], 
 136: [2.22167, 4.2719, 0.400059, 1], 
 137: [2.06014, 4.18774, 0.603822, 1], 
 138: [2.284, 4.46142, 0.392813, 1], 
 139: [2.19088, 4.35598, 0.605983, 1], 
 140: [1.80218, 4.47079, 0.384167, 1], 
 141: [1.97478, 4.35761, 0.603822, 1], 
 142: [2.31249, 4.20115, 1.06479, 1], 
 143: [2.27577, 4.27197, 1.06479, 1], 
 144: [2.46707, 4.27339, 1.06479, 1], 
 145: [2.56292, 4.42418, 0.232045, 1], 
 146: [2.66344, 4.64874, 0.255568, 1], 
 147: [2.42418, 4.70604, 0.232045, 1], 
 148: [2.588, 4.36887, 0.0447857, 1], 
 149: [2.56292, 4.42418, -0.142474, 1], 
 150: [2.42779, 4.53298, -0.243147, 1], 
 151: [2.42418, 4.70604, -0.142474, 1], 
 152: [2.39565, 4.75964, 0.0447857, 1], 
 153: [3.10897, 4.7717, 0.190809, 1], 
 154: [3.03262, 4.9268, 0.190809, 1], 
 155: [3.12169, 4.74585, 0.0447854, 1], 
 156: [3.10897, 4.7717, -0.101238, 1], 
 157: [3.03262, 4.9268, -0.101238, 1], 
 158: [1.46957, 4.0601, -0.257298, 1], 
 159: [1.63659, 4.08124, -0.347329, 1], 
 160: [1.66569, 3.96804, -0.257969, 1], 
 161: [1.79369, 4.48607, -0.256733, 1], 
 162: [2.13326, 4.57732, -0.257969, 1], 
 163: [1.85019, 4.36874, -0.343345, 1], 
 164: [2.20073, 4.3684, -0.347376, 1], 
 165: [2.00525, 4.05929, -0.256733, 1], 
 166: [1.80162, 4.07367, -0.60443, 1], 
 167: [1.86997, 3.92523, -0.603913, 1], 
 168: [1.928, 4.18871, -0.581995, 1], 
 169: [2.08826, 4.22467, -0.604478, 1], 
 170: [2.15661, 4.07622, -0.603961, 1], 
 171: [-0.172668, 3.36157, -0.0520032, 1], 
 172: [-0.347928, 3.67079, -0.152368, 1], 
 173: [-0.366547, 3.50607, 0.0257952, 1], 
 174: [-0.640059, 3.67117, -0.502374, 1], 
 175: [-1.02755, 3.94447, -0.609148, 1], 
 176: [-0.577622, 3.80811, -0.434276, 1], 
 177: [-1.41687, 4.24151, -0.629912, 1], 
 178: [-1.08264, 4.026, -0.353502, 1], 
 179: [-0.842146, 4.01344, -0.466682, 1], 
 180: [-0.772113, 3.78439, -0.062069, 1], 
 181: [-0.625041, 3.86768, -0.185143, 1], 
 182: [-0.192989, 4.10925, -0.216805, 1], 
 183: [0.0674056, 4.51376, -0.254088, 1], 
 184: [-0.243023, 4.13509, -0.167198, 1], 
 185: [-0.331776, 4.15578, -0.439425, 1], 
 186: [-0.00498531, 4.53511, -0.564743, 1], 
 187: [-0.457554, 4.28526, -0.466861, 1], 
 188: [-0.432276, 4.27559, -0.365798, 1], 
 189: [-0.144558, 4.66132, -0.219184, 1], 
 190: [0.207421, 4.71937, -0.273045, 1], 
 191: [0.494803, 4.78923, -1.22027, 1], 
 192: [0.388279, 4.70639, -1.12233, 1], 
 193: [0.371205, 4.8238, -1.21321, 1], 
 194: [0.508018, 4.86562, -1.13702, 1], 
 195: [0.525092, 4.74821, -1.04614, 1], 
 196: [0.0198199, 4.83785, -0.517887, 1], 
 197: [-0.500039, 5.57129, 0.145022, 1], 
 198: [-0.484194, 5.39449, 0.0973137, 1], 
 199: [-0.360567, 5.42304, 0.190066, 1], 
 200: [-0.488082, 5.52517, -0.0101313, 1], 
 201: [0.171371, 4.7345, -0.93408, 1], 
 202: [0.325258, 4.6589, -0.767014, 1], 
 203: [0.205593, 4.82671, -0.96927, 1], 
 204: [0.29111, 4.89373, -0.948772, 1], 
 205: [0.275061, 4.99067, -0.606785, 1], 
 206: [0.444997, 4.81814, -0.781707, 1], 
 207: [0.410775, 4.72592, -0.746516, 1], 
 208: [-0.193293, 5.05187, 0.0322492, 1], 
 209: [-0.320808, 5.154, -0.167948, 1], 
 210: [-0.073554, 5.21111, 0.0175566, 1], 
 211: [0.136804, 5.11504, -0.261032, 1], 
 212: [-0.201069, 5.31323, -0.182641, 1], 
 213: [0.395311, 5.29707, -0.326351, 1], 
 214: [0.232722, 5.38492, -0.610105, 1], 
 215: [0.207709, 5.41555, -0.571193, 1], 
 216: [-2.05904, 4.16789, -0.644677, 1], 
 217: [-2.32311, 4.29453, -0.998383, 1], 
 218: [-1.96308, 4.02143, -1.07756, 1], 
 219: [-1.94382, 4.31839, -0.572477, 1], 
 220: [-1.72264, 4.14102, -0.414142, 1], 
 221: [-1.27458, 5.01092, -0.846568, 1], 
 222: [-1.30942, 5.02148, -1.04305, 1], 
 223: [-1.35611, 5.06686, -0.823711, 1], 
 224: [-1.7535, 4.33075, -0.99042, 1], 
 225: [-3.03645, 4.68436, -1.22384, 1], 
 226: [-2.62695, 4.69588, -0.928681, 1], 
 227: [-2.55323, 4.77335, -0.971178, 1], 
 228: [-3.01637, 4.80252, -0.971491, 1], 
 229: [-2.50026, 4.7683, -1.06166, 1], 
 230: [-2.15434, 4.64624, -0.959169, 1], 
 231: [-2.8737, 4.90633, -1.17377, 1], 
 232: [-2.55487, 4.58462, -1.2505, 1], 
 233: [-2.8904, 4.6774, -1.36679, 1], 
 234: [-3.31653, 4.91232, -1.37344, 1], 
 235: [-3.57544, 4.75806, -0.512442, 1], 
 236: [-3.45954, 4.8507, -0.597395, 1], 
 237: [-3.58637, 4.83502, -0.621985, 1], 
 238: [-3.58768, 4.71107, -0.582334, 1], 
 239: [-3.02496, 4.92262, -1.35288, 1], 
 240: [-3.12182, 5.00261, -1.08889, 1], 
 241: [-2.9992, 4.42813, -1.71381, 1], 
 242: [-3.06519, 4.39386, -1.71733, 1], 
 243: [-3.07497, 4.53512, -1.70612, 1], 
 244: [-2.95924, 4.56811, -1.63067, 1], 
 245: [-3.46868, 5.13132, -1.54584, 1], 
 246: [-3.41939, 5.2808, -1.39024, 1], 
 247: [-3.34, 5.05701, -1.15112, 1], 
 248: [-3.31262, 5.34058, -1.49811, 1], 
 249: [-3.36191, 5.1911, -1.65371, 1], 
 250: [-3.21768, 4.93729, -1.53183, 1], 
 251: [-2.96755, 4.56738, -1.51173, 1], 
 252: [-3.12187, 4.52338, -1.61233, 1], 
 253: [-3.16697, 4.60656, -1.63, 1], 
 254: [-2.9806, 4.75572, -1.49678, 1], 
 255: [-3.24126, 4.86505, -0.79754, 1], 
 256: [-3.3694, 4.72542, -0.782479, 1], 
 257: [-3.36678, 4.97331, -0.861781, 1], 
 258: [-3.49492, 4.83369, -0.84672, 1], 
 259: [-1.55439, 4.41566, -0.713848, 1], 
 260: [-1.72996, 4.3978, -0.941512, 1], 
 261: [-1.69307, 4.46987, -0.911276, 1], 
 262: [-1.94582, 4.57175, -0.780994, 1], 
 263: [-1.87399, 4.59491, -0.883614, 1], 
 264: [-1.79583, 4.49878, -0.640288, 1], 
 265: [-1.73714, 4.54176, -0.687014, 1], 
 266: [-1.47228, 4.60563, -0.86268, 1], 
 267: [-1.32701, 4.81792, -0.797313, 1], 
 268: [-1.50456, 4.65874, -0.69102, 1], 
 269: [-1.43444, 4.82016, -1.03367, 1], 
 270: [-1.72671, 4.76492, -0.908193, 1], 
 271: [-1.70414, 4.76605, -0.826304, 1], 
 272: [-1.64881, 5.00978, -0.967722, 1], 
 273: [-1.47592, 4.91895, -0.77189, 1], 
 274: [-1.27076, 4.93975, -0.821252, 1], 
 275: [-1.24116, 4.89162, -0.978559, 1], 
 276: [-1.31321, 4.9783, -0.75232, 1], 
 277: [-1.24807, 4.78277, -1.51884, 1], 
 278: [-1.3456, 4.86117, -1.491, 1], 
 279: [-1.22767, 4.8622, -1.46369, 1], 
 280: [-1.17351, 4.76272, -1.41724, 1], 
 281: [-1.84724, 5.54179, -1.15877, 1], 
 282: [-1.85615, 5.44504, -1.12787, 1], 
 283: [-1.81104, 5.49874, -1.07713, 1], 
 284: [-1.74927, 5.518, -1.14176, 1], 
 285: [-1.4027, 5.02304, -0.79231, 1], 
 286: [-1.73282, 5.28231, -0.997355, 1], 
 287: [-1.71353, 5.2462, -1.11241, 1], 
 288: [-1.68083, 5.32369, -0.984911, 1], 
 289: [-1.59847, 5.34937, -1.07109, 1], 
 290: [-1.51022, 5.07458, -1.13169, 1], 
 291: [-1.23749, 4.77363, -1.20832, 1], 
 292: [-1.41944, 4.94708, -1.30553, 1], 
 293: [-1.26219, 4.94844, -1.26912, 1], 
 294: [-1.18998, 4.81581, -1.20718, 1], 
 295: [0.320086, 2.72591, -0.547342, 1], 
 296: [0.517319, 2.63823, -0.447105, 1], 
 297: [0.40523, 3.22913, -0.377489, 1], 
 298: [0.487119, 3.18959, -0.478259, 1], 
 299: [1.13829, 3.78315, -0.285177, 1], 
 300: [0.92125, 3.52878, -0.434316, 1], 
 301: [0.916472, 3.05187, -0.372378, 1], 
 302: [0.392648, 2.98679, -0.843458, 1], 
 303: [0.495786, 3.10617, -1.32622, 1], 
 304: [0.581215, 2.96905, -0.862752, 1], 
 305: [0.734002, 3.38802, -0.807716, 1], 
 306: [0.575886, 3.28405, -1.28995, 1], 
 307: [0.8165, 3.29336, -0.794557, 1], 
 308: [0.80028, 3.41723, -1.27852, 1], 
 309: [0.719189, 3.2357, -1.29198, 1], 
 310: [0.495601, 3.38553, -1.74663, 1], 
 311: [0.631212, 3.37863, -1.76419, 1], 
 312: [0.601018, 3.48404, -1.73802, 1], 
 313: [0.805559, 3.58585, -1.7212, 1], 
 314: [0.730898, 3.44864, -1.73662, 1], 
 315: [-0.743503, 3.30981, 0.269856, 1], 
 316: [-0.812763, 3.03427, 0.24849, 1], 
 317: [-0.91256, 3.70038, 0.0703357, 1], 
 318: [-1.48067, 3.71393, -0.185738, 1], 
 319: [-1.29408, 3.85189, -0.0657933, 1], 
 320: [-1.12733, 3.45665, 0.119902, 1], 
 321: [-0.913497, 3.72753, 0.435864, 1], 
 322: [-1.08516, 4.06378, 0.878411, 1], 
 323: [-1.01838, 3.59841, 0.480197, 1], 
 324: [-1.16315, 3.98447, 0.296064, 1], 
 325: [-1.14965, 4.26452, 0.777452, 1], 
 326: [-1.24095, 3.97736, 0.27174, 1], 
 327: [-1.23159, 4.14157, 0.808855, 1], 
 328: [-1.22901, 4.75393, 1.30194, 1], 
 329: [-1.29083, 4.6629, 1.33984, 1], 
 330: [-1.29377, 4.8626, 1.2522, 1], 
 331: [-1.41863, 4.9383, 1.1943, 1], 
 332: [-1.41629, 4.86749, 1.2151, 1]]
Number of polygons: 662
Polygon Connection List
[0: [0, 73, 76], 
1: [86, 73, 0], 
2: [0, 76, 86], 
3: [74, 73, 1], 
4: [1, 73, 85], 
5: [85, 74, 1], 
6: [76, 75, 2], 
7: [2, 75, 89], 
8: [88, 76, 2], 
9: [102, 88, 2], 
10: [2, 89, 102], 
11: [75, 74, 3], 
12: [3, 74, 87], 
13: [90, 75, 3], 
14: [3, 87, 90], 
15: [101, 13, 4], 
16: [4, 13, 108], 
17: [4, 81, 84], 
18: [295, 81, 4], 
19: [4, 84, 88], 
20: [4, 88, 101], 
21: [4, 108, 297], 
22: [298, 295, 4], 
23: [4, 297, 298], 
24: [82, 81, 5], 
25: [5, 81, 296], 
26: [87, 82, 5], 
27: [90, 87, 5], 
28: [301, 90, 5], 
29: [5, 296, 301], 
30: [84, 83, 6], 
31: [6, 83, 86], 
32: [86, 84, 6], 
33: [82, 74, 7], 
34: [7, 74, 85], 
35: [84, 82, 7], 
36: [7, 83, 84], 
37: [85, 83, 7], 
38: [89, 9, 8], 
39: [8, 9, 134], 
40: [104, 89, 8], 
41: [106, 104, 8], 
42: [131, 106, 8], 
43: [140, 131, 8], 
44: [8, 134, 140], 
45: [9, 89, 90], 
46: [9, 90, 91], 
47: [9, 91, 126], 
48: [9, 126, 134], 
49: [126, 91, 10], 
50: [10, 91, 301], 
51: [10, 125, 126], 
52: [165, 125, 10], 
53: [10, 160, 165], 
54: [299, 160, 10], 
55: [301, 299, 10], 
56: [11, 104, 106], 
57: [108, 104, 11], 
58: [11, 106, 133], 
59: [297, 108, 11], 
60: [11, 133, 158], 
61: [11, 158, 299], 
62: [299, 297, 11], 
63: [12, 101, 102], 
64: [103, 101, 12], 
65: [12, 102, 105], 
66: [109, 103, 12], 
67: [12, 105, 316], 
68: [316, 109, 12], 
69: [13, 15, 108], 
70: [120, 15, 13], 
71: [13, 101, 103], 
72: [13, 103, 111], 
73: [13, 111, 120], 
74: [14, 67, 105], 
75: [180, 67, 14], 
76: [105, 104, 14], 
77: [14, 104, 107], 
78: [14, 107, 171], 
79: [14, 171, 173], 
80: [14, 173, 180], 
81: [15, 107, 108], 
82: [171, 107, 15], 
83: [15, 120, 171], 
84: [110, 109, 16], 
85: [16, 109, 318], 
86: [218, 110, 16], 
87: [16, 216, 218], 
88: [219, 216, 16], 
89: [220, 219, 16], 
90: [318, 220, 16], 
91: [111, 110, 17], 
92: [17, 110, 218], 
93: [119, 111, 17], 
94: [218, 119, 17], 
95: [18, 68, 180], 
96: [319, 68, 18], 
97: [178, 177, 18], 
98: [18, 177, 259], 
99: [180, 178, 18], 
100: [264, 220, 18], 
101: [18, 220, 318], 
102: [18, 259, 265], 
103: [265, 264, 18], 
104: [18, 318, 319], 
105: [120, 119, 19], 
106: [19, 119, 224], 
107: [174, 120, 19], 
108: [175, 174, 19], 
109: [177, 175, 19], 
110: [259, 177, 19], 
111: [19, 224, 260], 
112: [260, 259, 19], 
113: [138, 21, 20], 
114: [20, 21, 145], 
115: [132, 131, 20], 
116: [20, 131, 140], 
117: [152, 132, 20], 
118: [140, 138, 20], 
119: [20, 145, 147], 
120: [20, 147, 152], 
121: [126, 125, 21], 
122: [21, 125, 148], 
123: [136, 126, 21], 
124: [138, 136, 21], 
125: [148, 145, 21], 
126: [22, 31, 164], 
127: [165, 31, 22], 
128: [148, 125, 22], 
129: [22, 125, 165], 
130: [149, 148, 22], 
131: [150, 149, 22], 
132: [162, 150, 22], 
133: [164, 162, 22], 
134: [134, 126, 23], 
135: [23, 126, 137], 
136: [135, 134, 23], 
137: [142, 135, 23], 
138: [23, 137, 142], 
139: [139, 138, 24], 
140: [24, 138, 140], 
141: [143, 139, 24], 
142: [24, 140, 141], 
143: [24, 141, 143], 
144: [124, 27, 25], 
145: [25, 27, 143], 
146: [25, 122, 124], 
147: [135, 122, 25], 
148: [143, 135, 25], 
149: [123, 122, 26], 
150: [26, 122, 142], 
151: [144, 123, 26], 
152: [26, 142, 144], 
153: [27, 124, 139], 
154: [27, 139, 143], 
155: [149, 29, 28], 
156: [28, 29, 157], 
157: [28, 145, 148], 
158: [156, 145, 28], 
159: [28, 148, 149], 
160: [157, 156, 28], 
161: [147, 146, 29], 
162: [29, 146, 154], 
163: [152, 147, 29], 
164: [29, 149, 151], 
165: [29, 151, 152], 
166: [29, 154, 157], 
167: [160, 159, 30], 
168: [30, 159, 167], 
169: [165, 160, 30], 
170: [167, 165, 30], 
171: [167, 32, 31], 
172: [31, 32, 170], 
173: [170, 164, 31], 
174: [31, 165, 167], 
175: [128, 127, 32], 
176: [32, 127, 130], 
177: [159, 128, 32], 
178: [32, 130, 170], 
179: [167, 159, 32], 
180: [33, 182, 183], 
181: [184, 182, 33], 
182: [33, 183, 190], 
183: [188, 184, 33], 
184: [189, 188, 33], 
185: [208, 189, 33], 
186: [33, 190, 208], 
187: [187, 35, 34], 
188: [34, 35, 196], 
189: [196, 38, 34], 
190: [34, 38, 203], 
191: [34, 186, 187], 
192: [201, 186, 34], 
193: [203, 201, 34], 
194: [35, 187, 188], 
195: [35, 188, 189], 
196: [35, 189, 209], 
197: [209, 196, 35], 
198: [190, 37, 36], 
199: [36, 37, 213], 
200: [36, 42, 211], 
201: [213, 42, 36], 
202: [208, 190, 36], 
203: [210, 208, 36], 
204: [211, 210, 36], 
205: [37, 190, 207], 
206: [206, 205, 37], 
207: [37, 205, 214], 
208: [207, 206, 37], 
209: [214, 213, 37], 
210: [196, 39, 38], 
211: [38, 39, 215], 
212: [204, 203, 38], 
213: [205, 204, 38], 
214: [214, 205, 38], 
215: [215, 214, 38], 
216: [39, 196, 209], 
217: [39, 209, 212], 
218: [212, 211, 39], 
219: [39, 211, 215], 
220: [40, 41, 197], 
221: [210, 41, 40], 
222: [40, 197, 199], 
223: [40, 199, 208], 
224: [40, 208, 210], 
225: [200, 197, 41], 
226: [212, 200, 41], 
227: [41, 210, 212], 
228: [42, 43, 117], 
229: [213, 43, 42], 
230: [118, 44, 42], 
231: [42, 44, 215], 
232: [117, 116, 42], 
233: [42, 116, 118], 
234: [215, 211, 42], 
235: [214, 117, 43], 
236: [43, 213, 214], 
237: [44, 118, 215], 
238: [219, 47, 45], 
239: [45, 47, 227], 
240: [217, 216, 45], 
241: [45, 216, 219], 
242: [226, 217, 45], 
243: [227, 226, 45], 
244: [46, 48, 224], 
245: [232, 48, 46], 
246: [217, 50, 46], 
247: [46, 50, 233], 
248: [218, 217, 46], 
249: [224, 218, 46], 
250: [233, 232, 46], 
251: [47, 219, 264], 
252: [229, 227, 47], 
253: [230, 229, 47], 
254: [262, 230, 47], 
255: [264, 262, 47], 
256: [260, 224, 48], 
257: [232, 230, 48], 
258: [48, 230, 263], 
259: [261, 260, 48], 
260: [263, 261, 48], 
261: [49, 225, 228], 
262: [258, 225, 49], 
263: [49, 228, 255], 
264: [49, 255, 256], 
265: [49, 256, 258], 
266: [225, 52, 50], 
267: [50, 52, 252], 
268: [50, 54, 251], 
269: [252, 54, 50], 
270: [50, 217, 226], 
271: [226, 225, 50], 
272: [251, 233, 50], 
273: [234, 225, 51], 
274: [51, 225, 258], 
275: [245, 234, 51], 
276: [247, 245, 51], 
277: [258, 247, 51], 
278: [250, 55, 52], 
279: [52, 55, 253], 
280: [245, 100, 52], 
281: [52, 100, 249], 
282: [52, 225, 234], 
283: [52, 234, 245], 
284: [52, 249, 250], 
285: [253, 252, 52], 
286: [53, 55, 250], 
287: [254, 55, 53], 
288: [240, 239, 53], 
289: [53, 239, 254], 
290: [248, 240, 53], 
291: [249, 248, 53], 
292: [250, 249, 53], 
293: [242, 241, 54], 
294: [54, 241, 251], 
295: [252, 242, 54], 
296: [55, 241, 243], 
297: [244, 241, 55], 
298: [55, 243, 253], 
299: [254, 244, 55], 
300: [56, 57, 235], 
301: [255, 57, 56], 
302: [56, 235, 238], 
303: [56, 238, 256], 
304: [256, 255, 56], 
305: [236, 235, 57], 
306: [255, 236, 57], 
307: [58, 269, 270], 
308: [292, 269, 58], 
309: [58, 270, 272], 
310: [58, 272, 287], 
311: [58, 287, 290], 
312: [58, 290, 292], 
313: [59, 60, 222], 
314: [289, 60, 59], 
315: [59, 222, 293], 
316: [59, 287, 289], 
317: [290, 287, 59], 
318: [292, 290, 59], 
319: [293, 292, 59], 
320: [223, 222, 60], 
321: [285, 223, 60], 
322: [288, 285, 60], 
323: [289, 288, 60], 
324: [281, 62, 61], 
325: [61, 62, 287], 
326: [282, 281, 61], 
327: [286, 282, 61], 
328: [287, 286, 61], 
329: [62, 281, 284], 
330: [62, 284, 289], 
331: [289, 287, 62], 
332: [63, 64, 277], 
333: [291, 64, 63], 
334: [63, 277, 280], 
335: [63, 280, 291], 
336: [278, 277, 64], 
337: [292, 278, 64], 
338: [64, 291, 292], 
339: [303, 302, 65], 
340: [65, 302, 305], 
341: [311, 303, 65], 
342: [65, 305, 306], 
343: [65, 306, 310], 
344: [65, 310, 311], 
345: [307, 304, 66], 
346: [66, 304, 309], 
347: [308, 307, 66], 
348: [313, 308, 66], 
349: [66, 309, 313], 
350: [315, 105, 67], 
351: [67, 180, 317], 
352: [321, 315, 67], 
353: [67, 317, 321], 
354: [317, 180, 68], 
355: [324, 317, 68], 
356: [68, 319, 326], 
357: [326, 324, 68], 
358: [318, 109, 69], 
359: [69, 109, 320], 
360: [319, 318, 69], 
361: [326, 319, 69], 
362: [69, 320, 326], 
363: [323, 322, 70], 
364: [70, 322, 329], 
365: [326, 323, 70], 
366: [327, 326, 70], 
367: [329, 327, 70], 
368: [325, 324, 71], 
369: [71, 324, 326], 
370: [330, 325, 71], 
371: [71, 326, 331], 
372: [331, 330, 71], 
373: [72, 326, 327], 
374: [332, 326, 72], 
375: [72, 327, 329], 
376: [72, 329, 332], 
377: [73, 74, 76], 
378: [73, 83, 85], 
379: [86, 83, 73], 
380: [74, 75, 76], 
381: [74, 82, 87], 
382: [90, 89, 75], 
383: [76, 84, 86], 
384: [88, 84, 76], 
385: [77, 78, 79], 
386: [80, 78, 77], 
387: [77, 79, 80], 
388: [153, 79, 78], 
389: [78, 80, 154], 
390: [154, 153, 78], 
391: [157, 80, 79], 
392: [79, 153, 155], 
393: [79, 155, 156], 
394: [79, 156, 157], 
395: [157, 154, 80], 
396: [81, 82, 84], 
397: [81, 295, 296], 
398: [102, 101, 88], 
399: [105, 102, 89], 
400: [89, 104, 105], 
401: [301, 91, 90], 
402: [92, 93, 94], 
403: [311, 93, 92], 
404: [92, 94, 95], 
405: [92, 95, 314], 
406: [314, 311, 92], 
407: [312, 94, 93], 
408: [311, 310, 93], 
409: [93, 310, 312], 
410: [313, 95, 94], 
411: [94, 312, 313], 
412: [95, 313, 314], 
413: [96, 97, 98], 
414: [100, 97, 96], 
415: [96, 98, 99], 
416: [96, 99, 100], 
417: [245, 98, 97], 
418: [97, 100, 245], 
419: [246, 99, 98], 
420: [98, 245, 246], 
421: [249, 100, 99], 
422: [99, 246, 248], 
423: [99, 248, 249], 
424: [103, 109, 111], 
425: [108, 107, 104], 
426: [105, 315, 316], 
427: [106, 131, 133], 
428: [109, 110, 111], 
429: [316, 315, 109], 
430: [109, 315, 320], 
431: [111, 119, 120], 
432: [112, 113, 114], 
433: [115, 113, 112], 
434: [112, 114, 115], 
435: [330, 114, 113], 
436: [113, 115, 329], 
437: [113, 322, 328], 
438: [329, 322, 113], 
439: [113, 328, 330], 
440: [331, 115, 114], 
441: [114, 330, 331], 
442: [332, 329, 115], 
443: [115, 331, 332], 
444: [116, 117, 118], 
445: [214, 118, 117], 
446: [118, 214, 215], 
447: [119, 218, 224], 
448: [174, 171, 120], 
449: [121, 122, 123], 
450: [124, 122, 121], 
451: [121, 123, 124], 
452: [122, 135, 142], 
453: [144, 124, 123], 
454: [144, 139, 124], 
455: [126, 136, 137], 
456: [127, 128, 129], 
457: [127, 129, 130], 
458: [166, 129, 128], 
459: [128, 159, 166], 
460: [170, 130, 129], 
461: [169, 164, 129], 
462: [129, 164, 170], 
463: [129, 166, 168], 
464: [129, 168, 169], 
465: [131, 132, 133], 
466: [161, 133, 132], 
467: [132, 152, 162], 
468: [162, 161, 132], 
469: [159, 158, 133], 
470: [161, 159, 133], 
471: [134, 135, 140], 
472: [141, 140, 135], 
473: [143, 141, 135], 
474: [139, 137, 136], 
475: [136, 138, 139], 
476: [137, 139, 142], 
477: [144, 142, 139], 
478: [145, 146, 147], 
479: [156, 146, 145], 
480: [146, 153, 154], 
481: [155, 153, 146], 
482: [156, 155, 146], 
483: [149, 150, 151], 
484: [162, 151, 150], 
485: [162, 152, 151], 
486: [158, 159, 160], 
487: [158, 160, 299], 
488: [159, 161, 163], 
489: [159, 163, 168], 
490: [168, 166, 159], 
491: [161, 162, 163], 
492: [164, 163, 162], 
493: [163, 164, 169], 
494: [169, 168, 163], 
495: [171, 172, 173], 
496: [174, 172, 171], 
497: [181, 173, 172], 
498: [172, 174, 176], 
499: [172, 176, 185], 
500: [184, 181, 172], 
501: [172, 182, 184], 
502: [185, 182, 172], 
503: [181, 180, 173], 
504: [174, 175, 176], 
505: [179, 176, 175], 
506: [175, 177, 178], 
507: [175, 178, 179], 
508: [176, 179, 187], 
509: [187, 185, 176], 
510: [180, 179, 178], 
511: [179, 180, 181], 
512: [179, 181, 188], 
513: [188, 187, 179], 
514: [181, 184, 188], 
515: [186, 183, 182], 
516: [182, 185, 186], 
517: [183, 186, 202], 
518: [207, 190, 183], 
519: [183, 202, 207], 
520: [187, 186, 185], 
521: [186, 201, 202], 
522: [189, 208, 209], 
523: [191, 192, 193], 
524: [195, 192, 191], 
525: [191, 193, 194], 
526: [191, 194, 195], 
527: [201, 193, 192], 
528: [192, 195, 202], 
529: [202, 201, 192], 
530: [204, 194, 193], 
531: [193, 201, 203], 
532: [193, 203, 204], 
533: [207, 195, 194], 
534: [194, 204, 206], 
535: [194, 206, 207], 
536: [207, 202, 195], 
537: [197, 198, 199], 
538: [200, 198, 197], 
539: [208, 199, 198], 
540: [198, 200, 208], 
541: [209, 208, 200], 
542: [212, 209, 200], 
543: [204, 205, 206], 
544: [210, 211, 212], 
545: [216, 217, 218], 
546: [219, 220, 264], 
547: [221, 222, 223], 
548: [274, 222, 221], 
549: [221, 223, 274], 
550: [222, 274, 275], 
551: [222, 275, 293], 
552: [276, 274, 223], 
553: [285, 276, 223], 
554: [225, 226, 228], 
555: [226, 227, 228], 
556: [231, 228, 227], 
557: [227, 229, 231], 
558: [228, 231, 255], 
559: [229, 230, 232], 
560: [232, 231, 229], 
561: [230, 262, 263], 
562: [231, 232, 233], 
563: [231, 233, 239], 
564: [231, 239, 240], 
565: [231, 240, 255], 
566: [254, 239, 233], 
567: [233, 251, 254], 
568: [235, 236, 237], 
569: [235, 237, 238], 
570: [257, 237, 236], 
571: [236, 255, 257], 
572: [258, 238, 237], 
573: [237, 257, 258], 
574: [258, 256, 238], 
575: [240, 246, 247], 
576: [248, 246, 240], 
577: [240, 247, 257], 
578: [257, 255, 240], 
579: [241, 242, 243], 
580: [241, 244, 251], 
581: [253, 243, 242], 
582: [242, 252, 253], 
583: [254, 251, 244], 
584: [247, 246, 245], 
585: [258, 257, 247], 
586: [259, 260, 261], 
587: [259, 261, 266], 
588: [268, 265, 259], 
589: [259, 266, 268], 
590: [261, 263, 266], 
591: [271, 263, 262], 
592: [262, 264, 265], 
593: [262, 265, 271], 
594: [270, 266, 263], 
595: [271, 270, 263], 
596: [265, 268, 271], 
597: [266, 267, 268], 
598: [275, 267, 266], 
599: [270, 269, 266], 
600: [266, 269, 275], 
601: [276, 268, 267], 
602: [275, 274, 267], 
603: [267, 274, 276], 
604: [273, 271, 268], 
605: [285, 273, 268], 
606: [268, 276, 285], 
607: [291, 275, 269], 
608: [292, 291, 269], 
609: [270, 271, 272], 
610: [273, 272, 271], 
611: [272, 273, 285], 
612: [272, 285, 286], 
613: [272, 286, 287], 
614: [275, 291, 294], 
615: [294, 293, 275], 
616: [277, 278, 279], 
617: [277, 279, 280], 
618: [292, 279, 278], 
619: [294, 280, 279], 
620: [279, 292, 293], 
621: [279, 293, 294], 
622: [294, 291, 280], 
623: [281, 282, 283], 
624: [281, 283, 284], 
625: [286, 283, 282], 
626: [288, 284, 283], 
627: [283, 286, 288], 
628: [284, 288, 289], 
629: [288, 286, 285], 
630: [304, 296, 295], 
631: [295, 298, 302], 
632: [295, 302, 303], 
633: [295, 303, 304], 
634: [304, 301, 296], 
635: [300, 298, 297], 
636: [297, 299, 300], 
637: [298, 300, 305], 
638: [305, 302, 298], 
639: [301, 300, 299], 
640: [300, 301, 307], 
641: [308, 305, 300], 
642: [300, 307, 308], 
643: [301, 304, 307], 
644: [309, 304, 303], 
645: [314, 309, 303], 
646: [303, 311, 314], 
647: [308, 306, 305], 
648: [306, 308, 312], 
649: [312, 310, 306], 
650: [313, 312, 308], 
651: [314, 313, 309], 
652: [323, 320, 315], 
653: [315, 321, 322], 
654: [315, 322, 323], 
655: [324, 321, 317], 
656: [320, 323, 326], 
657: [324, 322, 321], 
658: [322, 324, 325], 
659: [322, 325, 328], 
660: [330, 328, 325], 
661: [332, 331, 326]]
Per Vertex Normals
[0: [-0.603767, -0.524554, 0.600257], 
 1: [0.602955, -0.525528, 0.600221], 
 2: [-0.562243, 0.0229982, 0.826652], 
 3: [0.658368, -0.0298861, 0.752103], 
 4: [-0.587381, -0.0363846, -0.808492], 
 5: [0.630016, -0.184349, -0.754384], 
 6: [-0.603988, -0.516825, -0.606705], 
 7: [0.624138, -0.464733, -0.628073], 
 8: [-0.431759, 0.544325, 0.719232], 
 9: [0.337865, -0.480609, 0.809236], 
 10: [0.474656, -0.454275, -0.753881], 
 11: [-0.417859, 0.603929, -0.678721], 
 12: [-0.515666, -0.353283, 0.780563], 
 13: [-0.288565, -0.370275, -0.882965], 
 14: [-0.0606566, 0.826458, 0.559721], 
 15: [0.0768596, 0.721593, -0.688038], 
 16: [-0.772992, -0.249383, 0.583345], 
 17: [-0.262528, -0.608872, -0.748568], 
 18: [0.205466, 0.778155, 0.593513], 
 19: [0.610406, 0.471003, -0.636837], 
 20: [0.0145337, 0.75359, 0.657184], 
 21: [0.624523, -0.449757, 0.638506], 
 22: [0.605817, -0.511604, -0.6093], 
 23: [-0.0864125, -0.918623, 0.38557], 
 24: [0.0438129, 0.931433, 0.361266], 
 25: [-0.575626, 0.609379, 0.545263], 
 26: [0.035288, -0.999345, 0.00802524], 
 27: [-0.104204, 0.970729, 0.216394], 
 28: [0.449014, -0.479929, -0.753694], 
 29: [-0.0782122, 0.728583, -0.680477], 
 30: [-0.129844, -0.989148, -0.0687533], 
 31: [0.777948, -0.549097, -0.305432], 
 32: [0.00368904, -0.956925, 0.290311], 
 33: [0.223936, -0.265088, 0.93786], 
 34: [-0.713554, 0.083745, -0.695577], 
 35: [-0.894884, 0.251735, -0.368528], 
 36: [0.65052, -0.0877316, 0.754405], 
 37: [0.97339, -0.0379363, 0.225993], 
 38: [-0.580599, 0.573463, -0.577965], 
 39: [-0.65335, 0.579039, -0.487697], 
 40: [0.732857, 0.505992, 0.454855], 
 41: [0.369991, 0.838923, -0.399142], 
 42: [0.342438, 0.460739, 0.818813], 
 43: [0.969117, -0.0439321, -0.242656], 
 44: [-0.750734, 0.389878, 0.533285], 
 45: [-0.664506, -0.246496, 0.705459], 
 46: [-0.113589, -0.545853, -0.830146], 
 47: [-0.0158978, 0.818665, 0.574052], 
 48: [0.346738, 0.499164, -0.794108], 
 49: [0.0910812, -0.928192, 0.360783], 
 50: [-0.367876, -0.860342, 0.352816], 
 51: [-0.916034, -0.35768, -0.18151], 
 52: [-0.732218, -0.516291, -0.444185], 
 53: [0.784415, 0.498213, -0.369427], 
 54: [0.306565, -0.846798, 0.434685], 
 55: [0.260228, 0.51266, -0.818206], 
 56: [0.316468, -0.897172, 0.308109], 
 57: [0.711509, -0.0992454, 0.695633], 
 58: [-0.651624, -0.349895, -0.673023], 
 59: [0.491682, 0.761741, -0.421901], 
 60: [0.55057, 0.765105, 0.333897], 
 61: [-0.468606, -0.456692, -0.756202], 
 62: [0.410516, 0.141956, -0.900736], 
 63: [-0.117473, -0.992551, 0.0323013], 
 64: [-0.800211, -0.582519, -0.142595], 
 65: [-0.984635, 0.0353044, -0.171019], 
 66: [0.928484, -0.350698, -0.122184], 
 67: [0.491064, 0.535353, 0.687207], 
 68: [0.225604, 0.941259, 0.251265], 
 69: [-0.817336, -0.0975054, 0.567851], 
 70: [-0.41724, -0.657536, 0.627341], 
 71: [0.69292, 0.567948, -0.444181], 
 72: [-0.948772, -0.294904, 0.113414], 
 73: [-0.000262277, -0.535814, 0.844336], 
 74: [0.702919, 0.125317, 0.700144], 
 75: [0.0945109, 0.0272435, 0.995151], 
 76: [-0.690239, 0.176331, 0.701767], 
 77: [0.966193, 0.257819, -1.68689e-008], 
 78: [0.555987, 0.0493997, 0.829722], 
 79: [0.56263, 0.0597376, -0.824548], 
 80: [-0.133184, 0.991091, -6.1938e-007], 
 81: [-0.0116133, -0.048686, -0.998747], 
 82: [0.697772, 0.0502477, -0.714555], 
 83: [0.0562809, -0.481967, -0.87438], 
 84: [-0.681959, 0.162842, -0.713031], 
 85: [0.871477, -0.486885, -0.0589052], 
 86: [-0.848216, -0.529647, -0.00209862], 
 87: [0.970834, -0.23966, -0.00666774], 
 88: [-0.999622, -0.00262789, 0.0273726], 
 89: [0.0700421, 0.0840149, 0.994], 
 90: [0.800503, -0.494028, 0.33931], 
 91: [0.724749, -0.688466, -0.0274436], 
 92: [-0.043745, 0.430662, -0.901452], 
 93: [-0.667535, -0.337337, -0.663778], 
 94: [-0.679234, 0.702095, 0.213785], 
 95: [0.697243, 0.67142, -0.251091], 
 96: [-0.587849, 0.618264, -0.521712], 
 97: [-0.889216, -0.371159, -0.267463], 
 98: [-0.588724, 0.56696, 0.57616], 
 99: [0.426643, 0.898555, -0.102831], 
 100: [0.1372, -0.0206801, -0.990327], 
 101: [-0.93701, -0.322039, 0.13529], 
 102: [-0.345918, -0.110964, 0.93168], 
 103: [-0.726122, -0.679156, -0.107208], 
 104: [-0.560175, 0.729067, 0.393275], 
 105: [-0.104459, 0.164577, 0.980817], 
 106: [-0.575566, 0.817624, 0.014682], 
 107: [-0.210965, 0.926566, -0.3114], 
 108: [-0.371232, 0.595334, -0.712576], 
 109: [-0.757299, -0.507043, 0.411589], 
 110: [-0.752426, -0.658513, -0.0146748], 
 111: [-0.213354, -0.610457, -0.762772], 
 112: [-0.0733949, 0.779373, 0.622246], 
 113: [0.546484, -0.0722685, 0.834346], 
 114: [-0.426651, 0.799617, -0.422589], 
 115: [-0.829426, -0.354703, 0.431554], 
 116: [0.35043, 0.917008, 0.190512], 
 117: [0.726696, 0.0458462, -0.685427], 
 118: [-0.504046, 0.684117, -0.527183], 
 119: [0.354788, -0.0131782, -0.934854], 
 120: [0.521285, 0.119837, -0.844926], 
 121: [0.565356, 0.035767, 0.824071], 
 122: [-0.517364, -0.283666, 0.807384], 
 123: [0.408201, -0.901287, -0.145095], 
 124: [0.78719, 0.605923, -0.114843], 
 125: [0.586527, -0.809927, -0.00192956], 
 126: [0.419971, -0.851536, 0.313864], 
 127: [0.128172, -0.315613, -0.940192], 
 128: [-0.600913, -0.463595, -0.65114], 
 129: [0.72453, 0.176343, -0.666303], 
 130: [0.452342, -0.877232, 0.160784], 
 131: [-0.439926, 0.860813, 0.255863], 
 132: [-0.251676, 0.962199, -0.104083], 
 133: [-0.448223, 0.825627, -0.342688], 
 134: [-0.161348, -0.122898, 0.979216], 
 135: [-0.583456, -0.10823, 0.804901], 
 136: [0.647422, -0.516848, 0.560101], 
 137: [0.51304, -0.854236, 0.0840892], 
 138: [0.551035, 0.359733, 0.752963], 
 139: [0.931502, 0.268247, 0.245658], 
 140: [-0.371591, 0.69028, 0.620834], 
 141: [-0.443424, 0.689924, 0.572171], 
 142: [0.122156, -0.990872, -0.0570083], 
 143: [-0.57645, 0.640348, 0.507602], 
 144: [0.573569, -0.693723, -0.435624], 
 145: [0.61985, -0.336693, 0.708819], 
 146: [0.205241, 0.262404, 0.942879], 
 147: [0.186489, 0.710138, 0.678915], 
 148: [0.801299, -0.596799, 0.0418446], 
 149: [0.677629, -0.314904, -0.664571], 
 150: [0.373646, 0.18455, -0.909027], 
 151: [0.0122378, 0.743432, -0.668699], 
 152: [-0.0243317, 0.999689, -0.00552128], 
 153: [0.37841, -0.594515, 0.709477], 
 154: [-0.281109, 0.665104, 0.69182], 
 155: [0.441502, -0.897236, -0.0064969], 
 156: [0.338828, -0.596793, -0.727347], 
 157: [-0.278886, 0.648546, -0.708245], 
 158: [-0.115536, 0.0963242, -0.988622], 
 159: [-0.637131, -0.112946, -0.762435], 
 160: [-0.0526425, -0.403926, -0.913276], 
 161: [-0.485032, 0.616613, -0.620107], 
 162: [-0.0400851, 0.669628, -0.741614], 
 163: [-0.334188, 0.550064, -0.765342], 
 164: [0.476406, 0.416831, -0.774137], 
 165: [0.497607, -0.847884, -0.182977], 
 166: [-0.657944, 0.486158, -0.575118], 
 167: [-0.0579739, -0.966601, 0.249643], 
 168: [-0.406585, 0.655941, -0.635948], 
 169: [0.0524466, 0.776401, -0.628053], 
 170: [0.781394, -0.557575, 0.280238], 
 171: [0.431091, 0.897597, -0.0920875], 
 172: [0.914336, 0.381915, 0.134649], 
 173: [0.598458, 0.772135, 0.213672], 
 174: [0.630644, 0.203956, -0.748792], 
 175: [0.497788, 0.774087, -0.391147], 
 176: [0.51391, -0.0528753, -0.856213], 
 177: [0.701607, 0.708, -0.080521], 
 178: [0.423514, 0.902545, 0.0777745], 
 179: [0.105438, 0.928494, -0.356064], 
 180: [0.205766, 0.749301, 0.62945], 
 181: [-0.0894938, 0.617548, 0.781425], 
 182: [0.86922, -0.466233, 0.164569], 
 183: [0.741352, -0.55935, 0.370842], 
 184: [0.0793267, 0.0849972, 0.993218], 
 185: [0.37475, -0.382657, -0.844474], 
 186: [0.182126, -0.783782, -0.59373], 
 187: [-0.58638, 0.430108, -0.686415], 
 188: [-0.645041, 0.541306, 0.539361], 
 189: [-0.782265, -0.108642, 0.613399], 
 190: [0.756291, -0.321767, 0.56964], 
 191: [0.520115, -0.158006, -0.839354], 
 192: [-0.106544, -0.886073, -0.451135], 
 193: [-0.410953, 0.265215, -0.872226], 
 194: [0.645058, 0.729759, -0.226609], 
 195: [0.913179, -0.39845, 0.0856788], 
 196: [-0.746296, 0.439329, -0.500033], 
 197: [-0.482526, 0.730972, 0.482544], 
 198: [-0.854988, -0.485335, 0.182881], 
 199: [0.114223, 0.0554461, 0.991907], 
 200: [-0.651657, 0.509853, -0.561599], 
 201: [-0.643772, -0.498341, -0.580702], 
 202: [0.327459, -0.939233, -0.103014], 
 203: [-0.735875, 0.455971, -0.500578], 
 204: [-0.107788, 0.96224, -0.249952], 
 205: [0.75318, 0.532311, -0.386478], 
 206: [0.945409, 0.287805, 0.152874], 
 207: [0.82678, -0.500905, 0.255985], 
 208: [-0.263759, -0.440405, 0.858181], 
 209: [-0.909076, -0.127951, -0.396496], 
 210: [0.64931, 0.357117, 0.671464], 
 211: [0.00661685, 0.868665, 0.495355], 
 212: [0.136666, 0.730107, -0.669527], 
 213: [0.964531, -0.100165, 0.244227], 
 214: [0.0231211, 0.0680875, -0.997411], 
 215: [-0.916863, 0.344643, -0.201452], 
 216: [-0.740053, -0.386624, 0.550312], 
 217: [-0.622238, -0.768007, 0.151607], 
 218: [-0.307167, -0.552316, -0.774981], 
 219: [-0.405808, 0.304992, 0.861568], 
 220: [-0.340585, 0.322688, 0.883105], 
 221: [0.846398, 0.446593, 0.290112], 
 222: [0.744331, 0.664728, -0.0640929], 
 223: [0.373386, 0.786074, 0.492617], 
 224: [0.419401, 0.243192, -0.87462], 
 225: [-0.364867, -0.910223, 0.195872], 
 226: [-0.275585, -0.0725782, 0.958533], 
 227: [0.152806, 0.799941, 0.580297], 
 228: [0.334531, -0.283344, 0.89878], 
 229: [0.398867, 0.857644, -0.324581], 
 230: [0.318747, 0.908329, -0.27081], 
 231: [0.464992, 0.878417, -0.110302], 
 232: [0.391617, 0.339261, -0.8553], 
 233: [0.631467, 0.134833, -0.763589], 
 234: [-0.741567, -0.670872, 0.00285478], 
 235: [-0.350953, -0.0892355, 0.932131], 
 236: [0.22471, 0.661821, 0.715191], 
 237: [-0.820024, 0.562559, 0.105304], 
 238: [-0.66118, -0.739088, 0.128801], 
 239: [0.688653, 0.663336, -0.29282], 
 240: [0.422276, 0.838281, 0.344917], 
 241: [0.676753, -0.360572, -0.641867], 
 242: [-0.344848, -0.807632, -0.478342], 
 243: [-0.116898, 0.316325, -0.941421], 
 244: [0.883077, 0.150068, -0.444584], 
 245: [-0.908354, -0.41094, -0.0776047], 
 246: [-0.517771, 0.513866, 0.683999], 
 247: [-0.60066, 0.672891, 0.431771], 
 248: [0.692818, 0.716904, 0.0777943], 
 249: [0.68801, 0.042, -0.724485], 
 250: [0.376739, 0.094553, -0.921481], 
 251: [0.844523, -0.452434, 0.286503], 
 252: [-0.728831, -0.572639, 0.375352], 
 253: [-0.826197, 0.00604347, -0.56335], 
 254: [0.766147, 0.412614, -0.492715], 
 255: [0.67832, 0.170207, 0.71478], 
 256: [0.174886, -0.984359, -0.0212525], 
 257: [-0.16169, 0.929441, 0.331656], 
 258: [-0.877467, -0.138471, -0.459215], 
 259: [0.904256, 0.426586, 0.0185866], 
 260: [0.549817, 0.293854, -0.78189], 
 261: [0.490773, 0.0363028, -0.870531], 
 262: [0.02253, 0.958401, 0.284533], 
 263: [-0.0586992, 0.829596, -0.55527], 
 264: [-0.123495, 0.667103, 0.734658], 
 265: [-0.0455767, 0.614928, 0.787265], 
 266: [0.629487, -0.623703, -0.463401], 
 267: [0.788403, -0.428776, 0.441103], 
 268: [0.358027, -0.0352633, 0.933045], 
 269: [-0.171431, -0.797693, -0.578184], 
 270: [-0.788333, 0.142106, -0.598613], 
 271: [-0.599202, 0.550136, 0.581642], 
 272: [-0.993897, -0.0381173, 0.103518], 
 273: [-0.366864, 0.402609, 0.83864], 
 274: [0.934562, 0.0188532, 0.355301], 
 275: [0.979365, -0.175533, 0.100164], 
 276: [0.49788, 0.339837, 0.797889], 
 277: [0.119518, -0.453526, -0.883193], 
 278: [-0.531046, 0.270016, -0.80317], 
 279: [0.578683, 0.64413, -0.500223], 
 280: [0.837939, -0.491017, -0.238244], 
 281: [-0.551228, 0.736565, -0.391943], 
 282: [-0.974384, -0.210227, -0.0798743], 
 283: [-0.287265, 0.569608, 0.770081], 
 284: [0.508916, 0.836654, -0.202522], 
 285: [-0.238141, 0.477649, 0.84566], 
 286: [-0.794313, -0.130819, 0.593257], 
 287: [-0.519409, -0.352053, -0.778635], 
 288: [0.00256021, 0.508704, 0.860937], 
 289: [0.726963, 0.641012, -0.246228], 
 290: [-0.274971, 0.322882, -0.905615], 
 291: [0.0873452, -0.976383, 0.197603], 
 292: [-0.691557, 0.262072, -0.673103], 
 293: [0.595041, 0.766164, -0.242734], 
 294: [0.967209, -0.161625, 0.195919], 
 295: [-0.272863, -0.165646, -0.947685], 
 296: [0.350035, -0.359751, -0.864901], 
 297: [-0.441185, 0.463976, -0.768168], 
 298: [-0.670716, 0.614227, -0.41577], 
 299: [0.0884781, 0.102882, -0.990751], 
 300: [0.205729, 0.576995, -0.790413], 
 301: [0.810093, -0.413021, -0.41613], 
 302: [-0.941612, 0.326156, -0.083606], 
 303: [-0.203231, -0.84367, -0.496909], 
 304: [0.585601, -0.730624, -0.351084], 
 305: [-0.638353, 0.769634, -0.0129559], 
 306: [-0.664019, 0.725171, 0.182228], 
 307: [0.912561, -0.351101, -0.209667], 
 308: [0.585896, 0.801957, 0.116584], 
 309: [0.703194, -0.668375, -0.242474], 
 310: [-0.936732, -0.208899, -0.280881], 
 311: [0.290846, -0.82795, -0.479487], 
 312: [-0.577473, 0.751041, 0.320097], 
 313: [0.755522, 0.618572, 0.215766], 
 314: [0.730681, -0.594245, -0.336122], 
 315: [-0.110261, -0.0159805, 0.993774], 
 316: [-0.46858, -0.0494474, 0.882036], 
 317: [0.526286, 0.775805, 0.348066], 
 318: [-0.602605, 0.0680801, 0.79513], 
 319: [-0.643727, 0.504425, 0.575475], 
 320: [-0.68729, -0.39024, 0.612654], 
 321: [0.861414, 0.507457, 0.0212977], 
 322: [0.808537, -0.23502, 0.539475], 
 323: [-0.534057, -0.620931, 0.573783], 
 324: [0.482195, 0.795198, -0.367625], 
 325: [0.877405, 0.404308, -0.258255], 
 326: [-0.840255, 0.504572, -0.198443], 
 327: [-0.857795, -0.457628, 0.234018], 
 328: [0.976191, 0.202177, 0.0785904], 
 329: [-0.265631, -0.584745, 0.766494], 
 330: [0.770147, 0.511874, -0.380604], 
 331: [-0.445915, 0.56645, -0.693032], 
 332: [-0.971177, -0.224715, 0.0794857]]
Texture Coordinates
[0: [0, 1.33333],
1: [1, 1.33333],
2: [0.288822, 0.375834],
3: [0.847716, 0.445258],
4: [0.00792912, 0.223773],
5: [1.18772, 0.422342],
6: [-0.333333, 2],
7: [1.4, 1.8],
8: [0.240355, 0.486458],
9: [0.423204, 0.479246],
10: [0.113028, 0.472159],
11: [0.0239978, 0.489555],
12: [0.502864, 0.139144],
13: [0.591992, 0.087285],
14: [0.576015, 0.116121],
15: [0.864914, 0.124092],
16: [0.349842, 0.569082],
17: [-0.359215, 0.502253],
18: [0.819625, 0.604928],
19: [1.14375, 0.558369],
20: [0.309645, 0.880621],
21: [0.660413, 0.763441],
22: [0.646097, 0.847665],
23: [1.02293, 0.0252847],
24: [-0.344135, 0.020492],
25: [0.574532, 1.71854],
26: [0.66834, 1.75284],
27: [0.526167, 1.95537],
28: [0.511508, 0.970025],
29: [0.233896, 0.986435],
30: [-0.0992924, 0.613907],
31: [1.35043, 0.763998],
32: [1.4649, 0.630328],
33: [0.663693, 0.491066],
34: [1.21084, 0.481857],
35: [0.528461, 0.502727],
36: [0.683388, 0.672816],
37: [0.946999, 0.66726],
38: [1.22765, 0.663085],
39: [0.595652, 0.683854],
40: [0.30769, 0.742987],
41: [0.227803, 0.751471],
42: [0.622919, 0.970206],
43: [0.824801, 0.967951],
44: [0.154842, 0.974962],
45: [-0.206625, 0.788357],
46: [-0.361241, 0.749757],
47: [1.33014, 0.79888],
48: [1.43922, 0.770644],
49: [-0.184013, 1.0033],
50: [-0.285408, 0.960951],
51: [-0.213883, 1.0873],
52: [-0.294949, 1.04588],
53: [-0.338404, 1.06507],
54: [-0.299792, 0.913814],
55: [-0.324653, 0.961079],
56: [0.0108962, 1.05961],
57: [0.00822812, 1.06468],
58: [1.15722, 0.772084],
59: [1.13973, 0.77522],
60: [1.08745, 0.795498],
61: [1.17301, 0.904924],
62: [1.16091, 0.902648],
63: [1.2211, 0.66487],
64: [1.24344, 0.706928],
65: [-0.39117, 0.100989],
66: [-0.406253, 0.227245],
67: [0.739873, 0.199026],
68: [0.0974236, 0.256257],
69: [0.225494, 0.271422],
70: [0.461363, 0.386738],
71: [-0.136949, 0.452257],
72: [-0.00211769, 0.425041],
73: [0.5, 2.28571],
74: [1, 0.5],
75: [0.539167, 0.411684],
76: [0, 0.5],
77: [0.635879, 1.30996],
78: [0.576167, 1.26328],
79: [0.677693, 1.26328],
80: [0.5314, 1.27009],
81: [0.530043, 0.923883],
82: [1.5, 1.5],
83: [0.5, 3],
84: [-0.444444, 1.61111],
85: [1.2, 2.1],
86: [-0.25, 1.75],
87: [1.23691, 0.566118],
88: [-0.0843361, 0.468951],
89: [0.478793, 0.0823475],
90: [0.607086, 0.182124],
91: [0.447336, 0.457832],
92: [-0.390426, 0.273702],
93: [-0.392946, 0.221468],
94: [-0.386524, 0.254949],
95: [-0.392936, 0.308269],
96: [-0.0928556, 1.44975],
97: [-0.172171, 1.35775],
98: [-0.212799, 1.13968],
99: [-0.324214, 1.27336],
100: [-0.312425, 1.34227],
101: [0.444516, 0.030531],
102: [0.552408, 0.0566849],
103: [0.446811, 0.108874],
104: [0.217406, 0.221609],
105: [0.548045, 0.068614],
106: [0.144593, 0.514869],
107: [0.540569, 0.100247],
108: [0.374988, 0.0847879],
109: [0.434319, 0.343067],
110: [-0.0489718, 0.524257],
111: [-0.0186331, 0.278407],
112: [-6.16908e-005, 1.15268],
113: [0.136377, 1.03852],
114: [-0.0768273, 1.07578],
115: [0.0411641, 1.04567],
116: [0.189949, 1.06559],
117: [-0.496982, 1.00874],
118: [-0.171384, 1.01347],
119: [1.39804, 0.509193],
120: [0.948256, 0.315455],
121: [0.605436, 2.54448],
122: [0.618246, 1.99629],
123: [0.664948, 2.17929],
124: [0.595867, 2.316],
125: [0.576784, 0.833519],
126: [0.683096, 0.387684],
127: [1.44157, 0.658081],
128: [1.47635, 0.623003],
129: [1.44906, 0.705502],
130: [1.43, 0.65862],
131: [0.249665, 0.725838],
132: [0.201572, 0.877017],
133: [0.0606721, 0.726113],
134: [0.510002, 0.228459],
135: [-0.384982, -0.40475],
136: [-0.300066, 0.125172],
137: [1.45089, -0.14865],
138: [-0.126479, 0.370463],
139: [-0.40034, 0.160271],
140: [0.00885081, -0.0353918],
141: [-0.315017, -0.254531],
142: [0.879021, 0.854435],
143: [0.442505, 0.808134],
144: [1.36575, 1.17414],
145: [0.507417, 0.904258],
146: [0.444813, 0.977444],
147: [0.336815, 0.929021],
148: [0.566465, 0.898855],
149: [0.52639, 0.904258],
150: [0.0888695, 0.893154],
151: [0.147153, 0.929021],
152: [0.241124, 0.933186],
153: [0.563501, 1.11643],
154: [0.453196, 1.13005],
155: [0.614127, 1.11415],
156: [0.652023, 1.11643],
157: [0.384648, 1.13005],
158: [0.0240472, 0.549946],
159: [-0.0578001, 0.596741],
160: [0.0448123, 0.580053],
161: [0.0190446, 0.722576],
162: [0.0253994, 0.827976],
163: [-0.0430259, 0.711947],
164: [1.22681, 0.800664],
165: [0.141141, 0.685453],
166: [1.23582, 0.636934],
167: [0.171092, 0.622697],
168: [0.94166, 0.693393],
169: [1.18287, 0.741628],
170: [1.48236, 0.727391],
171: [0.789677, 0.179361],
172: [0.791911, 0.1499],
173: [0.758757, 0.244929],
174: [0.923927, 0.329155],
175: [0.972582, 0.456888],
176: [0.85219, 0.186068],
177: [0.982068, 0.590018],
178: [0.829264, 0.484158],
179: [0.551944, 0.270264],
180: [0.748486, 0.376972],
181: [0.678922, 0.20314],
182: [0.745361, 0.235178],
183: [0.778738, 0.458135],
184: [0.688139, 0.233954],
185: [0.84802, 0.221678],
186: [1.06503, 0.449919],
187: [0.335574, 0.244526],
188: [0.498565, 0.246504],
189: [0.55915, 0.468255],
190: [0.799211, 0.573239],
191: [1.29045, 0.667984],
192: [1.28244, 0.609981],
193: [1.32725, 0.6532],
194: [1.27875, 0.701746],
195: [1.23271, 0.658526],
196: [1.00808, 0.577324],
197: [0.239043, 0.751441],
198: [0.251916, 0.684071],
199: [0.30001, 0.724227],
200: [0.204719, 0.735681],
201: [1.30593, 0.570954],
202: [1.15841, 0.57628],
203: [1.32609, 0.615949],
204: [1.29921, 0.662719],
205: [1.11012, 0.697951],
206: [1.15922, 0.668045],
207: [1.13695, 0.62305],
208: [0.397897, 0.613885],
209: [0.251756, 0.625339],
210: [0.408338, 0.70565],
211: [0.588407, 0.715851],
212: [0.256444, 0.717104],
213: [0.763356, 0.848971],
214: [1.43214, 0.846549],
215: [-0.409392, 0.853056],
216: [0.0140821, 0.689316],
217: [-0.285864, 0.763642],
218: [-0.375252, 0.640869],
219: [0.61391, 0.700806],
220: [0.609432, 0.623332],
221: [1.06207, 0.728759],
222: [1.12239, 0.737255],
223: [1.05643, 0.755301],
224: [1.34215, 0.669357],
225: [-0.250027, 0.974608],
226: [-0.265679, 0.903726],
227: [-0.364583, 0.907061],
228: [-0.186876, 0.996233],
229: [-0.418406, 0.896496],
230: [1.41994, 0.808488],
231: [-0.331811, 0.99284],
232: [-0.366345, 0.867069],
233: [-0.316572, 0.946966],
234: [-0.269062, 1.07343],
235: [0.0468814, 1.08687],
236: [0.0218068, 1.08589],
237: [0.0104949, 1.10526],
238: [0.0225092, 1.07904],
239: [-0.331526, 1.02341],
240: [-0.25158, 1.05783],
241: [-0.312794, 0.913248],
242: [-0.298713, 0.91775],
243: [-0.313967, 0.949655],
244: [-0.327909, 0.935969],
245: [-0.308002, 1.14742],
246: [-0.315926, 1.1705],
247: [-0.230407, 1.10852],
248: [-0.371395, 1.16414],
249: [-0.353765, 1.14106],
250: [-0.322643, 1.06105],
251: [-0.307474, 0.937301],
252: [-0.290861, 0.955548],
253: [-0.297607, 0.98138],
254: [-0.334595, 0.979839],
255: [-0.0744249, 1.04986],
256: [-0.0515807, 1.04301],
257: [-0.101096, 1.09545],
258: [-0.0737326, 1.0886],
259: [1.05036, 0.65182],
260: [1.27704, 0.679453],
261: [1.21749, 0.688226],
262: [1.18966, 0.755241],
263: [1.23145, 0.747321],
264: [0.986154, 0.712803],
265: [1.03392, 0.711465],
266: [1.11193, 0.677661],
267: [1.05578, 0.696954],
268: [1.02145, 0.694778],
269: [1.15132, 0.716674],
270: [1.15549, 0.75723],
271: [1.10684, 0.753429],
272: [1.13504, 0.795542],
273: [1.04909, 0.74519],
274: [1.05658, 0.712884],
275: [1.10695, 0.697311],
276: [1.03411, 0.728715],
277: [1.25115, 0.675314],
278: [1.25052, 0.709517],
279: [1.22888, 0.688614],
280: [1.22347, 0.657681],
281: [1.16489, 0.944635],
282: [1.16735, 0.925581],
283: [1.14198, 0.928962],
284: [1.15167, 0.922011],
285: [1.04954, 0.754293],
286: [1.12832, 0.868757],
287: [1.16595, 0.857595],
288: [1.1156, 0.868278],
289: [1.13153, 0.85901],
290: [1.16402, 0.784552],
291: [1.18233, 0.671469],
292: [1.21142, 0.741077],
293: [1.18246, 0.713205],
294: [1.17191, 0.671962],
295: [0.20763, -0.0332538],
296: [1.10438, -0.0565436],
297: [-0.0609351, 0.10375],
298: [-0.148654, 0.116088],
299: [0.445394, 0.407174],
300: [0.762321, 0.29814],
301: [1.48084, 0.195569],
302: [-0.350451, 0.0490587],
303: [-0.408461, 0.100554],
304: [0.677021, 0.0741236],
305: [-0.30304, 0.220794],
306: [-0.381319, 0.158648],
307: [0.883096, 0.221571],
308: [-0.391977, 0.243791],
309: [-0.418539, 0.18467],
310: [-0.390755, 0.159881],
311: [-0.410025, 0.192762],
312: [-0.388661, 0.207519],
313: [-0.398043, 0.280964],
314: [-0.410519, 0.232893],
315: [0.704576, 0.108444],
316: [0.524917, 0.224144],
317: [0.985524, 0.168547],
318: [0.49715, 0.488834],
319: [0.230119, 0.306075],
320: [0.482537, 0.120489],
321: [0.836387, 0.142154],
322: [0.544419, 0.390912],
323: [0.629499, 0.109839],
324: [-0.411831, 0.191243],
325: [0.257046, 0.431701],
326: [-0.301949, 0.181569],
327: [0.278823, 0.39774],
328: [0.262788, 0.758473],
329: [0.279262, 0.73765],
330: [0.0210516, 0.782],
331: [-0.084372, 0.791536],
332: [-0.0213243, 0.772776]]
