Name: leaves
Transform: [0, 0, 0]
Rotation: [0, 0, 0, 1]
Scale: [5, 5, 5]
LOD: 0
Animation data
[]
[]
[]
SubObjects: [ ]
Shading Data:
Diffuse_Color: [1, 1, 1, 1]
Ambient: [0, 0, 0, 0]
Emmision_Color: [0, 0, 0, 0]
Specular_Color: [.5, .5, .5, 1]
Shininess: 60
Texture: tree_leaf
Number of Vertices: 336
[0: [1.97067, 3.45382, -1.29074, 1], 
 1: [2.06115, 3.88002, -0.878732, 1], 
 2: [2.621, 2.98924, -1.53648, 1], 
 3: [2.63243, 3.43874, -1.42473, 1], 
 4: [2.6548, 3.91122, -0.947613, 1], 
 5: [3.15438, 2.84575, -1.56889, 1], 
 6: [3.1799, 3.25413, -1.2921, 1], 
 7: [1.70611, 3.8123, -1.35721, 1], 
 8: [2.06115, 3.88002, -0.878732, 1], 
 9: [1.50725, 2.98638, -1.92729, 1], 
 10: [2.12021, 3.33775, -1.60098, 1], 
 11: [2.46331, 3.46639, -1.03786, 1], 
 12: [1.86601, 2.40423, -1.89421, 1], 
 13: [2.4629, 2.72875, -1.48616, 1], 
 14: [1.97067, 3.45382, -1.29074, 1], 
 15: [2.06115, 3.88002, -0.878732, 1], 
 16: [2.621, 2.98924, -1.53648, 1], 
 17: [2.63243, 3.43874, -1.42473, 1], 
 18: [2.6548, 3.91122, -0.947613, 1], 
 19: [3.15438, 2.84575, -1.56889, 1], 
 20: [3.1799, 3.25413, -1.2921, 1], 
 21: [1.70611, 3.8123, -1.35721, 1], 
 22: [2.06115, 3.88002, -0.878732, 1], 
 23: [1.50725, 2.98638, -1.92729, 1], 
 24: [2.12021, 3.33775, -1.60098, 1], 
 25: [2.46331, 3.46639, -1.03786, 1], 
 26: [1.86601, 2.40423, -1.89421, 1], 
 27: [2.4629, 2.72875, -1.48616, 1], 
 28: [3.09136, 3.88042, 1.88971, 1], 
 29: [2.76226, 4.28927, 1.59967, 1], 
 30: [3.05229, 3.8532, 2.72451, 1], 
 31: [3.03211, 4.23434, 2.46184, 1], 
 32: [2.66959, 4.64447, 2.07229, 1], 
 33: [2.79682, 3.86719, 3.46884, 1], 
 34: [2.72021, 4.38658, 2.94242, 1], 
 35: [3.30317, 4.28608, 1.34085, 1], 
 36: [2.76226, 4.28927, 1.59967, 1], 
 37: [3.88232, 3.61045, 1.2392, 1], 
 38: [3.47503, 3.74056, 1.69998, 1], 
 39: [2.85166, 3.80643, 1.94173, 1], 
 40: [3.9563, 2.92969, 1.41754, 1], 
 41: [3.37138, 3.117, 1.78292, 1], 
 42: [3.29711, 4.03065, 1.51821, 1], 
 43: [2.76226, 4.28927, 1.59967, 1], 
 44: [3.73277, 3.4088, 2.02641, 1], 
 45: [3.31934, 3.86384, 2.17226, 1], 
 46: [2.72007, 4.16734, 2.18404, 1], 
 47: [3.63992, 2.92222, 2.6263, 1], 
 48: [3.11668, 3.51365, 2.66408, 1], 
 49: [3.09136, 3.88042, 1.88971, 1], 
 50: [2.76226, 4.28927, 1.59967, 1], 
 51: [3.05229, 3.8532, 2.72451, 1], 
 52: [3.03211, 4.23434, 2.46184, 1], 
 53: [2.66959, 4.64447, 2.07229, 1], 
 54: [2.79682, 3.86719, 3.46884, 1], 
 55: [2.72021, 4.38658, 2.94242, 1], 
 56: [3.30317, 4.28608, 1.34085, 1], 
 57: [2.76226, 4.28927, 1.59967, 1], 
 58: [3.88232, 3.61045, 1.2392, 1], 
 59: [3.47503, 3.74056, 1.69998, 1], 
 60: [2.85166, 3.80643, 1.94173, 1], 
 61: [3.9563, 2.92969, 1.41754, 1], 
 62: [3.37138, 3.117, 1.78292, 1], 
 63: [3.29711, 4.03065, 1.51821, 1], 
 64: [2.76226, 4.28927, 1.59967, 1], 
 65: [3.73277, 3.4088, 2.02641, 1], 
 66: [3.31934, 3.86384, 2.17226, 1], 
 67: [2.72007, 4.16734, 2.18404, 1], 
 68: [3.63992, 2.92222, 2.6263, 1], 
 69: [3.11668, 3.51365, 2.66408, 1], 
 70: [3.82091, 4.89495, -0.217666, 1], 
 71: [3.3664, 5.11445, 0.106105, 1], 
 72: [4.57762, 4.84674, 0.134773, 1], 
 73: [4.26366, 5.18012, 0.205122, 1], 
 74: [3.70565, 5.38651, 0.517235, 1], 
 75: [5.16671, 4.73877, 0.645471, 1], 
 76: [4.56667, 5.17229, 0.71456, 1], 
 77: [3.32319, 5.35668, -0.44074, 1], 
 78: [3.3664, 5.11445, 0.106105, 1], 
 79: [3.55383, 5.01423, -1.23556, 1], 
 80: [3.80834, 4.94391, -0.665119, 1], 
 81: [3.79554, 4.72073, -0.0315534, 1], 
 82: [3.86135, 4.43803, -1.50785, 1], 
 83: [3.95483, 4.33968, -0.806194, 1], 
 84: [3.52781, 5.12444, -0.471329, 1], 
 85: [3.3664, 5.11445, 0.106105, 1], 
 86: [4.25739, 4.76091, -0.88403, 1], 
 87: [4.16469, 4.98046, -0.298835, 1], 
 88: [3.90853, 4.98214, 0.322261, 1], 
 89: [4.85848, 4.27998, -0.771635, 1], 
 90: [4.60377, 4.57283, -0.0828964, 1], 
 91: [3.82091, 4.89495, -0.217666, 1], 
 92: [3.3664, 5.11445, 0.106105, 1], 
 93: [4.57762, 4.84674, 0.134773, 1], 
 94: [4.26366, 5.18012, 0.205122, 1], 
 95: [3.70565, 5.38651, 0.517235, 1], 
 96: [5.16671, 4.73877, 0.645471, 1], 
 97: [4.56667, 5.17229, 0.71456, 1], 
 98: [3.32319, 5.35668, -0.44074, 1], 
 99: [3.3664, 5.11445, 0.106105, 1], 
 100: [3.55383, 5.01423, -1.23556, 1], 
 101: [3.80834, 4.94391, -0.665119, 1], 
 102: [3.79554, 4.72073, -0.0315534, 1], 
 103: [3.86135, 4.43803, -1.50785, 1], 
 104: [3.95483, 4.33968, -0.806194, 1], 
 105: [3.52781, 5.12444, -0.471329, 1], 
 106: [3.3664, 5.11445, 0.106105, 1], 
 107: [4.25739, 4.76091, -0.88403, 1], 
 108: [4.16469, 4.98046, -0.298835, 1], 
 109: [3.90853, 4.98214, 0.322261, 1], 
 110: [4.85848, 4.27998, -0.771635, 1], 
 111: [4.60377, 4.57283, -0.0828964, 1], 
 112: [-0.406095, 5.33293, 0.602093, 1], 
 113: [-0.495897, 5.55343, 0.0517328, 1], 
 114: [-1.05981, 5.02324, 1.0215, 1], 
 115: [-1.0661, 5.38703, 0.734642, 1], 
 116: [-1.08801, 5.6216, 0.105455, 1], 
 117: [-1.59477, 4.91606, 1.11353, 1], 
 118: [-1.61803, 5.17473, 0.693309, 1], 
 119: [-0.135357, 5.68186, 0.513358, 1], 
 120: [-0.495897, 5.55343, 0.0517328, 1], 
 121: [0.0590364, 5.16013, 1.37166, 1], 
 122: [-0.553063, 5.35774, 0.93356, 1], 
 123: [-0.901922, 5.24976, 0.36963, 1], 
 124: [-0.308745, 4.62296, 1.58353, 1], 
 125: [-0.9063, 4.76215, 1.08189, 1], 
 126: [-0.406095, 5.33293, 0.602093, 1], 
 127: [-0.495897, 5.55343, 0.0517328, 1], 
 128: [-1.05981, 5.02324, 1.0215, 1], 
 129: [-1.0661, 5.38703, 0.734642, 1], 
 130: [-1.08801, 5.6216, 0.105455, 1], 
 131: [-1.59477, 4.91606, 1.11353, 1], 
 132: [-1.61803, 5.17473, 0.693309, 1], 
 133: [-0.135357, 5.68186, 0.513358, 1], 
 134: [-0.495897, 5.55343, 0.0517328, 1], 
 135: [0.0590364, 5.16013, 1.37166, 1], 
 136: [-0.553063, 5.35774, 0.93356, 1], 
 137: [-0.901922, 5.24976, 0.36963, 1], 
 138: [-0.308745, 4.62296, 1.58353, 1], 
 139: [-0.9063, 4.76215, 1.08189, 1], 
 140: [0.728492, 6.10513, -0.796817, 1], 
 141: [0.39791, 5.73574, -0.459413, 1], 
 142: [1.37421, 6.50131, -0.442918, 1], 
 143: [0.969378, 6.40254, -0.240379, 1], 
 144: [0.576545, 5.95354, 0.0685853, 1], 
 145: [2.00685, 6.67403, -0.00767958, 1], 
 146: [1.34834, 6.41066, 0.215391, 1], 
 147: [0.015523, 6.05698, -0.791321, 1], 
 148: [0.39791, 5.73574, -0.459413, 1], 
 149: [0.120391, 6.39585, -1.61374, 1], 
 150: [0.531483, 6.31014, -1.146, 1], 
 151: [0.894844, 5.91949, -0.737666, 1], 
 152: [0.615271, 6.45341, -2.11624, 1], 
 153: [0.986642, 6.17665, -1.57198, 1], 
 154: [0.294806, 6.10735, -0.918599, 1], 
 155: [0.39791, 5.73574, -0.459413, 1], 
 156: [0.870288, 6.64928, -1.37675, 1], 
 157: [0.865119, 6.44149, -0.780052, 1], 
 158: [0.914103, 5.98585, -0.288761, 1], 
 159: [1.62475, 6.81261, -1.47345, 1], 
 160: [1.50096, 6.4757, -0.769056, 1], 
 161: [0.728492, 6.10513, -0.796817, 1], 
 162: [0.39791, 5.73574, -0.459413, 1], 
 163: [1.37421, 6.50131, -0.442918, 1], 
 164: [0.969378, 6.40254, -0.240379, 1], 
 165: [0.576545, 5.95354, 0.0685853, 1], 
 166: [2.00685, 6.67403, -0.00767958, 1], 
 167: [1.34834, 6.41066, 0.215391, 1], 
 168: [0.015523, 6.05698, -0.791321, 1], 
 169: [0.39791, 5.73574, -0.459413, 1], 
 170: [0.120391, 6.39585, -1.61374, 1], 
 171: [0.531483, 6.31014, -1.146, 1], 
 172: [0.894844, 5.91949, -0.737666, 1], 
 173: [0.615271, 6.45341, -2.11624, 1], 
 174: [0.986642, 6.17665, -1.57198, 1], 
 175: [0.294806, 6.10735, -0.918599, 1], 
 176: [0.39791, 5.73574, -0.459413, 1], 
 177: [0.870288, 6.64928, -1.37675, 1], 
 178: [0.865119, 6.44149, -0.780052, 1], 
 179: [0.914103, 5.98585, -0.288761, 1], 
 180: [1.62475, 6.81261, -1.47345, 1], 
 181: [1.50096, 6.4757, -0.769056, 1], 
 182: [-1.40597, 4.64205, -1.90448, 1], 
 183: [-1.22202, 4.84379, -1.37059, 1], 
 184: [-0.851363, 4.26368, -2.40288, 1], 
 185: [-0.766312, 4.62069, -2.12008, 1], 
 186: [-0.637604, 4.84332, -1.49939, 1], 
 187: [-0.348602, 4.09618, -2.56197, 1], 
 188: [-0.242224, 4.34517, -2.14878, 1], 
 189: [-1.62063, 5.01896, -1.7829, 1], 
 190: [-1.22202, 4.84379, -1.37059, 1], 
 191: [-1.98183, 4.53403, -2.60816, 1], 
 192: [-1.30029, 4.6537, -2.25202, 1], 
 193: [-0.897838, 4.49893, -1.7368, 1], 
 194: [-1.70918, 3.96041, -2.86375, 1], 
 195: [-1.04075, 4.02297, -2.44258, 1], 
 196: [-1.40597, 4.64205, -1.90448, 1], 
 197: [-1.22202, 4.84379, -1.37059, 1], 
 198: [-0.851363, 4.26368, -2.40288, 1], 
 199: [-0.766312, 4.62069, -2.12008, 1], 
 200: [-0.637604, 4.84332, -1.49939, 1], 
 201: [-0.348602, 4.09618, -2.56197, 1], 
 202: [-0.242224, 4.34517, -2.14878, 1], 
 203: [-1.62063, 5.01896, -1.7829, 1], 
 204: [-1.22202, 4.84379, -1.37059, 1], 
 205: [-1.98183, 4.53403, -2.60816, 1], 
 206: [-1.30029, 4.6537, -2.25202, 1], 
 207: [-0.897838, 4.49893, -1.7368, 1], 
 208: [-1.70918, 3.96041, -2.86375, 1], 
 209: [-1.04075, 4.02297, -2.44258, 1], 
 210: [-1.87996, 5.54713, -0.635836, 1], 
 211: [-1.82022, 5.48385, -1.22914, 1], 
 212: [-2.62842, 5.40569, -0.290919, 1], 
 213: [-2.54986, 5.59677, -0.705631, 1], 
 214: [-2.40407, 5.51609, -1.35649, 1], 
 215: [-3.17249, 5.30512, -0.290737, 1], 
 216: [-3.08008, 5.34083, -0.774703, 1], 
 217: [-1.58418, 5.83987, -0.808283, 1], 
 218: [-1.82022, 5.48385, -1.22914, 1], 
 219: [-1.63069, 5.78583, 0.2123, 1], 
 220: [-2.10512, 5.70698, -0.399542, 1], 
 221: [-2.3033, 5.32353, -0.914389, 1], 
 222: [-2.05769, 5.37377, 0.553753, 1], 
 223: [-2.50391, 5.21554, -0.0818112, 1], 
 224: [-1.87996, 5.54713, -0.635836, 1], 
 225: [-1.82022, 5.48385, -1.22914, 1], 
 226: [-2.62842, 5.40569, -0.290919, 1], 
 227: [-2.54986, 5.59677, -0.705631, 1], 
 228: [-2.40407, 5.51609, -1.35649, 1], 
 229: [-3.17249, 5.30512, -0.290737, 1], 
 230: [-3.08008, 5.34083, -0.774703, 1], 
 231: [-1.58418, 5.83987, -0.808283, 1], 
 232: [-1.82022, 5.48385, -1.22914, 1], 
 233: [-1.63069, 5.78583, 0.2123, 1], 
 234: [-2.10512, 5.70698, -0.399542, 1], 
 235: [-2.3033, 5.32353, -0.914389, 1], 
 236: [-2.05769, 5.37377, 0.553753, 1], 
 237: [-2.50391, 5.21554, -0.0818112, 1], 
 238: [-3.40633, 4.13055, -1.67328, 1], 
 239: [-2.98153, 4.55262, -1.70469, 1], 
 240: [-3.72796, 3.83172, -2.38491, 1], 
 241: [-3.59436, 4.26849, -2.30709, 1], 
 242: [-3.09682, 4.71827, -2.26807, 1], 
 243: [-3.81108, 3.81252, -2.93159, 1], 
 244: [-3.5165, 4.20706, -2.89153, 1], 
 245: [-3.43237, 4.42259, -1.3313, 1], 
 246: [-2.98153, 4.55262, -1.70469, 1], 
 247: [-4.02639, 3.59201, -1.26837, 1], 
 248: [-3.73332, 4.06104, -1.81588, 1], 
 249: [-3.1941, 4.24501, -2.17194, 1], 
 250: [-4.05284, 3.1043, -1.7481, 1], 
 251: [-3.67849, 3.54094, -2.29336, 1], 
 252: [-3.40633, 4.13055, -1.67328, 1], 
 253: [-2.98153, 4.55262, -1.70469, 1], 
 254: [-3.72796, 3.83172, -2.38491, 1], 
 255: [-3.59436, 4.26849, -2.30709, 1], 
 256: [-3.09682, 4.71827, -2.26807, 1], 
 257: [-3.81108, 3.81252, -2.93159, 1], 
 258: [-3.5165, 4.20706, -2.89153, 1], 
 259: [-3.43237, 4.42259, -1.3313, 1], 
 260: [-2.98153, 4.55262, -1.70469, 1], 
 261: [-4.02639, 3.59201, -1.26837, 1], 
 262: [-3.73332, 4.06104, -1.81588, 1], 
 263: [-3.1941, 4.24501, -2.17194, 1], 
 264: [-4.05284, 3.1043, -1.7481, 1], 
 265: [-3.67849, 3.54094, -2.29336, 1], 
 266: [-3.81216, 4.41796, -0.399208, 1], 
 267: [-3.54283, 4.8593, -0.702939, 1], 
 268: [-4.64699, 4.37305, -0.413252, 1], 
 269: [-4.39377, 4.76104, -0.410652, 1], 
 270: [-4.02619, 5.20888, -0.750803, 1], 
 271: [-5.3998, 4.38905, -0.64242, 1], 
 272: [-4.88807, 4.92598, -0.693261, 1], 
 273: [-3.26554, 4.81873, -0.1728, 1], 
 274: [-3.54283, 4.8593, -0.702939, 1], 
 275: [-3.12895, 4.10111, 0.345439, 1], 
 276: [-3.60627, 4.25223, -0.0346392, 1], 
 277: [-3.87073, 4.36237, -0.642347, 1], 
 278: [-3.28937, 3.41233, 0.369155, 1], 
 279: [-3.67876, 3.63725, -0.186284, 1], 
 280: [-3.43725, 4.56027, -0.194006, 1], 
 281: [-3.54283, 4.8593, -0.702939, 1], 
 282: [-3.91614, 3.89257, 0.205507, 1], 
 283: [-4.08626, 4.37585, -0.164294, 1], 
 284: [-4.12543, 4.72658, -0.735984, 1], 
 285: [-4.50783, 3.40023, 0.0926302, 1], 
 286: [-4.57681, 4.03103, -0.378891, 1], 
 287: [-3.81216, 4.41796, -0.399208, 1], 
 288: [-3.54283, 4.8593, -0.702939, 1], 
 289: [-4.64699, 4.37305, -0.413252, 1], 
 290: [-4.39377, 4.76104, -0.410652, 1], 
 291: [-4.02619, 5.20888, -0.750803, 1], 
 292: [-5.3998, 4.38905, -0.64242, 1], 
 293: [-4.88807, 4.92598, -0.693261, 1], 
 294: [-3.26554, 4.81873, -0.1728, 1], 
 295: [-3.54283, 4.8593, -0.702939, 1], 
 296: [-3.12895, 4.10111, 0.345439, 1], 
 297: [-3.60627, 4.25223, -0.0346392, 1], 
 298: [-3.87073, 4.36237, -0.642347, 1], 
 299: [-3.28937, 3.41233, 0.369155, 1], 
 300: [-3.67876, 3.63725, -0.186284, 1], 
 301: [-3.43725, 4.56027, -0.194006, 1], 
 302: [-3.54283, 4.8593, -0.702939, 1], 
 303: [-3.91614, 3.89257, 0.205507, 1], 
 304: [-4.08626, 4.37585, -0.164294, 1], 
 305: [-4.12543, 4.72658, -0.735984, 1], 
 306: [-4.50783, 3.40023, 0.0926302, 1], 
 307: [-4.57681, 4.03103, -0.378891, 1], 
 308: [-1.49115, 5.18224, 2.18689, 1], 
 309: [-1.4449, 5.48463, 1.67113, 1], 
 310: [-2.22896, 4.84463, 2.3889, 1], 
 311: [-2.16318, 5.24634, 2.1676, 1], 
 312: [-2.03206, 5.57106, 1.59424, 1], 
 313: [-2.7714, 4.74958, 2.33542, 1], 
 314: [-2.69124, 5.06766, 1.96604, 1], 
 315: [-1.2038, 5.52771, 2.21849, 1], 
 316: [-1.4449, 5.48463, 1.67113, 1], 
 317: [-1.22482, 4.87789, 3.0084, 1], 
 318: [-1.71276, 5.165, 2.47442, 1], 
 319: [-1.9179, 5.15654, 1.83472, 1], 
 320: [-1.63756, 4.33281, 3.0435, 1], 
 321: [-2.09676, 4.57081, 2.44301, 1], 
 322: [-1.49115, 5.18224, 2.18689, 1], 
 323: [-1.4449, 5.48463, 1.67113, 1], 
 324: [-2.22896, 4.84463, 2.3889, 1], 
 325: [-2.16318, 5.24634, 2.1676, 1], 
 326: [-2.03206, 5.57106, 1.59424, 1], 
 327: [-2.7714, 4.74958, 2.33542, 1], 
 328: [-2.69124, 5.06766, 1.96604, 1], 
 329: [-1.2038, 5.52771, 2.21849, 1], 
 330: [-1.4449, 5.48463, 1.67113, 1], 
 331: [-1.22482, 4.87789, 3.0084, 1], 
 332: [-1.71276, 5.165, 2.47442, 1], 
 333: [-1.9179, 5.15654, 1.83472, 1], 
 334: [-1.63756, 4.33281, 3.0435, 1], 
 335: [-2.09676, 4.57081, 2.44301, 1]]
Number of polygons: 288
Polygon Connection List
[0: [0, 3, 2], 
1: [0, 1, 3], 
2: [1, 4, 3], 
3: [2, 3, 5], 
4: [3, 6, 5], 
5: [3, 4, 6], 
6: [7, 10, 9], 
7: [7, 8, 10], 
8: [8, 11, 10], 
9: [9, 10, 12], 
10: [10, 13, 12], 
11: [10, 11, 13], 
12: [14, 16, 17], 
13: [14, 17, 15], 
14: [15, 17, 18], 
15: [16, 19, 17], 
16: [17, 19, 20], 
17: [17, 20, 18], 
18: [21, 23, 24], 
19: [21, 24, 22], 
20: [22, 24, 25], 
21: [23, 26, 24], 
22: [24, 26, 27], 
23: [24, 27, 25], 
24: [28, 31, 30], 
25: [28, 29, 31], 
26: [29, 32, 31], 
27: [30, 31, 33], 
28: [31, 34, 33], 
29: [31, 32, 34], 
30: [35, 38, 37], 
31: [35, 36, 38], 
32: [36, 39, 38], 
33: [37, 38, 40], 
34: [38, 41, 40], 
35: [38, 39, 41], 
36: [42, 45, 44], 
37: [42, 43, 45], 
38: [43, 46, 45], 
39: [44, 45, 47], 
40: [45, 48, 47], 
41: [45, 46, 48], 
42: [49, 51, 52], 
43: [49, 52, 50], 
44: [50, 52, 53], 
45: [51, 54, 52], 
46: [52, 54, 55], 
47: [52, 55, 53], 
48: [56, 58, 59], 
49: [56, 59, 57], 
50: [57, 59, 60], 
51: [58, 61, 59], 
52: [59, 61, 62], 
53: [59, 62, 60], 
54: [63, 65, 66], 
55: [63, 66, 64], 
56: [64, 66, 67], 
57: [65, 68, 66], 
58: [66, 68, 69], 
59: [66, 69, 67], 
60: [70, 73, 72], 
61: [70, 71, 73], 
62: [71, 74, 73], 
63: [72, 73, 75], 
64: [73, 76, 75], 
65: [73, 74, 76], 
66: [77, 80, 79], 
67: [77, 78, 80], 
68: [78, 81, 80], 
69: [79, 80, 82], 
70: [80, 83, 82], 
71: [80, 81, 83], 
72: [84, 87, 86], 
73: [84, 85, 87], 
74: [85, 88, 87], 
75: [86, 87, 89], 
76: [87, 90, 89], 
77: [87, 88, 90], 
78: [91, 93, 94], 
79: [91, 94, 92], 
80: [92, 94, 95], 
81: [93, 96, 94], 
82: [94, 96, 97], 
83: [94, 97, 95], 
84: [98, 100, 101], 
85: [98, 101, 99], 
86: [99, 101, 102], 
87: [100, 103, 101], 
88: [101, 103, 104], 
89: [101, 104, 102], 
90: [105, 107, 108], 
91: [105, 108, 106], 
92: [106, 108, 109], 
93: [107, 110, 108], 
94: [108, 110, 111], 
95: [108, 111, 109], 
96: [112, 115, 114], 
97: [112, 113, 115], 
98: [113, 116, 115], 
99: [114, 115, 117], 
100: [115, 118, 117], 
101: [115, 116, 118], 
102: [119, 122, 121], 
103: [119, 120, 122], 
104: [120, 123, 122], 
105: [121, 122, 124], 
106: [122, 125, 124], 
107: [122, 123, 125], 
108: [126, 128, 129], 
109: [126, 129, 127], 
110: [127, 129, 130], 
111: [128, 131, 129], 
112: [129, 131, 132], 
113: [129, 132, 130], 
114: [133, 135, 136], 
115: [133, 136, 134], 
116: [134, 136, 137], 
117: [135, 138, 136], 
118: [136, 138, 139], 
119: [136, 139, 137], 
120: [140, 143, 142], 
121: [140, 141, 143], 
122: [141, 144, 143], 
123: [142, 143, 145], 
124: [143, 146, 145], 
125: [143, 144, 146], 
126: [147, 150, 149], 
127: [147, 148, 150], 
128: [148, 151, 150], 
129: [149, 150, 152], 
130: [150, 153, 152], 
131: [150, 151, 153], 
132: [154, 157, 156], 
133: [154, 155, 157], 
134: [155, 158, 157], 
135: [156, 157, 159], 
136: [157, 160, 159], 
137: [157, 158, 160], 
138: [161, 163, 164], 
139: [161, 164, 162], 
140: [162, 164, 165], 
141: [163, 166, 164], 
142: [164, 166, 167], 
143: [164, 167, 165], 
144: [168, 170, 171], 
145: [168, 171, 169], 
146: [169, 171, 172], 
147: [170, 173, 171], 
148: [171, 173, 174], 
149: [171, 174, 172], 
150: [175, 177, 178], 
151: [175, 178, 176], 
152: [176, 178, 179], 
153: [177, 180, 178], 
154: [178, 180, 181], 
155: [178, 181, 179], 
156: [182, 185, 184], 
157: [182, 183, 185], 
158: [183, 186, 185], 
159: [184, 185, 187], 
160: [185, 188, 187], 
161: [185, 186, 188], 
162: [189, 192, 191], 
163: [189, 190, 192], 
164: [190, 193, 192], 
165: [191, 192, 194], 
166: [192, 195, 194], 
167: [192, 193, 195], 
168: [196, 198, 199], 
169: [196, 199, 197], 
170: [197, 199, 200], 
171: [198, 201, 199], 
172: [199, 201, 202], 
173: [199, 202, 200], 
174: [203, 205, 206], 
175: [203, 206, 204], 
176: [204, 206, 207], 
177: [205, 208, 206], 
178: [206, 208, 209], 
179: [206, 209, 207], 
180: [210, 213, 212], 
181: [210, 211, 213], 
182: [211, 214, 213], 
183: [212, 213, 215], 
184: [213, 216, 215], 
185: [213, 214, 216], 
186: [217, 220, 219], 
187: [217, 218, 220], 
188: [218, 221, 220], 
189: [219, 220, 222], 
190: [220, 223, 222], 
191: [220, 221, 223], 
192: [224, 226, 227], 
193: [224, 227, 225], 
194: [225, 227, 228], 
195: [226, 229, 227], 
196: [227, 229, 230], 
197: [227, 230, 228], 
198: [231, 233, 234], 
199: [231, 234, 232], 
200: [232, 234, 235], 
201: [233, 236, 234], 
202: [234, 236, 237], 
203: [234, 237, 235], 
204: [238, 241, 240], 
205: [238, 239, 241], 
206: [239, 242, 241], 
207: [240, 241, 243], 
208: [241, 244, 243], 
209: [241, 242, 244], 
210: [245, 248, 247], 
211: [245, 246, 248], 
212: [246, 249, 248], 
213: [247, 248, 250], 
214: [248, 251, 250], 
215: [248, 249, 251], 
216: [252, 254, 255], 
217: [252, 255, 253], 
218: [253, 255, 256], 
219: [254, 257, 255], 
220: [255, 257, 258], 
221: [255, 258, 256], 
222: [259, 261, 262], 
223: [259, 262, 260], 
224: [260, 262, 263], 
225: [261, 264, 262], 
226: [262, 264, 265], 
227: [262, 265, 263], 
228: [266, 269, 268], 
229: [266, 267, 269], 
230: [267, 270, 269], 
231: [268, 269, 271], 
232: [269, 272, 271], 
233: [269, 270, 272], 
234: [273, 276, 275], 
235: [273, 274, 276], 
236: [274, 277, 276], 
237: [275, 276, 278], 
238: [276, 279, 278], 
239: [276, 277, 279], 
240: [280, 283, 282], 
241: [280, 281, 283], 
242: [281, 284, 283], 
243: [282, 283, 285], 
244: [283, 286, 285], 
245: [283, 284, 286], 
246: [287, 289, 290], 
247: [287, 290, 288], 
248: [288, 290, 291], 
249: [289, 292, 290], 
250: [290, 292, 293], 
251: [290, 293, 291], 
252: [294, 296, 297], 
253: [294, 297, 295], 
254: [295, 297, 298], 
255: [296, 299, 297], 
256: [297, 299, 300], 
257: [297, 300, 298], 
258: [301, 303, 304], 
259: [301, 304, 302], 
260: [302, 304, 305], 
261: [303, 306, 304], 
262: [304, 306, 307], 
263: [304, 307, 305], 
264: [308, 311, 310], 
265: [308, 309, 311], 
266: [309, 312, 311], 
267: [310, 311, 313], 
268: [311, 314, 313], 
269: [311, 312, 314], 
270: [315, 318, 317], 
271: [315, 316, 318], 
272: [316, 319, 318], 
273: [317, 318, 320], 
274: [318, 321, 320], 
275: [318, 319, 321], 
276: [322, 324, 325], 
277: [322, 325, 323], 
278: [323, 325, 326], 
279: [324, 327, 325], 
280: [325, 327, 328], 
281: [325, 328, 326], 
282: [329, 331, 332], 
283: [329, 332, 330], 
284: [330, 332, 333], 
285: [331, 334, 332], 
286: [332, 334, 335], 
287: [332, 335, 333]]
Per Vertex Normals
[0: [-0.146518, 0.594634, -0.790534], 
 1: [-0.121847, 0.705767, -0.697887], 
 2: [-0.0602083, 0.242279, -0.968337], 
 3: [0.0650429, 0.521395, -0.850833], 
 4: [0.036824, 0.709202, -0.704042], 
 5: [0.218604, 0.407925, -0.886459], 
 6: [0.368175, 0.557036, -0.744418], 
 7: [0.396001, 0.668783, -0.629215], 
 8: [0.52417, 0.701055, -0.483496], 
 9: [0.30598, 0.304051, -0.90218], 
 10: [0.489755, 0.455819, -0.743215], 
 11: [0.632683, 0.576412, -0.517166], 
 12: [0.442229, 0.156963, -0.883061], 
 13: [0.621807, 0.207525, -0.755176], 
 14: [0.146518, -0.594633, 0.790534], 
 15: [0.121847, -0.705767, 0.697887], 
 16: [0.0602082, -0.242278, 0.968337], 
 17: [-0.065043, -0.521395, 0.850833], 
 18: [-0.036824, -0.709202, 0.704043], 
 19: [-0.218604, -0.407925, 0.886459], 
 20: [-0.368175, -0.557036, 0.744418], 
 21: [-0.396001, -0.668784, 0.629215], 
 22: [-0.52417, -0.701055, 0.483496], 
 23: [-0.30598, -0.304051, 0.90218], 
 24: [-0.489755, -0.455819, 0.743215], 
 25: [-0.632683, -0.576412, 0.517166], 
 26: [-0.442229, -0.156963, 0.883061], 
 27: [-0.621807, -0.207525, 0.755175], 
 28: [0.900917, 0.404601, -0.156991], 
 29: [0.828723, 0.511655, -0.226778], 
 30: [0.949963, 0.209784, 0.231433], 
 31: [0.885172, 0.456734, 0.0886762], 
 32: [0.791459, 0.602644, -0.102045], 
 33: [0.851503, 0.396233, 0.343427], 
 34: [0.759686, 0.570359, 0.312359], 
 35: [0.477934, 0.583078, 0.656962], 
 36: [0.34894, 0.586849, 0.730649], 
 37: [0.749633, 0.343923, 0.565479], 
 38: [0.554482, 0.344661, 0.757468], 
 39: [0.366138, 0.422886, 0.828921], 
 40: [0.659392, 0.133666, 0.739821], 
 41: [0.47857, 0.0371357, 0.877264], 
 42: [0.55948, 0.80749, 0.186928], 
 43: [0.448, 0.869059, 0.20984], 
 44: [0.739538, 0.545522, 0.394321], 
 45: [0.586029, 0.700924, 0.406541], 
 46: [0.426859, 0.828785, 0.361811], 
 47: [0.66418, 0.495878, 0.559437], 
 48: [0.535566, 0.567892, 0.625035], 
 49: [-0.900917, -0.404602, 0.156991], 
 50: [-0.828723, -0.511655, 0.226778], 
 51: [-0.949963, -0.209785, -0.231433], 
 52: [-0.885172, -0.456735, -0.0886762], 
 53: [-0.791459, -0.602644, 0.102044], 
 54: [-0.851503, -0.396233, -0.343426], 
 55: [-0.759687, -0.570358, -0.312358], 
 56: [-0.477933, -0.583078, -0.656962], 
 57: [-0.34894, -0.586849, -0.73065], 
 58: [-0.749633, -0.343923, -0.565479], 
 59: [-0.554482, -0.344661, -0.757468], 
 60: [-0.366138, -0.422886, -0.828921], 
 61: [-0.659392, -0.133666, -0.739822], 
 62: [-0.478569, -0.0371357, -0.877264], 
 63: [-0.55948, -0.80749, -0.186928], 
 64: [-0.448, -0.869059, -0.20984], 
 65: [-0.739538, -0.545522, -0.394321], 
 66: [-0.586029, -0.700924, -0.406541], 
 67: [-0.426859, -0.828785, -0.36181], 
 68: [-0.66418, -0.495878, -0.559437], 
 69: [-0.535566, -0.567892, -0.625035], 
 70: [0.108862, 0.76753, -0.631701], 
 71: [0.000510553, 0.83124, -0.555913], 
 72: [0.516435, 0.612602, -0.598343], 
 73: [0.319659, 0.805158, -0.499538], 
 74: [0.0859322, 0.894823, -0.438071], 
 75: [0.55179, 0.734047, -0.395856], 
 76: [0.460376, 0.848557, -0.260778], 
 77: [0.673478, 0.730668, 0.112032], 
 78: [0.694243, 0.675501, 0.248446], 
 79: [0.728079, 0.639849, -0.245956], 
 80: [0.834226, 0.551339, -0.00964432], 
 81: [0.818846, 0.53602, 0.205361], 
 82: [0.891986, 0.410149, -0.190104], 
 83: [0.969982, 0.241606, -0.0275762], 
 84: [0.232689, 0.971349, -0.0483455], 
 85: [0.203171, 0.976067, 0.0775511], 
 86: [0.532651, 0.816693, -0.222026], 
 87: [0.46209, 0.886421, -0.0270308], 
 88: [0.341991, 0.929436, 0.138532], 
 89: [0.66573, 0.737224, -0.115344], 
 90: [0.667442, 0.743247, 0.0458754], 
 91: [-0.108862, -0.767531, 0.631701], 
 92: [-0.000510557, -0.83124, 0.555913], 
 93: [-0.516435, -0.612601, 0.598343], 
 94: [-0.319659, -0.805158, 0.499538], 
 95: [-0.0859322, -0.894823, 0.438072], 
 96: [-0.55179, -0.734047, 0.395857], 
 97: [-0.460376, -0.848557, 0.260779], 
 98: [-0.673478, -0.730668, -0.112032], 
 99: [-0.694243, -0.6755, -0.248446], 
 100: [-0.728079, -0.639848, 0.245956], 
 101: [-0.834226, -0.551339, 0.00964448], 
 102: [-0.818846, -0.53602, -0.205361], 
 103: [-0.891986, -0.410149, 0.190104], 
 104: [-0.969982, -0.241606, 0.0275761], 
 105: [-0.232689, -0.971349, 0.048345], 
 106: [-0.203171, -0.976067, -0.0775519], 
 107: [-0.53265, -0.816693, 0.222027], 
 108: [-0.46209, -0.886421, 0.0270308], 
 109: [-0.341991, -0.929436, -0.138532], 
 110: [-0.665731, -0.737224, 0.115344], 
 111: [-0.667442, -0.743247, -0.0458756], 
 112: [0.166166, 0.864375, 0.4746], 
 113: [0.141877, 0.927977, 0.344572], 
 114: [0.0770885, 0.618156, 0.782266], 
 115: [-0.0456095, 0.826517, 0.561062], 
 116: [-0.0166258, 0.936683, 0.349783], 
 117: [-0.200334, 0.740734, 0.641233], 
 118: [-0.349612, 0.821005, 0.451356], 
 119: [-0.377357, 0.875944, 0.300539], 
 120: [-0.507022, 0.84783, 0.155283], 
 121: [-0.289017, 0.654234, 0.69889], 
 122: [-0.472686, 0.730616, 0.492715], 
 123: [-0.6169, 0.750198, 0.237984], 
 124: [-0.427683, 0.514954, 0.742906], 
 125: [-0.60823, 0.511832, 0.6067], 
 126: [-0.166166, -0.864375, -0.4746], 
 127: [-0.141877, -0.927977, -0.344571], 
 128: [-0.0770885, -0.618156, -0.782266], 
 129: [0.0456095, -0.826517, -0.561062], 
 130: [0.0166258, -0.936683, -0.349783], 
 131: [0.200334, -0.740734, -0.641233], 
 132: [0.349612, -0.821005, -0.451357], 
 133: [0.377357, -0.875944, -0.300539], 
 134: [0.507022, -0.84783, -0.155283], 
 135: [0.289016, -0.654233, -0.698891], 
 136: [0.472686, -0.730616, -0.492715], 
 137: [0.6169, -0.750198, -0.237984], 
 138: [0.427683, -0.514954, -0.742906], 
 139: [0.60823, -0.511832, -0.6067], 
 140: [-0.669208, 0.73582, -0.103583], 
 141: [-0.756214, 0.654071, -0.0182026], 
 142: [-0.288506, 0.950782, -0.113038], 
 143: [-0.512093, 0.857424, 0.0508362], 
 144: [-0.702919, 0.700364, 0.124074], 
 145: [-0.2774, 0.95253, 0.125443], 
 146: [-0.367211, 0.883912, 0.289579], 
 147: [-0.01951, 0.826972, 0.561904], 
 148: [0.0787882, 0.756999, 0.648648], 
 149: [-0.0471752, 0.974358, 0.220002], 
 150: [0.163807, 0.909546, 0.381959], 
 151: [0.239034, 0.799029, 0.551738], 
 152: [0.234088, 0.958663, 0.161767], 
 153: [0.455366, 0.863732, 0.215888], 
 154: [-0.524029, 0.683991, 0.507495], 
 155: [-0.502546, 0.610707, 0.611951], 
 156: [-0.2853, 0.90589, 0.312996], 
 157: [-0.31041, 0.805046, 0.505516], 
 158: [-0.359771, 0.665954, 0.653506], 
 159: [-0.108096, 0.920915, 0.374474], 
 160: [-0.0549665, 0.856821, 0.512676], 
 161: [0.669208, -0.73582, 0.103583], 
 162: [0.756214, -0.654071, 0.0182023], 
 163: [0.288506, -0.950782, 0.113038], 
 164: [0.512093, -0.857424, -0.0508363], 
 165: [0.702919, -0.700364, -0.124075], 
 166: [0.2774, -0.95253, -0.125443], 
 167: [0.367211, -0.883912, -0.28958], 
 168: [0.01951, -0.826972, -0.561904], 
 169: [-0.0787883, -0.756999, -0.648648], 
 170: [0.0471752, -0.974358, -0.220002], 
 171: [-0.163807, -0.909546, -0.381959], 
 172: [-0.239034, -0.799029, -0.551738], 
 173: [-0.234088, -0.958663, -0.161767], 
 174: [-0.455366, -0.863732, -0.215888], 
 175: [0.524029, -0.68399, -0.507495], 
 176: [0.502546, -0.610707, -0.611952], 
 177: [0.2853, -0.90589, -0.312996], 
 178: [0.31041, -0.805046, -0.505516], 
 179: [0.35977, -0.665954, -0.653507], 
 180: [0.108096, -0.920915, -0.374474], 
 181: [0.0549665, -0.856821, -0.512675], 
 182: [-0.12277, 0.883639, -0.451786], 
 183: [-0.0749367, 0.942372, -0.326067], 
 184: [-0.10278, 0.63256, -0.767661], 
 185: [0.0704588, 0.82249, -0.564398], 
 186: [0.0815512, 0.932656, -0.351428], 
 187: [0.202684, 0.7203, -0.66339], 
 188: [0.383165, 0.780317, -0.494258], 
 189: [0.436021, 0.829787, -0.348339], 
 190: [0.578861, 0.784993, -0.220694], 
 191: [0.272625, 0.624797, -0.731645], 
 192: [0.488592, 0.676751, -0.550714], 
 193: [0.665206, 0.676281, -0.316457], 
 194: [0.38736, 0.470897, -0.792596], 
 195: [0.582095, 0.445121, -0.680465], 
 196: [0.12277, -0.883638, 0.451786], 
 197: [0.0749368, -0.942372, 0.326068], 
 198: [0.10278, -0.63256, 0.767661], 
 199: [-0.0704587, -0.82249, 0.564399], 
 200: [-0.0815511, -0.932656, 0.351429], 
 201: [-0.202684, -0.720301, 0.66339], 
 202: [-0.383165, -0.780317, 0.494258], 
 203: [-0.436021, -0.829787, 0.348339], 
 204: [-0.578861, -0.784993, 0.220693], 
 205: [-0.272625, -0.624797, 0.731645], 
 206: [-0.488592, -0.676751, 0.550714], 
 207: [-0.665206, -0.676281, 0.316457], 
 208: [-0.38736, -0.470897, 0.792596], 
 209: [-0.582095, -0.445121, 0.680465], 
 210: [0.0691776, 0.996596, 0.0448398], 
 211: [0.0807014, 0.991568, -0.101395], 
 212: [-0.102956, 0.910673, 0.400093], 
 213: [-0.158718, 0.983615, 0.0854965], 
 214: [-0.0735834, 0.98757, -0.138896], 
 215: [-0.331446, 0.930385, 0.156612], 
 216: [-0.425076, 0.901763, -0.0783252], 
 217: [-0.411919, 0.879286, -0.23912], 
 218: [-0.501464, 0.776713, -0.381118], 
 219: [-0.434646, 0.872135, 0.224642], 
 220: [-0.557532, 0.82959, -0.0306342], 
 221: [-0.631863, 0.718123, -0.291631], 
 222: [-0.584469, 0.756476, 0.293495], 
 223: [-0.724673, 0.675642, 0.135483], 
 224: [-0.0691776, -0.996596, -0.04484], 
 225: [-0.0807014, -0.991568, 0.101394], 
 226: [0.102956, -0.910673, -0.400093], 
 227: [0.158718, -0.983615, -0.0854969], 
 228: [0.0735834, -0.98757, 0.138895], 
 229: [0.331446, -0.930385, -0.156612], 
 230: [0.425076, -0.901762, 0.078325], 
 231: [0.411919, -0.879286, 0.23912], 
 232: [0.501464, -0.776713, 0.381118], 
 233: [0.434646, -0.872135, -0.224642], 
 234: [0.557532, -0.82959, 0.0306342], 
 235: [0.631863, -0.718123, 0.291631], 
 236: [0.584469, -0.756477, -0.293495], 
 237: [0.724673, -0.675642, -0.135483], 
 238: [-0.744103, 0.571948, 0.345234], 
 239: [-0.64814, 0.682725, 0.337344], 
 240: [-0.94636, 0.253839, 0.199921], 
 241: [-0.825143, 0.549971, 0.129116], 
 242: [-0.667009, 0.721827, 0.184567], 
 243: [-0.878986, 0.475012, -0.0417868], 
 244: [-0.742063, 0.64917, -0.167095], 
 245: [-0.623875, 0.760521, -0.179965], 
 246: [-0.487601, 0.815959, -0.310575], 
 247: [-0.907131, 0.393925, -0.148108], 
 248: [-0.75601, 0.577787, -0.307588], 
 249: [-0.536408, 0.719959, -0.440369], 
 250: [-0.906817, 0.280569, -0.314585], 
 251: [-0.791533, 0.365918, -0.489468], 
 252: [0.744103, -0.571948, -0.345234], 
 253: [0.64814, -0.682725, -0.337344], 
 254: [0.94636, -0.25384, -0.199921], 
 255: [0.825143, -0.549971, -0.129116], 
 256: [0.667009, -0.721827, -0.184566], 
 257: [0.878986, -0.475013, 0.041787], 
 258: [0.742063, -0.64917, 0.167095], 
 259: [0.623874, -0.760522, 0.179965], 
 260: [0.487601, -0.815959, 0.310575], 
 261: [0.907132, -0.393924, 0.148108], 
 262: [0.756011, -0.577787, 0.307588], 
 263: [0.536409, -0.719959, 0.440369], 
 264: [0.906817, -0.280568, 0.314585], 
 265: [0.791533, -0.365918, 0.489468], 
 266: [0.178806, 0.333985, 0.925463], 
 267: [0.243657, 0.44826, 0.860055], 
 268: [-0.203248, 0.126147, 0.970967], 
 269: [-0.0683619, 0.381043, 0.922026], 
 270: [0.115712, 0.538814, 0.83444], 
 271: [-0.322703, 0.3171, 0.891802], 
 272: [-0.298714, 0.498825, 0.813599], 
 273: [-0.653004, 0.525712, 0.545172], 
 274: [-0.731152, 0.538086, 0.419381], 
 275: [-0.546904, 0.267672, 0.793251], 
 276: [-0.745461, 0.279423, 0.605153], 
 277: [-0.825082, 0.370854, 0.42627], 
 278: [-0.719503, 0.0611217, 0.691795], 
 279: [-0.860892, -0.023838, 0.508229], 
 280: [-0.185578, 0.754491, 0.629527], 
 281: [-0.213683, 0.824306, 0.52427], 
 282: [-0.380745, 0.473657, 0.794155], 
 283: [-0.40171, 0.640645, 0.654372], 
 284: [-0.365352, 0.78208, 0.504845], 
 285: [-0.547204, 0.426163, 0.720383], 
 286: [-0.618781, 0.506706, 0.600299], 
 287: [-0.178806, -0.333985, -0.925463], 
 288: [-0.243657, -0.44826, -0.860055], 
 289: [0.203248, -0.126147, -0.970967], 
 290: [0.0683618, -0.381043, -0.922027], 
 291: [-0.115712, -0.538814, -0.83444], 
 292: [0.322703, -0.3171, -0.891802], 
 293: [0.298714, -0.498825, -0.813599], 
 294: [0.653004, -0.525712, -0.545172], 
 295: [0.731151, -0.538086, -0.419381], 
 296: [0.546904, -0.267672, -0.793252], 
 297: [0.745461, -0.279424, -0.605153], 
 298: [0.825082, -0.370855, -0.42627], 
 299: [0.719502, -0.0611218, -0.691795], 
 300: [0.860892, 0.0238377, -0.50823], 
 301: [0.185578, -0.754491, -0.629527], 
 302: [0.213683, -0.824306, -0.52427], 
 303: [0.380745, -0.473657, -0.794155], 
 304: [0.40171, -0.640645, -0.654372], 
 305: [0.365352, -0.78208, -0.504845], 
 306: [0.547204, -0.426163, -0.720383], 
 307: [0.618781, -0.506706, -0.6003], 
 308: [0.0561527, 0.777301, 0.626618], 
 309: [0.0642028, 0.860257, 0.505803], 
 310: [-0.106099, 0.493079, 0.863491], 
 311: [-0.170486, 0.736882, 0.654171], 
 312: [-0.0908727, 0.875304, 0.474959], 
 313: [-0.340672, 0.647429, 0.681747], 
 314: [-0.439548, 0.761282, 0.476706], 
 315: [-0.42997, 0.83887, 0.333801], 
 316: [-0.521468, 0.838204, 0.159644], 
 317: [-0.441361, 0.557553, 0.703089], 
 318: [-0.569777, 0.671508, 0.473741], 
 319: [-0.648822, 0.734632, 0.198357], 
 320: [-0.587824, 0.419786, 0.691551], 
 321: [-0.730656, 0.444807, 0.517965], 
 322: [-0.0561527, -0.777301, -0.626617], 
 323: [-0.0642028, -0.860257, -0.505802], 
 324: [0.106099, -0.493079, -0.863491], 
 325: [0.170486, -0.736882, -0.65417], 
 326: [0.0908728, -0.875304, -0.474959], 
 327: [0.340672, -0.647429, -0.681747], 
 328: [0.439548, -0.761282, -0.476705], 
 329: [0.42997, -0.83887, -0.3338], 
 330: [0.521468, -0.838204, -0.159643], 
 331: [0.441361, -0.557554, -0.703089], 
 332: [0.569777, -0.671508, -0.473741], 
 333: [0.648822, -0.734632, -0.198357], 
 334: [0.587824, -0.419786, -0.691551], 
 335: [0.730656, -0.444807, -0.517965]]
Texture Coordinates
[0: [0.5, 0],
1: [1, 0],
2: [0, 0.5],
3: [0.5, 0.5],
4: [1, 0.5],
5: [0, 1],
6: [0.5, 1],
7: [0.5, 0],
8: [1, 0],
9: [0, 0.5],
10: [0.5, 0.5],
11: [1, 0.5],
12: [0, 1],
13: [0.5, 1],
14: [0.5, 0],
15: [1, 0],
16: [0, 0.5],
17: [0.5, 0.5],
18: [1, 0.5],
19: [0, 1],
20: [0.5, 1],
21: [0.5, 0],
22: [1, 0],
23: [0, 0.5],
24: [0.5, 0.5],
25: [1, 0.5],
26: [0, 1],
27: [0.5, 1],
28: [0.5, 0],
29: [1, 0],
30: [0, 0.5],
31: [0.5, 0.5],
32: [1, 0.5],
33: [0, 1],
34: [0.5, 1],
35: [0.5, 0],
36: [1, 0],
37: [0, 0.5],
38: [0.5, 0.5],
39: [1, 0.5],
40: [0, 1],
41: [0.5, 1],
42: [0.5, 0],
43: [1, 0],
44: [0, 0.5],
45: [0.5, 0.5],
46: [1, 0.5],
47: [0, 1],
48: [0.5, 1],
49: [0.5, 0],
50: [1, 0],
51: [0, 0.5],
52: [0.5, 0.5],
53: [1, 0.5],
54: [0, 1],
55: [0.5, 1],
56: [0.5, 0],
57: [1, 0],
58: [0, 0.5],
59: [0.5, 0.5],
60: [1, 0.5],
61: [0, 1],
62: [0.5, 1],
63: [0.5, 0],
64: [1, 0],
65: [0, 0.5],
66: [0.5, 0.5],
67: [1, 0.5],
68: [0, 1],
69: [0.5, 1],
70: [0.5, 0],
71: [1, 0],
72: [0, 0.5],
73: [0.5, 0.5],
74: [1, 0.5],
75: [0, 1],
76: [0.5, 1],
77: [0.5, 0],
78: [1, 0],
79: [0, 0.5],
80: [0.5, 0.5],
81: [1, 0.5],
82: [0, 1],
83: [0.5, 1],
84: [0.5, 0],
85: [1, 0],
86: [0, 0.5],
87: [0.5, 0.5],
88: [1, 0.5],
89: [0, 1],
90: [0.5, 1],
91: [0.5, 0],
92: [1, 0],
93: [0, 0.5],
94: [0.5, 0.5],
95: [1, 0.5],
96: [0, 1],
97: [0.5, 1],
98: [0.5, 0],
99: [1, 0],
100: [0, 0.5],
101: [0.5, 0.5],
102: [1, 0.5],
103: [0, 1],
104: [0.5, 1],
105: [0.5, 0],
106: [1, 0],
107: [0, 0.5],
108: [0.5, 0.5],
109: [1, 0.5],
110: [0, 1],
111: [0.5, 1],
112: [0.5, 0],
113: [1, 0],
114: [0, 0.5],
115: [0.5, 0.5],
116: [1, 0.5],
117: [0, 1],
118: [0.5, 1],
119: [0.5, 0],
120: [1, 0],
121: [0, 0.5],
122: [0.5, 0.5],
123: [1, 0.5],
124: [0, 1],
125: [0.5, 1],
126: [0.5, 0],
127: [1, 0],
128: [0, 0.5],
129: [0.5, 0.5],
130: [1, 0.5],
131: [0, 1],
132: [0.5, 1],
133: [0.5, 0],
134: [1, 0],
135: [0, 0.5],
136: [0.5, 0.5],
137: [1, 0.5],
138: [0, 1],
139: [0.5, 1],
140: [0.5, 0],
141: [1, 0],
142: [0, 0.5],
143: [0.5, 0.5],
144: [1, 0.5],
145: [0, 1],
146: [0.5, 1],
147: [0.5, 0],
148: [1, 0],
149: [0, 0.5],
150: [0.5, 0.5],
151: [1, 0.5],
152: [0, 1],
153: [0.5, 1],
154: [0.5, 0],
155: [1, 0],
156: [0, 0.5],
157: [0.5, 0.5],
158: [1, 0.5],
159: [0, 1],
160: [0.5, 1],
161: [0.5, 0],
162: [1, 0],
163: [0, 0.5],
164: [0.5, 0.5],
165: [1, 0.5],
166: [0, 1],
167: [0.5, 1],
168: [0.5, 0],
169: [1, 0],
170: [0, 0.5],
171: [0.5, 0.5],
172: [1, 0.5],
173: [0, 1],
174: [0.5, 1],
175: [0.5, 0],
176: [1, 0],
177: [0, 0.5],
178: [0.5, 0.5],
179: [1, 0.5],
180: [0, 1],
181: [0.5, 1],
182: [0.5, 0],
183: [1, 0],
184: [0, 0.5],
185: [0.5, 0.5],
186: [1, 0.5],
187: [0, 1],
188: [0.5, 1],
189: [0.5, 0],
190: [1, 0],
191: [0, 0.5],
192: [0.5, 0.5],
193: [1, 0.5],
194: [0, 1],
195: [0.5, 1],
196: [0.5, 0],
197: [1, 0],
198: [0, 0.5],
199: [0.5, 0.5],
200: [1, 0.5],
201: [0, 1],
202: [0.5, 1],
203: [0.5, 0],
204: [1, 0],
205: [0, 0.5],
206: [0.5, 0.5],
207: [1, 0.5],
208: [0, 1],
209: [0.5, 1],
210: [0.5, 0],
211: [1, 0],
212: [0, 0.5],
213: [0.5, 0.5],
214: [1, 0.5],
215: [0, 1],
216: [0.5, 1],
217: [0.5, 0],
218: [1, 0],
219: [0, 0.5],
220: [0.5, 0.5],
221: [1, 0.5],
222: [0, 1],
223: [0.5, 1],
224: [0.5, 0],
225: [1, 0],
226: [0, 0.5],
227: [0.5, 0.5],
228: [1, 0.5],
229: [0, 1],
230: [0.5, 1],
231: [0.5, 0],
232: [1, 0],
233: [0, 0.5],
234: [0.5, 0.5],
235: [1, 0.5],
236: [0, 1],
237: [0.5, 1],
238: [0.5, 0],
239: [1, 0],
240: [0, 0.5],
241: [0.5, 0.5],
242: [1, 0.5],
243: [0, 1],
244: [0.5, 1],
245: [0.5, 0],
246: [1, 0],
247: [0, 0.5],
248: [0.5, 0.5],
249: [1, 0.5],
250: [0, 1],
251: [0.5, 1],
252: [0.5, 0],
253: [1, 0],
254: [0, 0.5],
255: [0.5, 0.5],
256: [1, 0.5],
257: [0, 1],
258: [0.5, 1],
259: [0.5, 0],
260: [1, 0],
261: [0, 0.5],
262: [0.5, 0.5],
263: [1, 0.5],
264: [0, 1],
265: [0.5, 1],
266: [0.5, 0],
267: [1, 0],
268: [0, 0.5],
269: [0.5, 0.5],
270: [1, 0.5],
271: [0, 1],
272: [0.5, 1],
273: [0.5, 0],
274: [1, 0],
275: [0, 0.5],
276: [0.5, 0.5],
277: [1, 0.5],
278: [0, 1],
279: [0.5, 1],
280: [0.5, 0],
281: [1, 0],
282: [0, 0.5],
283: [0.5, 0.5],
284: [1, 0.5],
285: [0, 1],
286: [0.5, 1],
287: [0.5, 0],
288: [1, 0],
289: [0, 0.5],
290: [0.5, 0.5],
291: [1, 0.5],
292: [0, 1],
293: [0.5, 1],
294: [0.5, 0],
295: [1, 0],
296: [0, 0.5],
297: [0.5, 0.5],
298: [1, 0.5],
299: [0, 1],
300: [0.5, 1],
301: [0.5, 0],
302: [1, 0],
303: [0, 0.5],
304: [0.5, 0.5],
305: [1, 0.5],
306: [0, 1],
307: [0.5, 1],
308: [0.5, 0],
309: [1, 0],
310: [0, 0.5],
311: [0.5, 0.5],
312: [1, 0.5],
313: [0, 1],
314: [0.5, 1],
315: [0.5, 0],
316: [1, 0],
317: [0, 0.5],
318: [0.5, 0.5],
319: [1, 0.5],
320: [0, 1],
321: [0.5, 1],
322: [0.5, 0],
323: [1, 0],
324: [0, 0.5],
325: [0.5, 0.5],
326: [1, 0.5],
327: [0, 1],
328: [0.5, 1],
329: [0.5, 0],
330: [1, 0],
331: [0, 0.5],
332: [0.5, 0.5],
333: [1, 0.5],
334: [0, 1],
335: [0.5, 1]]
