Name: ball
Transform: [0, 3.836, 0]
Rotation: [0, 0, 0, 1]
Scale: [1, 1, 1]
Parametric: 0
LOD: 0
Animation data
[]
[]
[]
SubObjects: [barrel  ]
Shading Data:
Diffuse_Color: [1,1,1,1]
Ambient: [0, 0, 0, 0]
Emmision_Color: [0, 0, 0, 0]
Specular_Color: [.5, .5, .5, 1]
Shininess: 80
Texture: turret
Number of Vertices: 64
[0: [0, 0.888154, -1.47515, 1], 
 1: [-0.249782, 0.965191, -1.29223, 1], 
 2: [-0.44162, 0.935268, 0.182377, 1], 
 3: [0.44162, 0.935268, 0.182377, 1], 
 4: [0.239889, 0.935268, -1.29223, 1], 
 5: [0.44162, 1.63421, -1.20289, 1], 
 6: [0.44162, 1.06018, -1.31707, 1], 
 7: [0.31834, 2.45731, 0.182377, 1], 
 8: [0.44162, 2.47234, 0, 1], 
 9: [0.44162, 2.446, -0.319654, 1], 
 10: [0.44162, 2.41225, -0.44162, 1], 
 11: [0.44162, 2.12084, -0.877735, 1], 
 12: [-0.182377, 2.50888, 0.287137, 1], 
 13: [0, 2.52391, 0.333928, 1], 
 14: [0.182377, 2.50888, 0.287137, 1], 
 15: [-0.354175, 2.45731, 0.182377, 1], 
 16: [-0.44162, 2.12084, -0.877735, 1], 
 17: [-0.44162, 2.41225, -0.44162, 1], 
 18: [-0.44162, 2.446, -0.319654, 1], 
 19: [-0.44162, 2.47234, 0, 1], 
 20: [-0.44162, 1.06018, -1.31707, 1], 
 21: [-0.44162, 1.63421, -1.20289, 1], 
 22: [0.574025, 2.446, 0, 1], 
 23: [0.405897, 2.446, 0.405897, 1], 
 24: [0, 2.446, 0.574025, 1], 
 25: [-0.405897, 2.446, 0.405897, 1], 
 26: [-0.574025, 2.446, 0, 1], 
 27: [1.06066, 2.12084, 0, 1], 
 28: [0.75, 2.12084, -0.75, 1], 
 29: [0.75, 2.12084, 0.75, 1], 
 30: [0, 2.12084, 1.06066, 1], 
 31: [-0.75, 2.12084, 0.75, 1], 
 32: [-1.06066, 2.12084, 0, 1], 
 33: [-0.75, 2.12084, -0.75, 1], 
 34: [1.38582, 1.63421, 0, 1], 
 35: [0.979922, 1.63421, -0.979922, 1], 
 36: [0.979922, 1.63421, 0.979922, 1], 
 37: [0, 1.63421, 1.38582, 1], 
 38: [-0.979922, 1.63421, 0.979922, 1], 
 39: [-1.38582, 1.63421, 0, 1], 
 40: [-0.979922, 1.63421, -0.979922, 1], 
 41: [1.5, 1.06018, 0, 1], 
 42: [1.06066, 1.06018, -1.06066, 1], 
 43: [1.06066, 1.06018, 1.06066, 1], 
 44: [0, 1.06018, 1.5, 1], 
 45: [-1.06066, 1.06018, 1.06066, 1], 
 46: [-1.5, 1.06018, 0, 1], 
 47: [-1.06066, 1.06018, -1.06066, 1], 
 48: [1.38582, 0.486159, 0, 1], 
 49: [0.979922, 0.486159, -0.979922, 1], 
 50: [0.979922, 0.486159, 0.979922, 1], 
 51: [0, 0.486159, 1.38582, 1], 
 52: [-0.979922, 0.486159, 0.979922, 1], 
 53: [-1.38582, 0.486159, 0, 1], 
 54: [-0.979922, 0.486159, -0.979922, 1], 
 55: [0, 0.486159, -1.38582, 1], 
 56: [1.06066, -0.000475645, 0, 1], 
 57: [0.75, -0.000475645, -0.75, 1], 
 58: [0.75, -0.000475645, 0.75, 1], 
 59: [0, -0.000475645, 1.06066, 1], 
 60: [-0.75, -0.000475645, 0.75, 1], 
 61: [-1.06066, -0.000475645, 0, 1], 
 62: [-0.75, -0.000475645, -0.75, 1], 
 63: [0, -0.000475645, -1.06066, 1]]
Number of polygons: 118
Polygon Connection List
[0: [0, 1, 4], 
1: [2, 3, 1], 
2: [1, 3, 4], 
3: [3, 7, 4], 
4: [7, 8, 4], 
5: [8, 9, 4], 
6: [9, 10, 4], 
7: [10, 11, 4], 
8: [4, 11, 6], 
9: [5, 6, 11], 
10: [7, 3, 14], 
11: [3, 2, 14], 
12: [14, 2, 13], 
13: [13, 2, 12], 
14: [12, 2, 15], 
15: [2, 1, 15], 
16: [15, 1, 19], 
17: [19, 1, 18], 
18: [18, 1, 17], 
19: [17, 1, 16], 
20: [1, 20, 16], 
21: [16, 20, 21], 
22: [9, 8, 22], 
23: [22, 8, 23], 
24: [8, 7, 23], 
25: [7, 14, 23], 
26: [23, 14, 24], 
27: [14, 13, 24], 
28: [25, 24, 12], 
29: [13, 12, 24], 
30: [26, 25, 19], 
31: [19, 25, 15], 
32: [15, 25, 12], 
33: [19, 18, 26], 
34: [27, 28, 22], 
35: [28, 10, 22], 
36: [10, 9, 22], 
37: [29, 27, 23], 
38: [27, 22, 23], 
39: [30, 29, 24], 
40: [29, 23, 24], 
41: [31, 30, 25], 
42: [30, 24, 25], 
43: [31, 25, 32], 
44: [32, 25, 26], 
45: [32, 26, 33], 
46: [33, 26, 17], 
47: [18, 17, 26], 
48: [17, 16, 33], 
49: [11, 10, 28], 
50: [34, 35, 27], 
51: [35, 28, 27], 
52: [36, 34, 29], 
53: [34, 27, 29], 
54: [37, 36, 30], 
55: [36, 29, 30], 
56: [38, 37, 31], 
57: [37, 30, 31], 
58: [39, 38, 32], 
59: [38, 31, 32], 
60: [40, 39, 33], 
61: [39, 32, 33], 
62: [40, 33, 21], 
63: [16, 21, 33], 
64: [35, 5, 28], 
65: [5, 11, 28], 
66: [41, 42, 34], 
67: [42, 35, 34], 
68: [43, 41, 36], 
69: [41, 34, 36], 
70: [44, 43, 37], 
71: [43, 36, 37], 
72: [45, 44, 38], 
73: [44, 37, 38], 
74: [46, 45, 39], 
75: [45, 38, 39], 
76: [47, 46, 40], 
77: [46, 39, 40], 
78: [47, 40, 20], 
79: [21, 20, 40], 
80: [42, 6, 35], 
81: [6, 5, 35], 
82: [42, 41, 49], 
83: [48, 49, 41], 
84: [41, 43, 48], 
85: [50, 48, 43], 
86: [43, 44, 50], 
87: [51, 50, 44], 
88: [44, 45, 51], 
89: [52, 51, 45], 
90: [45, 46, 52], 
91: [53, 52, 46], 
92: [46, 47, 53], 
93: [54, 53, 47], 
94: [54, 47, 55], 
95: [47, 20, 55], 
96: [20, 1, 55], 
97: [1, 0, 55], 
98: [49, 55, 42], 
99: [42, 55, 6], 
100: [6, 55, 4], 
101: [4, 55, 0], 
102: [49, 48, 57], 
103: [56, 57, 48], 
104: [48, 50, 56], 
105: [58, 56, 50], 
106: [50, 51, 58], 
107: [59, 58, 51], 
108: [51, 52, 59], 
109: [60, 59, 52], 
110: [52, 53, 60], 
111: [61, 60, 53], 
112: [53, 54, 61], 
113: [62, 61, 54], 
114: [54, 55, 62], 
115: [63, 62, 55], 
116: [55, 49, 63], 
117: [57, 63, 49]]
Per Vertex Normals
[0: [0.0159093, 0.348732, -0.937087], 
 1: [0.327728, 0.615448, -0.716811], 
 2: [0.635992, 0.577565, -0.511794], 
 3: [-0.645292, 0.568308, -0.510513], 
 4: [-0.300108, 0.631994, -0.714506], 
 5: [-0.522589, 0.312723, -0.793162], 
 6: [0.0703164, 0.135082, -0.988336], 
 7: [-0.497281, 0.779435, -0.381041], 
 8: [-0.328281, 0.927956, -0.176434], 
 9: [-0.416145, 0.885962, -0.204683], 
 10: [-0.399523, 0.862352, -0.311016], 
 11: [-0.442452, 0.629141, -0.639076], 
 12: [0.119834, 0.837696, -0.532828], 
 13: [-0.0262509, 0.90226, -0.430393], 
 14: [-0.0852095, 0.860959, -0.501486], 
 15: [0.473247, 0.809389, -0.347746], 
 16: [0.444199, 0.628541, -0.638454], 
 17: [0.401376, 0.861631, -0.310627], 
 18: [0.417903, 0.885116, -0.204759], 
 19: [0.387352, 0.909603, -0.150266], 
 20: [-0.0868056, 0.1323, -0.987401], 
 21: [0.522589, 0.312723, -0.793162], 
 22: [0.422584, 0.906324, 6.00161e-008], 
 23: [0.307405, 0.907034, 0.287735], 
 24: [-2.97663e-008, 0.88865, 0.458587], 
 25: [-0.310074, 0.904735, 0.292075], 
 26: [-0.422584, 0.906324, -4.44487e-007], 
 27: [0.729619, 0.683854, -4.42933e-008], 
 28: [0.515919, 0.683854, -0.515919], 
 29: [0.515919, 0.683853, 0.515919], 
 30: [-6.80018e-008, 0.683853, 0.729619], 
 31: [-0.515919, 0.683853, 0.515919], 
 32: [-0.729619, 0.683854, -1.37037e-008], 
 33: [-0.515919, 0.683853, -0.515919], 
 34: [0.930302, 0.366793, -5.32337e-009], 
 35: [0.657823, 0.366793, -0.657823], 
 36: [0.657823, 0.366793, 0.657823], 
 37: [-6.49382e-008, 0.366793, 0.930303], 
 38: [-0.657823, 0.366793, 0.657823], 
 39: [-0.930303, 0.366793, 7.49505e-009], 
 40: [-0.657823, 0.366793, -0.657823], 
 41: [1, 5.75473e-008, -1.7548e-008], 
 42: [0.707107, 3.01438e-008, -0.707107], 
 43: [0.707107, -2.19228e-008, 0.707107], 
 44: [-3.83649e-008, 3.83649e-008, 1], 
 45: [-0.707107, 4.11052e-008, 0.707107], 
 46: [-1, 3.56245e-008, -1.06266e-008], 
 47: [-0.707107, 2.87736e-008, -0.707107], 
 48: [0.930303, -0.366793, -3.75918e-008], 
 49: [0.657823, -0.366793, -0.657823], 
 50: [0.657823, -0.366793, 0.657823], 
 51: [0, -0.366793, 0.930303], 
 52: [-0.657823, -0.366793, 0.657823], 
 53: [-0.930303, -0.366793, 1.97821e-008], 
 54: [-0.657823, -0.366793, -0.657823], 
 55: [0.000306441, -0.339583, -0.940576], 
 56: [0.83147, -0.55557, -4.9033e-008], 
 57: [0.587938, -0.55557, -0.587938], 
 58: [0.587938, -0.55557, 0.587938], 
 59: [3.97306e-008, -0.55557, 0.83147], 
 60: [-0.587938, -0.55557, 0.587938], 
 61: [-0.83147, -0.55557, 2.12651e-008], 
 62: [-0.587938, -0.55557, -0.587938], 
 63: [-3.09016e-008, -0.55557, -0.83147]]
Texture Coordinates
[0: [0.139839, 0.773594],
1: [0.0908019, 0.781298],
2: [0.132556, 0.778306],
3: [0.190016, 0.778306],
4: [0.231945, 0.778306],
5: [0.227965, 0.8482],
6: [0.22863, 0.790798],
7: [0.187079, 0.930511],
8: [0.199457, 0.932013],
9: [0.214178, 0.929379],
10: [0.217867, 0.926004],
11: [0.225291, 0.896864],
12: [0.147294, 0.935667],
13: [0.161286, 0.93717],
14: [0.175277, 0.935667],
15: [0.134467, 0.930511],
16: [0.0972803, 0.896864],
17: [0.104705, 0.926004],
18: [0.108394, 0.929379],
19: [0.123114, 0.932013],
20: [0.0939421, 0.790798],
21: [0.0946068, 0.8482],
22: [0.199303, 0.929379],
23: [0.180407, 0.929379],
24: [0.161286, 0.929379],
25: [0.142165, 0.929379],
26: [0.123269, 0.929379],
27: [0.199066, 0.896864],
28: [0.217732, 0.896864],
29: [0.180235, 0.896864],
30: [0.161286, 0.896864],
31: [0.142337, 0.896864],
32: [0.123506, 0.896864],
33: [0.10484, 0.896864],
34: [0.199, 0.8482],
35: [0.217686, 0.8482],
36: [0.180188, 0.8482],
37: [0.161286, 0.8482],
38: [0.142384, 0.8482],
39: [0.123572, 0.8482],
40: [0.104886, 0.8482],
41: [0.198984, 0.790798],
42: [0.217675, 0.790798],
43: [0.180177, 0.790798],
44: [0.161286, 0.790798],
45: [0.142395, 0.790798],
46: [0.123588, 0.790798],
47: [0.104897, 0.790798],
48: [0.199, 0.733395],
49: [0.217686, 0.733395],
50: [0.180188, 0.733395],
51: [0.161286, 0.733395],
52: [0.142384, 0.733395],
53: [0.123572, 0.733395],
54: [0.104886, 0.733395],
55: [0.159313, 0.733395],
56: [0.199066, 0.684731],
57: [0.217732, 0.684731],
58: [0.180235, 0.684731],
59: [0.161286, 0.684731],
60: [0.142337, 0.684731],
61: [0.123506, 0.684731],
62: [0.10484, 0.684731],
63: [0.193392, 0.684731]]
