Name: base
Transform: [0, 0, 0]
Rotation: [0, 0, 0, 1]
Scale: [1, 1, 1]
Parametric: -1
LOD: 0
Animation data
[]
[]
[]
SubObjects: [ball  ]
Shading Data:
Diffuse_Color: [1,1,1,1]
Ambient: [0, 0, 0, 0]
Emmision_Color: [0, 0, 0, 0]
Specular_Color: [.5, .5, .5, 1]
Shininess: 60
Texture: turret
Number of Vertices: 80
[0: [-1.84238, -0.261476, 1.72908, 1], 
 1: [-1.73315, -0.261476, 1.84238, 1], 
 2: [-1.31094, 3.83822, 1.40862, 1], 
 3: [-1.35037, 3.83822, 1.38285, 1], 
 4: [-1.73315, -0.261476, 1.84238, 1], 
 5: [1.78495, -0.261476, 1.84238, 1], 
 6: [1.37276, 3.83822, 1.40862, 1], 
 7: [-1.31094, 3.83822, 1.40862, 1], 
 8: [-1.35037, 3.83822, 1.38285, 1], 
 9: [-1.31094, 3.83822, 1.40862, 1], 
 10: [-1.27055e-019, 3.83822, -6.93025e-010, 1], 
 11: [-1.40862, 3.83822, -1.33299, 1], 
 12: [-1.31094, 3.83822, 1.40862, 1], 
 13: [1.37276, 3.83822, 1.40862, 1], 
 14: [1.40862, 3.83822, 1.37694, 1], 
 15: [6.38006e-018, 3.83822, 2.83009e-008, 1], 
 16: [-1.40862, 3.83822, -1.33299, 1], 
 17: [1.95266e-018, 3.83822, -3.0437e-008, 1], 
 18: [1.36318, 3.83822, -1.40862, 1], 
 19: [-1.37786, 3.83822, -1.37222, 1], 
 20: [-1.40447e-015, 3.83822, -8.49156e-011, 1], 
 21: [1.40862, 3.83822, 1.37694, 1], 
 22: [1.40862, 3.83822, -1.35884, 1], 
 23: [1.36318, 3.83822, -1.40862, 1], 
 24: [-0.515009, 2.60925, -1.62741, 1], 
 25: [0.548417, 2.61008, -1.64326, 1], 
 26: [0.552371, 1.69775, -1.73443, 1], 
 27: [-0.515067, 1.69806, -1.73211, 1], 
 28: [1.36318, 3.83822, -1.40862, 1], 
 29: [1.40862, 3.83822, -1.35884, 1], 
 30: [1.84238, -0.261476, -1.78083, 1], 
 31: [1.78187, -0.261476, -1.84238, 1], 
 32: [1.84238, -0.261476, 1.78928, 1], 
 33: [1.84238, -0.261476, -1.78083, 1], 
 34: [1.40862, 3.83822, -1.35884, 1], 
 35: [1.40862, 3.83822, 1.37694, 1], 
 36: [1.78495, -0.261476, 1.84238, 1], 
 37: [1.84238, -0.261476, 1.78928, 1], 
 38: [1.40862, 3.83822, 1.37694, 1], 
 39: [1.37276, 3.83822, 1.40862, 1], 
 40: [-1.72094, -0.261476, -1.81895, 1], 
 41: [-1.84238, -0.261476, -1.73429, 1], 
 42: [-1.40862, 3.83822, -1.33299, 1], 
 43: [-1.37786, 3.83822, -1.37222, 1], 
 44: [-1.84238, -0.261476, -1.73429, 1], 
 45: [-1.84238, -0.261476, 1.72908, 1], 
 46: [-1.35037, 3.83822, 1.38285, 1], 
 47: [-1.40862, 3.83822, -1.33299, 1], 
 48: [-1.37786, 3.83822, -1.37222, 1], 
 49: [1.36318, 3.83822, -1.40862, 1], 
 50: [0.696183, 2.72442, -1.52022, 1], 
 51: [-0.661381, 2.72336, -1.49998, 1], 
 52: [1.36318, 3.83822, -1.40862, 1], 
 53: [1.78187, -0.261476, -1.84238, 1], 
 54: [0.701231, 1.55974, -1.63662, 1], 
 55: [0.696183, 2.72443, -1.52022, 1], 
 56: [1.78187, -0.261476, -1.84238, 1], 
 57: [-1.72094, -0.261476, -1.81895, 1], 
 58: [-0.661456, 1.56013, -1.63365, 1], 
 59: [0.701231, 1.55974, -1.63662, 1], 
 60: [-1.72094, -0.261476, -1.81895, 1], 
 61: [-1.37786, 3.83822, -1.37222, 1], 
 62: [-0.661381, 2.72336, -1.49998, 1], 
 63: [-0.661456, 1.56013, -1.63365, 1], 
 64: [-0.661381, 2.72336, -1.49998, 1], 
 65: [0.696183, 2.72442, -1.52022, 1], 
 66: [0.548417, 2.61008, -1.64326, 1], 
 67: [-0.515009, 2.60925, -1.62741, 1], 
 68: [0.696183, 2.72442, -1.52022, 1], 
 69: [0.701231, 1.55974, -1.63662, 1], 
 70: [0.552371, 1.69775, -1.73443, 1], 
 71: [0.548417, 2.61008, -1.64326, 1], 
 72: [0.701231, 1.55974, -1.63662, 1], 
 73: [-0.661456, 1.56013, -1.63365, 1], 
 74: [-0.515067, 1.69806, -1.73211, 1], 
 75: [0.552371, 1.69775, -1.73443, 1], 
 76: [-0.661456, 1.56013, -1.63365, 1], 
 77: [-0.661381, 2.72336, -1.49998, 1], 
 78: [-0.515009, 2.60925, -1.62741, 1], 
 79: [-0.515067, 1.69806, -1.73211, 1]]
Number of polygons: 40
Polygon Connection List
[0: [2, 3, 1], 
1: [0, 1, 3], 
2: [4, 5, 7], 
3: [5, 6, 7], 
4: [9, 10, 8], 
5: [8, 10, 11], 
6: [14, 15, 13], 
7: [12, 13, 15], 
8: [16, 17, 19], 
9: [17, 18, 19], 
10: [23, 20, 22], 
11: [20, 21, 22], 
12: [24, 25, 27], 
13: [25, 26, 27], 
14: [29, 30, 28], 
15: [28, 30, 31], 
16: [32, 33, 35], 
17: [33, 34, 35], 
18: [37, 38, 36], 
19: [36, 38, 39], 
20: [42, 43, 41], 
21: [40, 41, 43], 
22: [44, 45, 47], 
23: [45, 46, 47], 
24: [48, 49, 51], 
25: [49, 50, 51], 
26: [52, 53, 55], 
27: [53, 54, 55], 
28: [56, 57, 59], 
29: [57, 58, 59], 
30: [61, 62, 60], 
31: [60, 62, 63], 
32: [64, 65, 67], 
33: [65, 66, 67], 
34: [69, 70, 68], 
35: [68, 70, 71], 
36: [72, 73, 75], 
37: [73, 74, 75], 
38: [77, 78, 76], 
39: [76, 78, 79]]
Per Vertex Normals
[0: [-0.712442, 0.143513, 0.686899], 
 1: [-0.711328, 0.143538, 0.688048], 
 2: [-0.54141, 0.143409, 0.828438], 
 3: [-0.545714, 0.143492, 0.825595], 
 4: [1.17386e-008, 0.105217, 0.994449], 
 5: [1.30893e-008, 0.105217, 0.994449], 
 6: [1.53882e-008, 0.105217, 0.994449], 
 7: [1.37603e-008, 0.105217, 0.994449], 
 8: [0, 1, -1.36413e-006], 
 9: [0, 1, -2.21816e-006], 
 10: [0, 1, 7.87689e-008], 
 11: [0, 1, 1.14241e-007], 
 12: [0, 1, 2.00988e-007], 
 13: [0, 1, 4.0174e-007], 
 14: [0, 1, 5.0068e-007], 
 15: [0, 1, 2.0569e-007], 
 16: [0, 1, -3.13544e-007], 
 17: [0, 1, -9.95862e-008], 
 18: [0, 1, -9.60774e-008], 
 19: [0, 1, -2.36515e-007], 
 20: [0, 1, 3.16971e-008], 
 21: [0, 1, -9.47459e-009], 
 22: [0, 1, 1.2466e-006], 
 23: [0, 1, 1.87795e-006], 
 24: [-0.0148948, 0.114143, -0.993353], 
 25: [-0.00790275, 0.106085, -0.994326], 
 26: [-0.00213931, 0.0994343, -0.995042], 
 27: [-0.00911789, 0.107486, -0.994165], 
 28: [0.730329, 0.145952, -0.667321], 
 29: [0.730654, 0.145958, -0.666964], 
 30: [0.705798, 0.145445, -0.693321], 
 31: [0.705533, 0.145439, -0.693592], 
 32: [0.994449, 0.105217, 2.0125e-009], 
 33: [0.994449, 0.105217, 2.24301e-009], 
 34: [0.994449, 0.105217, 2.62625e-009], 
 35: [0.994449, 0.105217, 2.34947e-009], 
 36: [0.671699, 0.144158, 0.726663], 
 37: [0.67182, 0.144156, 0.726551], 
 38: [0.655317, 0.144332, 0.741436], 
 39: [0.655116, 0.144333, 0.741614], 
 40: [-0.566545, 0.135971, -0.812735], 
 41: [-0.568393, 0.136065, -0.811428], 
 42: [-0.778963, 0.142199, -0.610734], 
 43: [-0.77496, 0.142194, -0.615807], 
 44: [-0.994449, 0.105217, -2.57868e-009], 
 45: [-0.993779, 0.111083, 0.00794831], 
 46: [-0.992436, 0.120902, 0.021285], 
 47: [-0.993409, 0.114001, 0.0119082], 
 48: [-0.013203, 0.105468, -0.994335], 
 49: [-0.0140701, 0.107028, -0.994157], 
 50: [-0.0148998, 0.10852, -0.993983], 
 51: [-0.0136038, 0.106189, -0.994253], 
 52: [-0.0079509, 0.104411, -0.994502], 
 53: [-0.0140155, 0.102223, -0.994663], 
 54: [-0.0220291, 0.0993249, -0.994811], 
 55: [-0.00980646, 0.103742, -0.994556], 
 56: [-0.00665041, 0.108369, -0.994089], 
 57: [-0.00493004, 0.106106, -0.994343], 
 58: [-0.00213771, 0.102432, -0.994738], 
 59: [-0.00526148, 0.106542, -0.994294], 
 60: [-0.0139237, 0.111131, -0.993708], 
 61: [-0.00771248, 0.10896, -0.994016], 
 62: [-0.00966457, 0.109643, -0.993924], 
 63: [-0.0225148, 0.114128, -0.993211], 
 64: [-0.0106215, 0.73881, -0.67383], 
 65: [-0.0106215, 0.738811, -0.673829], 
 66: [-0.0106215, 0.738811, -0.673828], 
 67: [-0.0106215, 0.73881, -0.67383], 
 68: [0.599395, 0.0821719, -0.796224], 
 69: [0.599396, 0.0821717, -0.796224], 
 70: [0.599396, 0.0821717, -0.796224], 
 71: [0.599395, 0.082172, -0.796225], 
 72: [-0.00194362, -0.579661, -0.814855], 
 73: [-0.00194377, -0.57966, -0.814856], 
 74: [-0.0019438, -0.57966, -0.814856], 
 75: [-0.00194363, -0.579661, -0.814855], 
 76: [-0.612969, 0.090234, -0.784937], 
 77: [-0.612969, 0.090234, -0.784937], 
 78: [-0.612969, 0.090234, -0.784937], 
 79: [-0.612969, 0.090234, -0.784937]]
Texture Coordinates
[0: [0.973339, 0.0266873],
1: [0.988445, 0.0266873],
2: [0.930609, 0.573313],
3: [0.927174, 0.573313],
4: [0.511632, 0.0266873],
5: [0.980711, 0.0266873],
6: [0.925752, 0.573313],
7: [0.567925, 0.573313],
8: [0.776709, 0.782795],
9: [0.779337, 0.784513],
10: [0.866733, 0.690605],
11: [0.772826, 0.601739],
12: [0.779337, 0.784513],
13: [0.958251, 0.784513],
14: [0.960641, 0.782401],
15: [0.866733, 0.690605],
16: [0.772826, 0.601739],
17: [0.866733, 0.690605],
18: [0.957612, 0.596697],
19: [0.774876, 0.599124],
20: [0.866733, 0.690605],
21: [0.960641, 0.782401],
22: [0.960641, 0.600015],
23: [0.957612, 0.596697],
24: [0.318322, 0.396538],
25: [0.176532, 0.396649],
26: [0.176005, 0.275004],
27: [0.31833, 0.275045],
28: [0.934275, 0.573313],
29: [0.927639, 0.573313],
30: [0.983903, 0.0266872],
31: [0.99211, 0.0266872],
32: [0.50789, 0.0266872],
33: [0.983903, 0.0266872],
34: [0.927639, 0.573313],
35: [0.562868, 0.573313],
36: [0.980711, 0.0266872],
37: [0.988369, 0.0266872],
38: [0.930533, 0.573313],
39: [0.925752, 0.573313],
40: [0.479113, 0.0137741],
41: [0.495305, 0.0137741],
42: [0.43747, 0.5604],
43: [0.433369, 0.5604],
44: [0.511555, 0.0266872],
45: [0.973339, 0.0266872],
46: [0.927174, 0.573313],
47: [0.565061, 0.573313],
48: [0.433369, 0.5604],
49: [0.0678972, 0.5604],
50: [0.15683, 0.411894],
51: [0.337839, 0.411753],
52: [0.0678972, 0.5604],
53: [0.0120722, 0.0137741],
54: [0.156157, 0.256603],
55: [0.15683, 0.411894],
56: [0.0120722, 0.0137741],
57: [0.479113, 0.0137741],
58: [0.337849, 0.256655],
59: [0.156157, 0.256603],
60: [0.479113, 0.0137741],
61: [0.433369, 0.5604],
62: [0.337839, 0.411753],
63: [0.337849, 0.256655],
64: [0.337839, 0.411753],
65: [0.15683, 0.411894],
66: [0.176532, 0.396649],
67: [0.318322, 0.396538],
68: [0.15683, 0.411894],
69: [0.156157, 0.256603],
70: [0.176005, 0.275004],
71: [0.176532, 0.396649],
72: [0.156157, 0.256603],
73: [0.337849, 0.256655],
74: [0.31833, 0.275045],
75: [0.176005, 0.275004],
76: [0.337849, 0.256655],
77: [0.337839, 0.411753],
78: [0.318322, 0.396538],
79: [0.31833, 0.275045]]
