Name: barrel
Transform: [0, 1.297, -0.081]
Rotation: [0, 0, 0, 1]
Scale: [1, 1, 1]
Parametric: 1
LOD: 0
Animation data
[]
[]
[]
SubObjects: [ ]
Shading Data:
Diffuse_Color: [1,1,1,1]
Ambient: [0, 0, 0, 0]
Emmision_Color: [0, 0, 0, 0]
Specular_Color: [.5, .5, .5, 1]
Shininess: 80
Texture: turret
Number of Vertices: 113
[0: [-0.3185, 4.30356e-008, -8.86721e-010, 1], 
 1: [-0.193791, 4.30356e-008, -2.92161, 1], 
 2: [0.193791, 4.30356e-008, -2.92161, 1], 
 3: [0.3185, 4.30356e-008, -8.86721e-010, 1], 
 4: [-0.299706, 4.30356e-008, -2.06846, 1], 
 5: [0.299706, 4.30356e-008, -2.06846, 1], 
 6: [-1.7486e-016, 0.299706, -2.06846, 1], 
 7: [-1.7486e-016, 0.3185, -9.25079e-010, 1], 
 8: [-0.325715, 4.30356e-008, -1.1597, 1], 
 9: [-1.7486e-016, 0.325715, -1.1597, 1], 
 10: [-0.230315, 0.230315, -1.1597, 1], 
 11: [-0.225214, 0.225213, -9.13844e-010, 1], 
 12: [-0.211924, 0.211924, -2.06846, 1], 
 13: [-0.320562, 4.30356e-008, -1.8661, 1], 
 14: [-0.226671, 0.226671, -1.8661, 1], 
 15: [-1.7486e-016, 0.320561, -1.8661, 1], 
 16: [0.325715, 4.30356e-008, -1.1597, 1], 
 17: [0.225214, 0.225213, -9.13844e-010, 1], 
 18: [0.230315, 0.230315, -1.1597, 1], 
 19: [0.211924, 0.211924, -2.06846, 1], 
 20: [0.226671, 0.226671, -1.8661, 1], 
 21: [0.320562, 4.30356e-008, -1.8661, 1], 
 22: [-1.58207e-016, 0.193791, -2.92161, 1], 
 23: [-0.18891, 4.30356e-008, -2.13639, 1], 
 24: [-1.4988e-016, 0.188911, -2.13639, 1], 
 25: [-0.13358, 0.13358, -2.13639, 1], 
 26: [-0.221164, 4.30356e-008, -2.11797, 1], 
 27: [-0.156387, 0.156387, -2.11797, 1], 
 28: [-1.4988e-016, 0.221164, -2.11797, 1], 
 29: [-0.137031, 0.137031, -2.92161, 1], 
 30: [-0.187607, 4.30356e-008, -2.29758, 1], 
 31: [-0.132658, 0.132658, -2.29758, 1], 
 32: [-1.54043e-016, 0.187607, -2.29758, 1], 
 33: [0.18891, 4.30356e-008, -2.13639, 1], 
 34: [0.13358, 0.13358, -2.13639, 1], 
 35: [0.156387, 0.156387, -2.11797, 1], 
 36: [0.221164, 4.30356e-008, -2.11797, 1], 
 37: [0.137031, 0.137031, -2.92161, 1], 
 38: [0.132658, 0.132658, -2.29758, 1], 
 39: [0.187607, 4.30356e-008, -2.29758, 1], 
 40: [-8.32667e-017, -0.3185, -8.48363e-010, 1], 
 41: [-9.15934e-017, -0.299706, -2.06846, 1], 
 42: [-8.32667e-017, -0.325715, -1.1597, 1], 
 43: [0.225214, -0.225214, -8.59598e-010, 1], 
 44: [0.230315, -0.230315, -1.1597, 1], 
 45: [0.211924, -0.211924, -2.06846, 1], 
 46: [0.226671, -0.226671, -1.8661, 1], 
 47: [-8.32667e-017, -0.320562, -1.8661, 1], 
 48: [-0.225214, -0.225214, -8.59598e-010, 1], 
 49: [-0.230315, -0.230315, -1.1597, 1], 
 50: [-0.211924, -0.211924, -2.06846, 1], 
 51: [-0.226671, -0.226671, -1.8661, 1], 
 52: [-9.99201e-017, -0.193791, -2.92161, 1], 
 53: [-9.57567e-017, -0.18891, -2.13639, 1], 
 54: [0.13358, -0.13358, -2.13639, 1], 
 55: [0.156387, -0.156387, -2.11797, 1], 
 56: [-9.99201e-017, -0.221165, -2.11797, 1], 
 57: [0.137031, -0.137031, -2.92161, 1], 
 58: [0.132658, -0.132658, -2.29758, 1], 
 59: [-9.57567e-017, -0.187607, -2.29758, 1], 
 60: [-0.13358, -0.13358, -2.13639, 1], 
 61: [-0.156387, -0.156387, -2.11797, 1], 
 62: [-0.137031, -0.137031, -2.92161, 1], 
 63: [-0.132658, -0.132658, -2.29758, 1], 
 64: [-0.171525, 4.30356e-008, -3.78051, 1], 
 65: [0.171525, 4.30356e-008, -3.78051, 1], 
 66: [-1.54043e-016, 0.171525, -3.78051, 1], 
 67: [-0.187607, 4.30356e-008, -3.59399, 1], 
 68: [-1.4988e-016, 0.187607, -3.59399, 1], 
 69: [-0.132658, 0.132658, -3.59399, 1], 
 70: [-0.121286, 0.121286, -3.78051, 1], 
 71: [-0.182741, 4.30356e-008, -3.78397, 1], 
 72: [-0.129218, 0.129217, -3.78397, 1], 
 73: [-1.4988e-016, 0.182741, -3.78397, 1], 
 74: [0.187607, 4.30356e-008, -3.59399, 1], 
 75: [0.132658, 0.132658, -3.59399, 1], 
 76: [0.121286, 0.121286, -3.78051, 1], 
 77: [0.129218, 0.129217, -3.78397, 1], 
 78: [0.182741, 4.30356e-008, -3.78397, 1], 
 79: [-0.168721, 4.30356e-008, -3.46159, 1], 
 80: [-1.54043e-016, 0.168721, -3.46159, 1], 
 81: [-0.119303, 0.119303, -3.46159, 1], 
 82: [-0.168721, 4.30356e-008, -3.67459, 1], 
 83: [-0.119303, 0.119303, -3.67459, 1], 
 84: [-1.54043e-016, 0.168721, -3.67459, 1], 
 85: [-0.156943, 4.30356e-008, -3.23132, 1], 
 86: [-0.110976, 0.110975, -3.23132, 1], 
 87: [-1.54043e-016, 0.156943, -3.23132, 1], 
 88: [0.168721, 4.30356e-008, -3.46159, 1], 
 89: [0.119303, 0.119303, -3.46159, 1], 
 90: [0.119303, 0.119303, -3.67459, 1], 
 91: [0.168721, 4.30356e-008, -3.67459, 1], 
 92: [0.110976, 0.110975, -3.23132, 1], 
 93: [0.156943, 4.30356e-008, -3.23132, 1], 
 94: [-1.04083e-016, -0.171525, -3.78051, 1], 
 95: [-9.57567e-017, -0.187607, -3.59399, 1], 
 96: [0.132658, -0.132658, -3.59399, 1], 
 97: [0.121286, -0.121287, -3.78051, 1], 
 98: [0.129218, -0.129218, -3.78397, 1], 
 99: [-9.57567e-017, -0.182742, -3.78397, 1], 
 100: [-0.132658, -0.132658, -3.59399, 1], 
 101: [-0.121286, -0.121287, -3.78051, 1], 
 102: [-0.129218, -0.129218, -3.78397, 1], 
 103: [-1.04083e-016, -0.168721, -3.46159, 1], 
 104: [0.119303, -0.119304, -3.46159, 1], 
 105: [0.119303, -0.119304, -3.67459, 1], 
 106: [-1.04083e-016, -0.168721, -3.67459, 1], 
 107: [0.110976, -0.110976, -3.23132, 1], 
 108: [-1.1241e-016, -0.156944, -3.23132, 1], 
 109: [-0.119303, -0.119304, -3.46159, 1], 
 110: [-0.119303, -0.119304, -3.67459, 1], 
 111: [-1.249e-016, 4.30356e-008, -3.184, 1], 
 112: [-0.110976, -0.110976, -3.23132, 1]]
Number of polygons: 216
Polygon Connection List
[0: [111, 112, 85], 
1: [62, 63, 1], 
2: [1, 63, 30], 
3: [37, 38, 2], 
4: [2, 38, 39], 
5: [21, 5, 20], 
6: [19, 20, 5], 
7: [15, 6, 14], 
8: [12, 14, 6], 
9: [10, 11, 9], 
10: [9, 11, 7], 
11: [8, 0, 10], 
12: [0, 11, 10], 
13: [13, 14, 4], 
14: [4, 14, 12], 
15: [8, 10, 13], 
16: [13, 10, 14], 
17: [9, 15, 10], 
18: [15, 14, 10], 
19: [16, 18, 3], 
20: [3, 18, 17], 
21: [9, 7, 18], 
22: [17, 18, 7], 
23: [20, 19, 15], 
24: [6, 15, 19], 
25: [18, 20, 9], 
26: [20, 15, 9], 
27: [16, 21, 18], 
28: [21, 20, 18], 
29: [29, 31, 22], 
30: [22, 31, 32], 
31: [28, 24, 27], 
32: [25, 27, 24], 
33: [26, 27, 23], 
34: [23, 27, 25], 
35: [4, 12, 26], 
36: [26, 12, 27], 
37: [6, 28, 12], 
38: [28, 27, 12], 
39: [1, 30, 29], 
40: [30, 31, 29], 
41: [23, 25, 30], 
42: [30, 25, 31], 
43: [24, 32, 25], 
44: [32, 31, 25], 
45: [36, 33, 35], 
46: [33, 34, 35], 
47: [28, 35, 24], 
48: [24, 35, 34], 
49: [19, 35, 6], 
50: [6, 35, 28], 
51: [5, 36, 19], 
52: [36, 35, 19], 
53: [22, 32, 37], 
54: [37, 32, 38], 
55: [34, 38, 24], 
56: [38, 32, 24], 
57: [33, 39, 34], 
58: [39, 38, 34], 
59: [13, 4, 51], 
60: [4, 50, 51], 
61: [47, 41, 46], 
62: [45, 46, 41], 
63: [44, 43, 42], 
64: [40, 42, 43], 
65: [16, 3, 44], 
66: [43, 44, 3], 
67: [21, 46, 5], 
68: [5, 46, 45], 
69: [16, 44, 21], 
70: [21, 44, 46], 
71: [42, 47, 44], 
72: [47, 46, 44], 
73: [8, 49, 0], 
74: [0, 49, 48], 
75: [42, 40, 49], 
76: [48, 49, 40], 
77: [47, 51, 41], 
78: [41, 51, 50], 
79: [49, 51, 42], 
80: [42, 51, 47], 
81: [8, 13, 49], 
82: [13, 51, 49], 
83: [57, 58, 52], 
84: [52, 58, 59], 
85: [56, 53, 55], 
86: [53, 54, 55], 
87: [36, 55, 33], 
88: [33, 55, 54], 
89: [45, 55, 5], 
90: [5, 55, 36], 
91: [41, 56, 45], 
92: [56, 55, 45], 
93: [2, 39, 57], 
94: [57, 39, 58], 
95: [54, 58, 33], 
96: [58, 39, 33], 
97: [53, 59, 54], 
98: [59, 58, 54], 
99: [26, 23, 61], 
100: [23, 60, 61], 
101: [56, 61, 53], 
102: [53, 61, 60], 
103: [50, 61, 41], 
104: [41, 61, 56], 
105: [4, 26, 50], 
106: [26, 61, 50], 
107: [52, 59, 62], 
108: [62, 59, 63], 
109: [60, 63, 53], 
110: [63, 59, 53], 
111: [23, 30, 60], 
112: [30, 63, 60], 
113: [111, 92, 93], 
114: [78, 65, 77], 
115: [76, 77, 65], 
116: [73, 66, 72], 
117: [70, 72, 66], 
118: [22, 68, 29], 
119: [69, 29, 68], 
120: [1, 29, 67], 
121: [67, 29, 69], 
122: [71, 72, 64], 
123: [64, 72, 70], 
124: [67, 69, 71], 
125: [71, 69, 72], 
126: [68, 73, 69], 
127: [73, 72, 69], 
128: [2, 74, 37], 
129: [74, 75, 37], 
130: [37, 75, 22], 
131: [22, 75, 68], 
132: [77, 76, 73], 
133: [66, 73, 76], 
134: [75, 77, 68], 
135: [77, 73, 68], 
136: [74, 78, 75], 
137: [78, 77, 75], 
138: [111, 86, 87], 
139: [81, 83, 80], 
140: [80, 83, 84], 
141: [82, 83, 79], 
142: [79, 83, 81], 
143: [64, 70, 82], 
144: [82, 70, 83], 
145: [66, 84, 70], 
146: [84, 83, 70], 
147: [85, 86, 111], 
148: [79, 81, 85], 
149: [85, 81, 86], 
150: [80, 87, 81], 
151: [87, 86, 81], 
152: [88, 89, 91], 
153: [91, 89, 90], 
154: [84, 90, 80], 
155: [80, 90, 89], 
156: [76, 90, 66], 
157: [66, 90, 84], 
158: [65, 91, 76], 
159: [91, 90, 76], 
160: [111, 87, 92], 
161: [89, 92, 80], 
162: [92, 87, 80], 
163: [88, 93, 89], 
164: [93, 92, 89], 
165: [71, 64, 102], 
166: [64, 101, 102], 
167: [99, 94, 98], 
168: [97, 98, 94], 
169: [52, 95, 57], 
170: [57, 95, 96], 
171: [57, 96, 2], 
172: [2, 96, 74], 
173: [78, 98, 65], 
174: [65, 98, 97], 
175: [74, 96, 78], 
176: [78, 96, 98], 
177: [95, 99, 96], 
178: [99, 98, 96], 
179: [1, 67, 62], 
180: [67, 100, 62], 
181: [62, 100, 52], 
182: [52, 100, 95], 
183: [99, 102, 94], 
184: [94, 102, 101], 
185: [100, 102, 95], 
186: [95, 102, 99], 
187: [67, 71, 100], 
188: [71, 102, 100], 
189: [111, 107, 108], 
190: [103, 104, 106], 
191: [106, 104, 105], 
192: [91, 105, 88], 
193: [88, 105, 104], 
194: [97, 105, 65], 
195: [65, 105, 91], 
196: [94, 106, 97], 
197: [106, 105, 97], 
198: [111, 93, 107], 
199: [104, 107, 88], 
200: [107, 93, 88], 
201: [103, 108, 104], 
202: [108, 107, 104], 
203: [79, 109, 82], 
204: [82, 109, 110], 
205: [106, 110, 103], 
206: [103, 110, 109], 
207: [101, 110, 94], 
208: [94, 110, 106], 
209: [64, 82, 101], 
210: [82, 110, 101], 
211: [111, 108, 112], 
212: [109, 112, 103], 
213: [112, 108, 103], 
214: [79, 85, 109], 
215: [85, 112, 109]]
Per Vertex Normals
[0: [-0.999981, 3.07572e-007, 0.00622138], 
 1: [-1, 5.76371e-007, 0.000355518], 
 2: [1, 5.96955e-007, 0.000355505], 
 3: [0.999981, 3.28077e-007, 0.00622139], 
 4: [-0.874827, 2.88049e-007, -0.484435], 
 5: [0.874827, 2.9571e-007, -0.484435], 
 6: [-7.96732e-008, 0.874828, -0.484434], 
 7: [-4.10096e-008, 0.999981, 0.00622157], 
 8: [-1, 3.08553e-008, -0.000536207], 
 9: [-1.02851e-008, 1, -0.000536271], 
 10: [-0.707106, 0.707107, -0.000536214], 
 11: [-0.707093, 0.707093, 0.00622151], 
 12: [-0.618596, 0.618596, -0.484435], 
 13: [-0.998522, 3.48278e-007, -0.0543427], 
 14: [-0.706062, 0.706062, -0.0543427], 
 15: [1.03964e-007, 0.998522, -0.0543425], 
 16: [1, -1.02851e-008, -0.000536208], 
 17: [0.707093, 0.707093, 0.00622155], 
 18: [0.707106, 0.707107, -0.000536268], 
 19: [0.618596, 0.618596, -0.484435], 
 20: [0.706062, 0.706062, -0.0543428], 
 21: [0.998522, 3.40481e-007, -0.0543427], 
 22: [1.02923e-008, 1, 0.000355496], 
 23: [-0.823643, -9.68539e-009, -0.567109], 
 24: [-4.02912e-007, 0.823643, -0.567108], 
 25: [-0.582404, 0.582404, -0.567107], 
 26: [-0.518663, 1.35049e-007, -0.854979], 
 27: [-0.366751, 0.366751, -0.854978], 
 28: [-4.44081e-007, 0.518665, -0.854977], 
 29: [-0.707106, 0.707108, 0.000355601], 
 30: [-1, 3.94466e-007, 0.000913637], 
 31: [-0.707106, 0.707107, 0.000913059], 
 32: [-1.12705e-007, 1, 0.000912455], 
 33: [0.823645, 2.01456e-007, -0.567106], 
 34: [0.582405, 0.582404, -0.567107], 
 35: [0.366752, 0.366752, -0.854977], 
 36: [0.518666, 3.18765e-007, -0.854977], 
 37: [0.707106, 0.707108, 0.000355419], 
 38: [0.707106, 0.707106, 0.000913002], 
 39: [1, 5.53277e-007, 0.000913555], 
 40: [-1.02524e-007, -0.999981, 0.00622139], 
 41: [1.16445e-007, -0.874828, -0.484434], 
 42: [3.08554e-008, -1, -0.000536235], 
 43: [0.707093, -0.707093, 0.00622139], 
 44: [0.707107, -0.707106, -0.000536281], 
 45: [0.618596, -0.618596, -0.484435], 
 46: [0.706062, -0.706062, -0.0543425], 
 47: [1.55945e-008, -0.998522, -0.0543423], 
 48: [-0.707093, -0.707093, 0.00622126], 
 49: [-0.707107, -0.707106, -0.000536095], 
 50: [-0.618596, -0.618596, -0.484435], 
 51: [-0.706062, -0.706062, -0.0543426], 
 52: [-1.02923e-008, -1, 0.000355496], 
 53: [-1.0641e-006, -0.823642, -0.567111], 
 54: [0.582406, -0.582402, -0.567108], 
 55: [0.366752, -0.36675, -0.854978], 
 56: [-5.73047e-007, -0.518663, -0.854979], 
 57: [0.707106, -0.707107, 0.000355597], 
 58: [0.707107, -0.707106, 0.000914028], 
 59: [6.14752e-008, -1, 0.000913946], 
 60: [-0.582405, -0.582402, -0.567108], 
 61: [-0.366751, -0.366751, -0.854978], 
 62: [-0.707106, -0.707107, 0.00035541], 
 63: [-0.707107, -0.707106, 0.000914071], 
 64: [0.729634, -6.6745e-007, -0.683838], 
 65: [-0.729632, -6.32962e-007, -0.68384], 
 66: [-4.82026e-006, -0.729632, -0.68384], 
 67: [-0.999849, 6.79048e-007, -0.0173664], 
 68: [1.18319e-007, 0.999849, -0.0173659], 
 69: [-0.707, 0.707, -0.0173662], 
 70: [0.515928, -0.515929, -0.683839], 
 71: [-0.687644, 2.76847e-007, -0.726048], 
 72: [-0.486238, 0.486238, -0.726048], 
 73: [-4.58007e-006, 0.687645, -0.726047], 
 74: [0.999849, 6.37894e-007, -0.0173664], 
 75: [0.707, 0.707, -0.0173662], 
 76: [-0.515925, -0.51593, -0.683841], 
 77: [0.486241, 0.486237, -0.726047], 
 78: [0.687645, 6.13675e-007, -0.726047], 
 79: [0.999678, -7.33761e-007, -0.0253905], 
 80: [-2.17028e-007, -0.999678, -0.0253907], 
 81: [0.706879, -0.706879, -0.0253907], 
 82: [0.999912, -7.36964e-007, -0.0132758], 
 83: [0.707044, -0.707045, -0.0132755], 
 84: [-3.12186e-007, -0.999912, -0.0132754], 
 85: [0.83103, -6.29295e-007, -0.556227], 
 86: [0.587627, -0.587626, -0.556228], 
 87: [-4.65132e-007, -0.83103, -0.556227], 
 88: [-0.999678, -5.9941e-007, -0.0253906], 
 89: [-0.706878, -0.706879, -0.0253909], 
 90: [-0.707044, -0.707045, -0.0132755], 
 91: [-0.999912, -9.00734e-007, -0.0132758], 
 92: [-0.587627, -0.587627, -0.556228], 
 93: [-0.83103, -5.95095e-007, -0.556228], 
 94: [1.75282e-006, 0.729632, -0.68384], 
 95: [-7.71646e-008, -0.999849, -0.0173659], 
 96: [0.707, -0.707, -0.0173662], 
 97: [-0.515928, 0.515929, -0.683839], 
 98: [0.486239, -0.486237, -0.726048], 
 99: [1.52265e-006, -0.687645, -0.726047], 
 100: [-0.707, -0.707, -0.0173661], 
 101: [0.51593, 0.515928, -0.683838], 
 102: [-0.486237, -0.486238, -0.726048], 
 103: [3.61713e-007, 0.999678, -0.0253907], 
 104: [-0.706879, 0.706879, -0.0253908], 
 105: [-0.707045, 0.707044, -0.0132755], 
 106: [3.2754e-007, 0.999912, -0.0132754], 
 107: [-0.587628, 0.587626, -0.556228], 
 108: [-1.35435e-006, 0.83103, -0.556227], 
 109: [0.706879, 0.706879, -0.0253909], 
 110: [0.707045, 0.707044, -0.0132755], 
 111: [-7.59966e-007, -4.34826e-007, -1], 
 112: [0.587627, 0.587626, -0.556228]]
Texture Coordinates
[0: [0.34164, 0.718949],
1: [0.633801, 0.718949],
2: [0.633801, 0.793949],
3: [0.34164, 0.793949],
4: [0.548486, 0.718949],
5: [0.548486, 0.793949],
6: [0.548486, 0.754574],
7: [0.34164, 0.778949],
8: [0.45761, 0.718949],
9: [0.45761, 0.754574],
10: [0.45761, 0.700199],
11: [0.34164, 0.700199],
12: [0.548486, 0.700199],
13: [0.52825, 0.718949],
14: [0.52825, 0.700199],
15: [0.52825, 0.754574],
16: [0.45761, 0.793949],
17: [0.34164, 0.812699],
18: [0.45761, 0.812699],
19: [0.548486, 0.812699],
20: [0.52825, 0.812699],
21: [0.52825, 0.793949],
22: [0.633801, 0.754574],
23: [0.555279, 0.718949],
24: [0.555279, 0.76502],
25: [0.555279, 0.700199],
26: [0.553437, 0.718949],
27: [0.553437, 0.700199],
28: [0.553437, 0.739949],
29: [0.633801, 0.700199],
30: [0.571398, 0.718949],
31: [0.571398, 0.700199],
32: [0.571398, 0.754574],
33: [0.555279, 0.793949],
34: [0.555279, 0.812699],
35: [0.553437, 0.812699],
36: [0.553437, 0.793949],
37: [0.633801, 0.812699],
38: [0.571398, 0.812699],
39: [0.571398, 0.793949],
40: [0.34164, 0.756449],
41: [0.548486, 0.756449],
42: [0.45761, 0.756449],
43: [0.34164, 0.775199],
44: [0.45761, 0.775199],
45: [0.548486, 0.775199],
46: [0.52825, 0.775199],
47: [0.52825, 0.756449],
48: [0.34164, 0.737699],
49: [0.45761, 0.737699],
50: [0.548486, 0.737699],
51: [0.52825, 0.737699],
52: [0.633801, 0.756449],
53: [0.555279, 0.756449],
54: [0.555279, 0.775199],
55: [0.553437, 0.775199],
56: [0.553437, 0.756449],
57: [0.633801, 0.775199],
58: [0.571398, 0.775199],
59: [0.571398, 0.756449],
60: [0.555279, 0.737699],
61: [0.553437, 0.737699],
62: [0.633801, 0.737699],
63: [0.571398, 0.737699],
64: [0.719691, 0.718949],
65: [0.719691, 0.793949],
66: [0.719691, 0.754574],
67: [0.701039, 0.718949],
68: [0.701039, 0.754574],
69: [0.701039, 0.700199],
70: [0.719691, 0.700199],
71: [0.720037, 0.718949],
72: [0.720037, 0.700199],
73: [0.720037, 0.754574],
74: [0.701039, 0.793949],
75: [0.701039, 0.812699],
76: [0.719691, 0.812699],
77: [0.720037, 0.812699],
78: [0.720037, 0.793949],
79: [0.687799, 0.718949],
80: [0.687799, 0.76502],
81: [0.687799, 0.700199],
82: [0.709099, 0.718949],
83: [0.709099, 0.700199],
84: [0.709099, 0.739949],
85: [0.664772, 0.718949],
86: [0.664772, 0.736761],
87: [0.664772, 0.769199],
88: [0.687799, 0.793949],
89: [0.687799, 0.812699],
90: [0.709099, 0.812699],
91: [0.709099, 0.793949],
92: [0.664772, 0.812699],
93: [0.664772, 0.793949],
94: [0.719691, 0.756449],
95: [0.701039, 0.756449],
96: [0.701039, 0.775199],
97: [0.719691, 0.775199],
98: [0.720037, 0.775199],
99: [0.720037, 0.756449],
100: [0.701039, 0.737699],
101: [0.719691, 0.737699],
102: [0.720037, 0.737699],
103: [0.687799, 0.756449],
104: [0.687799, 0.775199],
105: [0.709099, 0.775199],
106: [0.709099, 0.756449],
107: [0.664772, 0.775199],
108: [0.664772, 0.756449],
109: [0.687799, 0.737699],
110: [0.709099, 0.737699],
111: [0.66004, 0.756449],
112: [0.664772, 0.737699]]
