Name: wall
Transform: [-5.13753, 0, 0]
Rotation: [0, 0, 0, 1]
Scale: [1, 1, 1]
LOD: 0
Animation data
[]
[]
[]
SubObjects: [ ]
Shading Data:
Diffuse_Color: [1,1,1,1]
Ambient: [0, 0, 0, 0]
Emmision_Color: [0, 0, 0, 0]
Specular_Color: [.5, .5, .5, 1]
Shininess: 80
Texture: wall
Number of Vertices: 20
[0: [12.8773, 6.33722, 1.30883, 1], 
 1: [-2.55677, 6.33722, 1.30883, 1], 
 2: [-1.08598, 0.00558758, 1.30883, 1], 
 3: [11.4065, 0.00558758, 1.30883, 1], 
 4: [12.8773, 6.33722, -1.38889, 1], 
 5: [11.4065, 0.00558615, -1.38889, 1], 
 6: [-1.08598, 0.00558615, -1.38889, 1], 
 7: [-2.55677, 6.33722, -1.38889, 1], 
 8: [12.8773, 6.33722, -1.38889, 1], 
 9: [12.8773, 6.33722, 1.30883, 1], 
 10: [11.4065, 0.0055878, 1.30883, 1], 
 11: [11.4065, 0.00558651, -1.38889, 1], 
 12: [-1.08598, 0.00558629, -1.38889, 1], 
 13: [-1.08598, 0.00558759, 1.30883, 1], 
 14: [-2.55677, 6.33722, 1.30883, 1], 
 15: [-2.55677, 6.33722, -1.38889, 1], 
 16: [-2.55677, 6.33722, -1.38889, 1], 
 17: [-2.55677, 6.33722, 1.30883, 1], 
 18: [12.8773, 6.33722, 1.30883, 1], 
 19: [12.8773, 6.33722, -1.38889, 1]]
Number of polygons: 10
Polygon Connection List
[0: [0, 1, 3], 
1: [1, 2, 3], 
2: [4, 5, 7], 
3: [5, 6, 7], 
4: [8, 9, 11], 
5: [9, 10, 11], 
6: [12, 13, 15], 
7: [13, 14, 15], 
8: [16, 17, 19], 
9: [17, 18, 19]]
Per Vertex Normals
[0: [0, 4.89517e-007, 1], 
 1: [1.53365e-016, 4.89517e-007, 1], 
 2: [2.24578e-016, 4.89517e-007, 1], 
 3: [5.31433e-017, 4.89517e-007, 1], 
 4: [0, -4.51862e-007, -1], 
 5: [0, -4.51862e-007, -1], 
 6: [0, -4.51862e-007, -1], 
 7: [0, -4.51862e-007, -1], 
 8: [0.974065, -0.226268, 7.99885e-008], 
 9: [0.974065, -0.226269, 8.71288e-008], 
 10: [0.974065, -0.226269, 1.085e-007], 
 11: [0.974065, -0.226269, 1.0136e-007], 
 12: [-0.974065, -0.226269, 1.09047e-007], 
 13: [-0.974065, -0.226269, 1.0177e-007], 
 14: [-0.974065, -0.226269, 7.99885e-008], 
 15: [-0.974065, -0.226269, 8.72658e-008], 
 16: [0, 1, -3.53511e-007], 
 17: [0, 1, -3.53511e-007], 
 18: [0, 1, -3.53511e-007], 
 19: [0, 1, -3.53511e-007]]
Texture Coordinates
[0: [0.407359, 0.973088],
1: [0.407359, 0.0470451],
2: [0.787257, 0.135293],
3: [0.787257, 0.88484],
4: [0.407359, 0.973088],
5: [0.787257, 0.88484],
6: [0.787257, 0.135293],
7: [0.407359, 0.0470451],
8: [0.980231, 0.391314],
9: [0.818367, 0.391314],
10: [0.818367, 0.0114156],
11: [0.980231, 0.0114155],
12: [0.980231, 0.0114155],
13: [0.818367, 0.0114156],
14: [0.818368, 0.391314],
15: [0.980231, 0.391314],
16: [0.238675, 0.0504006],
17: [0.0768121, 0.0504006],
18: [0.0768121, 0.976443],
19: [0.238675, 0.976443]]
