object: ground-container
matrix: [1, 0, 0, 0,  0, 1, 0, 0,  0, 0, 1, 0,  -1327, 371.636993408, -57.4384002686, 1]
id: 1000
company: Punkrocker
waypoint1: [-952.677,366.453,-422.162]
waypoint2: [-1101.04,393.978,-781.031]
waypoint3: [-1209.74,392.48,-892.635]
waypoint4: [-1584.94,304.78,-1083.35]
waypoint5: [-2046.27,352.918,-1505.44]
waypoint6: [-2979.55,447.676,-2513.55]
waypoint7: [-2372.75,430.493,-2895.25]

object: ground-container
matrix: [1, 0, 0, 0,  0, 1, 0, 0,  0, 0, 1, 0,  -1313.34997559, 372.166992188, -75.8467025757, 1]
id: 1001
company: Punkrocker
waypoint1: [-952.677,366.453,-422.162]
waypoint2: [-1101.04,393.978,-781.031]
waypoint3: [-1209.74,392.48,-892.635]
waypoint4: [-1584.94,304.78,-1083.35]
waypoint5: [-2046.27,352.918,-1505.44]
waypoint6: [-2979.55,447.676,-2513.55]
waypoint7: [-2372.75,430.493,-2895.25]

object: ground-container
matrix: [1, 0, 0, 0,  0, 1, 0, 0,  0, 0, 1, 0,  -1338.14001465, 370.863006592, -41.8727989197, 1]
id: 1002
company: Punkrocker
waypoint1: [-952.677,366.453,-422.162]
waypoint2: [-1101.04,393.978,-781.031]
waypoint3: [-1209.74,392.48,-892.635]
waypoint4: [-1584.94,304.78,-1083.35]
waypoint5: [-2046.27,352.918,-1505.44]
waypoint6: [-2979.55,447.676,-2513.55]
waypoint7: [-2372.75,430.493,-2895.25]

object: ground-container
matrix: [1, 0, 0, 0,  0, 1, 0, 0,  0, 0, 1, 0,  -1298.57995605, 381.907012939, -95.4028015137, 1]
id: 1003
company: Punkrocker
waypoint1: [-952.677,366.453,-422.162]
waypoint2: [-1101.04,393.978,-781.031]
waypoint3: [-1209.74,392.48,-892.635]
waypoint4: [-1584.94,304.78,-1083.35]
waypoint5: [-2046.27,352.918,-1505.44]
waypoint6: [-2979.55,447.676,-2513.55]
waypoint7: [-2372.75,430.493,-2895.25]

object: ground-container
matrix: [1, 0, 0, 0,  0, 1, 0, 0,  0, 0, 1, 0,  -1360.77416992, 375.80090332, -18.1535816193, 1]
id: 1004
company: Punkrocker
waypoint1: [-952.677,366.453,-422.162]
waypoint2: [-1101.04,393.978,-781.031]
waypoint3: [-1209.74,392.48,-892.635]
waypoint4: [-1584.94,304.78,-1083.35]
waypoint5: [-2046.27,352.918,-1505.44]
waypoint6: [-2979.55,447.676,-2513.55]
waypoint7: [-2372.75,430.493,-2895.25]

object: ground-container
matrix: [1, 0, 0, 0,  0, 1, 0, 0,  0, 0, 1, 0,  -1380.86450195, 375.80090332, -11.4352893829, 1]
id: 1005
company: Punkrocker
waypoint1: [-952.677,366.453,-422.162]
waypoint2: [-1101.04,393.978,-781.031]
waypoint3: [-1209.74,392.48,-892.635]
waypoint4: [-1584.94,304.78,-1083.35]
waypoint5: [-2046.27,352.918,-1505.44]
waypoint6: [-2979.55,447.676,-2513.55]
waypoint7: [-2372.75,430.493,-2895.25]

object: ground-container
matrix: [1, 0, 0, 0,  0, 1, 0, 0,  0, 0, 1, 0,  -1409.15612793, 375.80090332, -5.00280570984, 1]
id: 1006
company: Punkrocker
waypoint1: [-952.677,366.453,-422.162]
waypoint2: [-1101.04,393.978,-781.031]
waypoint3: [-1209.74,392.48,-892.635]
waypoint4: [-1584.94,304.78,-1083.35]
waypoint5: [-2046.27,352.918,-1505.44]
waypoint6: [-2979.55,447.676,-2513.55]
waypoint7: [-2372.75,430.493,-2895.25]

