object: ship4
matrix: [-0.78429299593, -0.00359992007725, 0.620379984379, 0,  -0.0150274001062, 0.999800026417, -0.013195999898, 0,  -0.620208024979, -0.0196723006666, -0.784189999104, 0,  -561.538024902, 702.570983887, -1744.85998535, 1]
id: 1011
company: Horny
waypoint1: [1875.44,664.259,2003.93]
waypoint2: [3266.11,569.259,3254.45]
waypoint3: [1441.72,583.259,2006.66]
waypoint4: [127.608,557.759,3387.61]

object: ship4
matrix: [-0.78429299593, -0.00359992007725, 0.620379984379, 0,  -0.0150274001062, 0.999800026417, -0.013195999898, 0,  -0.620208024979, -0.0196723006666, -0.784189999104, 0,  -558.672973633, 711.364013672, -1869.38000488, 1]
id: 1012
company: Horny
waypoint1: [1627.61,605.759,2131.09]
waypoint2: [2722.4,596.759,3205.46]
waypoint3: [1543.24,687.259,1786.53]
waypoint4: [121.456,564.759,3348.99]

object: ship2
matrix: [1, 0, 0, 0,  0, 1, 0, 0,  0, 0, 1, 0,  4358.60009766, 822.585998535, 1431.83996582, 1]
id: 1013
company: Horny
waypoint1: [1052.97,626.439,1193.24]
waypoint2: [308.165,578.439,2573.66]
waypoint3: [-300.297,571.439,3500.11]
waypoint4: [877.066,571.439,2406.65]
waypoint5: [2263.95,635.439,2579.62]
waypoint6: [4061.42,635.439,2900.64]

object: ship2
matrix: [1, 0, 0, 0,  0, 1, 0, 0,  0, 0, 1, 0,  4099.39013672, 822.585998535, 1072.09997559, 1]
id: 1014
company: Horny
waypoint1: [1052.97,626.439,1193.24]
waypoint2: [308.165,578.439,2573.66]
waypoint3: [-391.297,571.439,3543.11]
waypoint4: [877.066,571.439,2406.65]
waypoint5: [2200.95,635.439,2579.62]
waypoint6: [4061.42,635.439,2958.64]

object: ship2
matrix: [1, 0, 0, 0,  0, 1, 0, 0,  0, 0, 1, 0,  3815.54003906, 822.585998535, 733.715026855, 1]
id: 1015
company: Horny
waypoint1: [1000.97,626.439,1193.24]
waypoint2: [308.165,578.400,2573.66]
waypoint3: [-391.297,571.439,3543.11]
waypoint4: [877.066,571.439,2406.65]
waypoint5: [2263.95,600.439,2579.62]
waypoint6: [4061.42,635.439,2900.64]

object: ship2
matrix: [1, 0, 0, 0,  0, 1, 0, 0,  0, 0, 1, 0,  176.444000244, 850.439025879, -749.335998535, 1]
id: 1016
company: Horny
waypoint1: [1052.97,626.439,1193.24]
waypoint2: [308.165,500.439,2573.66]
waypoint3: [-391.297,571.439,3543.11]
waypoint4: [877.066,571.439,2406.65]
waypoint5: [2200.95,635.439,2579.62]
waypoint6: [4061.42,635.439,2900.64]

object: shipX
matrix: [1, 0, 0, 0,  0, 1, 0, 0,  0, 0, 1, 0,  4063.81005859, 861.463012695, 1699.85998535, 1]
id: 1017
company: Slick
waypoint1: [1052.97,626.439,1193.24]
waypoint2: [308.165,578.439,2573.66]
waypoint3: [-300.297,571.439,3500.11]
waypoint4: [877.066,571.439,2406.65]
waypoint5: [2263.95,635.439,2579.62]
waypoint6: [4061.42,635.439,2958.64]

object: shipX
matrix: [1, 0, 0, 0,  0, 1, 0, 0,  0, 0, 1, 0,  1013.40002441, 717.463012695, -1279.72998047, 1]
id: 1018
company: Slick
waypoint1: [1052.97,626.439,1193.24]
waypoint2: [308.165,578.439,2573.66]
waypoint3: [877.066,571.439,2406.65]
waypoint4: [2263.95,600.439,2579.62]
waypoint5: [4061.42,635.439,2958.64]
waypoint6: [-391.297,571.439,3543.11]

object: shipX
matrix: [1, 0, 0, 0,  0, 1, 0, 0,  0, 0, 1, 0,  -1311.52001953, 717.463012695, -835.344970703, 1]
id: 1019
company: Slick
waypoint1: [1052.97,600.439,1193.24]
waypoint2: [308.165,578.439,2573.66]
waypoint3: [-391.297,571.439,3543.11]
waypoint4: [877.066,571.439,2406.65]
waypoint5: [2263.95,635.439,2579.62]
waypoint6: [4061.42,635.439,2958.64]

object: shipX
matrix: [1, 0, 0, 0,  0, 1, 0, 0,  0, 0, 1, 0,  -1301.33996582, 700.463012695, 1168.04003906, 1]
id: 1020
company: Slick
waypoint1: [1052.97,626.439,1100.24]
waypoint2: [308.165,578.439,2573.66]
waypoint3: [-391.297,500.439,3543.11]
waypoint4: [877.066,571.439,2406.65]
waypoint5: [2263.95,635.439,2579.62]
waypoint6: [4061.42,635.439,2958.64]

object: ship4
matrix: [1, 0, 0, 0,  0, 1, 0, 0,  0, 0, 1, 0,  -1886.60009766, 950.600769043, 3660.14599609, 1]
id: 1021
company: Horny
waypoint1: [1900, 700, 1550]
waypoint2: [2250, 864, 2156]

object: ship4
matrix: [1, 0, 0, 0,  0, 1, 0, 0,  0, 0, 1, 0,  -1877.09313965, 966.600769043, 3767.62744141, 1]
id: 1022
company: Horny
waypoint1: [1900, 700, 1550]
waypoint2: [2250, 864, 2156]

object: ship4
matrix: [1, 0, 0, 0,  0, 1, 0, 0,  0, 0, 1, 0,  -1959.98181152, 966.600769043, 3754.44824219, 1]
id: 1023
company: Horny
waypoint1: [1900, 700, 1550]
waypoint2: [75, 750, 2350]

object: ship4
matrix: [1, 0, 0, 0,  0, 1, 0, 0,  0, 0, 1, 0,  -1969.33203125, 966.600769043, 3873.37353516, 1]
id: 1024
company: Horny
waypoint1: [1900, 700, 1550]
waypoint2: [2250, 864, 2156]

