object: tree1
matrix: [1, 0, 0, 0,  0, 1, 0, 0,  0, 0, 1, 0,  317.912994385, 212.947998047, 233.464004517, 1]
id: 1091
company: Nature

object: tree1
matrix: [1, 0, 0, 0,  0, 1, 0, 0,  0, 0, 1, 0,  233.852005005, 203.759002686, 258.764007568, 1]
id: 1092
company: Nature

object: tree1
matrix: [1, 0, 0, 0,  0, 1, 0, 0,  0, 0, 1, 0,  329.511993408, 214.199996948, 269.541992188, 1]
id: 1093
company: Nature

object: tree1
matrix: [1, 0, 0, 0,  0, 1, 0, 0,  0, 0, 1, 0,  253.143997192, 205.457992554, 314.963012695, 1]
id: 1094
company: Nature

object: tree1
matrix: [1, 0, 0, 0,  0, 1, 0, 0,  0, 0, 1, 0,  575.908996582, 235.384994507, 273.359008789, 1]
id: 1095
company: Nature

object: tree1
matrix: [1, 0, 0, 0,  0, 1, 0, 0,  0, 0, 1, 0,  490.040985107, 231.195999146, 291.610992432, 1]
id: 1096
company: Nature

object: tree1
matrix: [1, 0, 0, 0,  0, 1, 0, 0,  0, 0, 1, 0,  414.734008789, 223.337005615, 258.545013428, 1]
id: 1097
company: Nature

object: tree1
matrix: [1, 0, 0, 0,  0, 1, 0, 0,  0, 0, 1, 0,  482.710998535, 259.782989502, -38.0816993713, 1]
id: 1098
company: Nature

object: tree1
matrix: [1, 0, 0, 0,  0, 1, 0, 0,  0, 0, 1, 0,  520.710998535, 224.339996338, 25.8687992096, 1]
id: 1099
company: Nature

object: tree1
matrix: [1, 0, 0, 0,  0, 1, 0, 0,  0, 0, 1, 0,  642.385986328, 234.498001099, 143.531997681, 1]
id: 1100
company: Nature

object: tree1
matrix: [1, 0, 0, 0,  0, 1, 0, 0,  0, 0, 1, 0,  566.013977051, 231.511993408, 133.100006104, 1]
id: 1101
company: Nature

object: tree1
matrix: [1, 0, 0, 0,  0, 1, 0, 0,  0, 0, 1, 0,  663.668029785, 227.037994385, 4.1111497879, 1]
id: 1102
company: Nature

object: tree1
matrix: [1, 0, 0, 0,  0, 1, 0, 0,  0, 0, 1, 0,  716.159973145, 230.136993408, 27.3034000397, 1]
id: 1103
company: Nature

object: tree1
matrix: [1, 0, 0, 0,  0, 1, 0, 0,  0, 0, 1, 0,  752.75402832, 235.759002686, 116.950996399, 1]
id: 1104
company: Nature

object: tree1
matrix: [1, 0, 0, 0,  0, 1, 0, 0,  0, 0, 1, 0,  706.104003906, 240.707992554, 195.097000122, 1]
id: 1105
company: Nature

object: tree1
matrix: [1, 0, 0, 0,  0, 1, 0, 0,  0, 0, 1, 0,  795.148010254, 227.414993286, -30.8458003998, 1]
id: 1106
company: Nature

object: tree1
matrix: [1, 0, 0, 0,  0, 1, 0, 0,  0, 0, 1, 0,  869.637023926, 226.763000488, 13.9061002731, 1]
id: 1107
company: Nature

object: tree1
matrix: [1, 0, 0, 0,  0, 1, 0, 0,  0, 0, 1, 0,  860.594970703, 232.020996094, 97.3927001953, 1]
id: 1108
company: Nature

object: tree1
matrix: [1, 0, 0, 0,  0, 1, 0, 0,  0, 0, 1, 0,  -1805.55004883, 465.664001465, -3513.7800293, 1]
id: 1109
company: Nature

object: tree1
matrix: [1, 0, 0, 0,  0, 1, 0, 0,  0, 0, 1, 0,  -1741.86999512, 455.989990234, -3453.35009766, 1]
id: 1110
company: Nature

object: tree1
matrix: [1, 0, 0, 0,  0, 1, 0, 0,  0, 0, 1, 0,  -1790.79003906, 449.829986572, -3397.77001953, 1]
id: 1111
company: Nature

object: tree1
matrix: [1, 0, 0, 0,  0, 1, 0, 0,  0, 0, 1, 0,  -1953.10998535, 412.071014404, -2673.45996094, 1]
id: 1112
company: Nature

object: tree1
matrix: [1, 0, 0, 0,  0, 1, 0, 0,  0, 0, 1, 0,  -1932.32995605, 381.160003662, -2780.10009766, 1]
id: 1113
company: Nature

object: tree1
matrix: [1, 0, 0, 0,  0, 1, 0, 0,  0, 0, 1, 0,  -1844.75, 371.746002197, -2766.07006836, 1]
id: 1114
company: Nature

object: tree1
matrix: [1, 0, 0, 0,  0, 1, 0, 0,  0, 0, 1, 0,  -1897.7800293, 401.459014893, -2692.27001953, 1]
id: 1115
company: Nature

object: tree1
matrix: [1, 0, 0, 0,  0, 1, 0, 0,  0, 0, 1, 0,  -2001.82995605, 387.57699585, -2805.55004883, 1]
id: 1116
company: Nature

object: tree1
matrix: [1, 0, 0, 0,  0, 1, 0, 0,  0, 0, 1, 0,  -1904.39001465, 361.013000488, -2838.29003906, 1]
id: 1117
company: Nature

object: cactus2
matrix: [1, 0, 0, 0,  0, 1, 0, 0,  0, 0, 1, 0,  -2724.52001953, 665.903015137, -1230.15002441, 1]
id: 1118
company: Nature

object: cactus2
matrix: [1, 0, 0, 0,  0, 1, 0, 0,  0, 0, 1, 0,  -2703.35009766, 664.286010742, -1249.44995117, 1]
id: 1119
company: Nature

object: cactus2
matrix: [1, 0, 0, 0,  0, 1, 0, 0,  0, 0, 1, 0,  -2731.72998047, 663.710021973, -1271.79003906, 1]
id: 1120
company: Nature

object: cactus2
matrix: [1, 0, 0, 0,  0, 1, 0, 0,  0, 0, 1, 0,  -2753.31005859, 666.007019043, -1246.57995605, 1]
id: 1121
company: Nature

object: cactus2
matrix: [1, 0, 0, 0,  0, 1, 0, 0,  0, 0, 1, 0,  -2774.05004883, 655.729980469, -1302.85998535, 1]
id: 1122
company: Nature

object: tree1
matrix: [1, 0, 0, 0,  0, 1, 0, 0,  0, 0, 1, 0,  -2731.70996094, 672.690002441, -1140.73999023, 1]
id: 1123
company: Nature

object: tree1
matrix: [1, 0, 0, 0,  0, 1, 0, 0,  0, 0, 1, 0,  -2714.90991211, 683.732971191, -828.312011719, 1]
id: 1124
company: Nature

object: tree1
matrix: [1, 0, 0, 0,  0, 1, 0, 0,  0, 0, 1, 0,  -2682.09008789, 677.541992188, -945.989990234, 1]
id: 1125
company: Nature

object: tree1
matrix: [1, 0, 0, 0,  0, 1, 0, 0,  0, 0, 1, 0,  -2590.02001953, 666.124023438, -939.338989258, 1]
id: 1126
company: Nature

object: tree1
matrix: [1, 0, 0, 0,  0, 1, 0, 0,  0, 0, 1, 0,  -3297.75, 858.275024414, 1677.60998535, 1]
id: 1127
company: Nature

object: tree1
matrix: [1, 0, 0, 0,  0, 1, 0, 0,  0, 0, 1, 0,  -3266.37988281, 855.317016602, 1580.91003418, 1]
id: 1128
company: Nature

object: tree1
matrix: [1, 0, 0, 0,  0, 1, 0, 0,  0, 0, 1, 0,  -3379.98999023, 849.874023438, 1493.22998047, 1]
id: 1129
company: Nature

object: tree1
matrix: [1, 0, 0, 0,  0, 1, 0, 0,  0, 0, 1, 0,  -3306.10009766, 850.630004883, 1473.41003418, 1]
id: 1130
company: Nature

object: tree1
matrix: [1, 0, 0, 0,  0, 1, 0, 0,  0, 0, 1, 0,  -3295.11010742, 849.557983398, 1416.58996582, 1]
id: 1131
company: Nature

object: tree1
matrix: [1, 0, 0, 0,  0, 1, 0, 0,  0, 0, 1, 0,  2936.31005859, 594.630981445, 2787.22998047, 1]
id: 1132
company: Nature

object: tree1
matrix: [1, 0, 0, 0,  0, 1, 0, 0,  0, 0, 1, 0,  3082.40991211, 558.25201416, 2991.22998047, 1]
id: 1133
company: Nature

object: tree1
matrix: [1, 0, 0, 0,  0, 1, 0, 0,  0, 0, 1, 0,  3142.5300293, 565.068969727, 2973.10009766, 1]
id: 1134
company: Nature

object: tree1
matrix: [1, 0, 0, 0,  0, 1, 0, 0,  0, 0, 1, 0,  3166.70996094, 541.119995117, 3063.10009766, 1]
id: 1135
company: Nature

object: tree1
matrix: [1, 0, 0, 0,  0, 1, 0, 0,  0, 0, 1, 0,  3083.25, 535.627990723, 3071.95996094, 1]
id: 1136
company: Nature

object: tree1
matrix: [1, 0, 0, 0,  0, 1, 0, 0,  0, 0, 1, 0,  3010.9699707, 542.135986328, 3041.62011719, 1]
id: 1137
company: Nature

object: tree1
matrix: [1, 0, 0, 0,  0, 1, 0, 0,  0, 0, 1, 0,  2967.76000977, 531.052001953, 3078.06005859, 1]
id: 1138
company: Nature

object: tree1
matrix: [1, 0, 0, 0,  0, 1, 0, 0,  0, 0, 1, 0,  2838.59008789, 551.033996582, 2952.97998047, 1]
id: 1139
company: Nature

object: tree1
matrix: [1, 0, 0, 0,  0, 1, 0, 0,  0, 0, 1, 0,  2915.89990234, 544.197021484, 3012.23999023, 1]
id: 1140
company: Nature

object: tree1
matrix: [1, 0, 0, 0,  0, 1, 0, 0,  0, 0, 1, 0,  3053.69995117, 587.320983887, 2855.9699707, 1]
id: 1141
company: Nature

object: tree1
matrix: [1, 0, 0, 0,  0, 1, 0, 0,  0, 0, 1, 0,  2945.83007812, 567.541015625, 2908.55004883, 1]
id: 1142
company: Nature

object: tree1
matrix: [1, 0, 0, 0,  0, 1, 0, 0,  0, 0, 1, 0,  2828.11010742, 521.682006836, 3085.67993164, 1]
id: 1143
company: Nature

object: tree1
matrix: [1, 0, 0, 0,  0, 1, 0, 0,  0, 0, 1, 0,  2836.40991211, 506.734008789, 3152.32006836, 1]
id: 1144
company: Nature

object: tree1
matrix: [1, 0, 0, 0,  0, 1, 0, 0,  0, 0, 1, 0,  2672.92993164, 516.979980469, 3057.80004883, 1]
id: 1145
company: Nature

object: tree1
matrix: [1, 0, 0, 0,  0, 1, 0, 0,  0, 0, 1, 0,  2750.02001953, 520.773010254, 3066.58007812, 1]
id: 1146
company: Nature

object: tree1
matrix: [1, 0, 0, 0,  0, 1, 0, 0,  0, 0, 1, 0,  613.229980469, 485.984985352, 3357.76000977, 1]
id: 1147
company: Nature

object: cactus2
matrix: [1, 0, 0, 0,  0, 1, 0, 0,  0, 0, 1, 0,  257.343994141, 486.023010254, 3463.59008789, 1]
id: 1148
company: Nature

object: cactus2
matrix: [1, 0, 0, 0,  0, 1, 0, 0,  0, 0, 1, 0,  277.654998779, 485.791992188, 3468.32006836, 1]
id: 1149
company: Nature

object: cactus2
matrix: [1, 0, 0, 0,  0, 1, 0, 0,  0, 0, 1, 0,  283.845001221, 484.940002441, 3402.76000977, 1]
id: 1150
company: Nature

object: cactus2
matrix: [1, 0, 0, 0,  0, 1, 0, 0,  0, 0, 1, 0,  346.127990723, 484.234985352, 3393.05004883, 1]
id: 1151
company: Nature

object: cactus2
matrix: [1, 0, 0, 0,  0, 1, 0, 0,  0, 0, 1, 0,  485.621002197, 480.858001709, 3272.19995117, 1]
id: 1152
company: Nature

object: cactus2
matrix: [1, 0, 0, 0,  0, 1, 0, 0,  0, 0, 1, 0,  177.675003052, 472.312988281, 3220.66992188, 1]
id: 1153
company: Nature

object: cactus2
matrix: [1, 0, 0, 0,  0, 1, 0, 0,  0, 0, 1, 0,  306.492004395, 478.141998291, 3249.77001953, 1]
id: 1154
company: Nature

object: cactus2
matrix: [1, 0, 0, 0,  0, 1, 0, 0,  0, 0, 1, 0,  397.395996094, 477.665008545, 3117.80004883, 1]
id: 1155
company: Nature

object: cactus2
matrix: [1, 0, 0, 0,  0, 1, 0, 0,  0, 0, 1, 0,  389.425994873, 479.013000488, 2977.35009766, 1]
id: 1156
company: Nature

object: cactus2
matrix: [1, 0, 0, 0,  0, 1, 0, 0,  0, 0, 1, 0,  559.04901123, 474.04699707, 3024.25, 1]
id: 1157
company: Nature

object: cactus2
matrix: [1, 0, 0, 0,  0, 1, 0, 0,  0, 0, 1, 0,  656.565002441, 477.62399292, 2639.20996094, 1]
id: 1158
company: Nature

object: cactus2
matrix: [1, 0, 0, 0,  0, 1, 0, 0,  0, 0, 1, 0,  -4.24138021469, 327.725006104, 2068.82006836, 1]
id: 1159
company: Nature

object: tree1
matrix: [1, 0, 0, 0,  0, 1, 0, 0,  0, 0, 1, 0,  -109.693000793, 299.932006836, 1760.4699707, 1]
id: 1160
company: Nature

object: tree1
matrix: [1, 0, 0, 0,  0, 1, 0, 0,  0, 0, 1, 0,  -107.680999756, 313.709014893, 1837.17004395, 1]
id: 1161
company: Nature

object: tree1
matrix: [1, 0, 0, 0,  0, 1, 0, 0,  0, 0, 1, 0,  3.01027011871, 258.558990479, 1546.81005859, 1]
id: 1162
company: Nature

object: tree1
matrix: [1, 0, 0, 0,  0, 1, 0, 0,  0, 0, 1, 0,  -70.8499984741, 259.584991455, 1549.57995605, 1]
id: 1163
company: Nature

object: tree1
matrix: [1, 0, 0, 0,  0, 1, 0, 0,  0, 0, 1, 0,  -147.804000854, 274.437011719, 1622.04003906, 1]
id: 1164
company: Nature

object: tree1
matrix: [1, 0, 0, 0,  0, 1, 0, 0,  0, 0, 1, 0,  -47.668598175, 283.178009033, 1674.31994629, 1]
id: 1165
company: Nature

object: tree1
matrix: [1, 0, 0, 0,  0, 1, 0, 0,  0, 0, 1, 0,  99.2512969971, 278.915008545, 1655.19995117, 1]
id: 1166
company: Nature

object: tree1
matrix: [1, 0, 0, 0,  0, 1, 0, 0,  0, 0, 1, 0,  136.869003296, 249.563995361, 1497.67004395, 1]
id: 1167
company: Nature

object: tree1
matrix: [1, 0, 0, 0,  0, 1, 0, 0,  0, 0, 1, 0,  74.9833984375, 239.399002075, 1459.18005371, 1]
id: 1168
company: Nature

object: tree1
matrix: [1, 0, 0, 0,  0, 1, 0, 0,  0, 0, 1, 0,  259.317993164, 238.384994507, 1423.45996094, 1]
id: 1169
company: Nature

object: tree1
matrix: [1, 0, 0, 0,  0, 1, 0, 0,  0, 0, 1, 0,  -67.7981033325, 219.397994995, 1350.51000977, 1]
id: 1170
company: Nature

object: tree1
matrix: [1, 0, 0, 0,  0, 1, 0, 0,  0, 0, 1, 0,  32.6903991699, 207.727005005, 1317.56994629, 1]
id: 1171
company: Nature

object: cactus2
matrix: [1, 0, 0, 0,  0, 1, 0, 0,  0, 0, 1, 0,  3787.37988281, 468.972991943, -918.937011719, 1]
id: 1172
company: Nature

object: cactus2
matrix: [1, 0, 0, 0,  0, 1, 0, 0,  0, 0, 1, 0,  3788.87011719, 468.678985596, -944.312988281, 1]
id: 1173
company: Nature

object: cactus2
matrix: [1, 0, 0, 0,  0, 1, 0, 0,  0, 0, 1, 0,  3763.68994141, 466.803009033, -936.656982422, 1]
id: 1174
company: Nature

object: cactus2
matrix: [1, 0, 0, 0,  0, 1, 0, 0,  0, 0, 1, 0,  3739.62011719, 463.739990234, -921.07800293, 1]
id: 1175
company: Nature

object: cactus2
matrix: [1, 0, 0, 0,  0, 1, 0, 0,  0, 0, 1, 0,  3735.43994141, 462.803985596, -879.007995605, 1]
id: 1176
company: Nature

object: cactus2
matrix: [1, 0, 0, 0,  0, 1, 0, 0,  0, 0, 1, 0,  3694.90991211, 458.196990967, -901.510009766, 1]
id: 1177
company: Nature

object: cactus2
matrix: [1, 0, 0, 0,  0, 1, 0, 0,  0, 0, 1, 0,  3690.54003906, 457.464996338, -839.216003418, 1]
id: 1178
company: Nature

object: cactus2
matrix: [1, 0, 0, 0,  0, 1, 0, 0,  0, 0, 1, 0,  3679.16992188, 457.028991699, -934.486022949, 1]
id: 1179
company: Nature

object: tree1
matrix: [1, 0, 0, 0,  0, 1, 0, 0,  0, 0, 1, 0,  3899.94995117, 474.458007812, -876.916992188, 1]
id: 1180
company: Nature

object: tree1
matrix: [1, 0, 0, 0,  0, 1, 0, 0,  0, 0, 1, 0,  3931.2800293, 478.027008057, -1002.70001221, 1]
id: 1181
company: Nature

object: tree1
matrix: [1, 0, 0, 0,  0, 1, 0, 0,  0, 0, 1, 0,  3701.88989258, 459.562988281, -1225.85998535, 1]
id: 1182
company: Nature

object: tree1
matrix: [1, 0, 0, 0,  0, 1, 0, 0,  0, 0, 1, 0,  3853.2800293, 471.399993896, -1195.44995117, 1]
id: 1183
company: Nature

object: tree1
matrix: [1, 0, 0, 0,  0, 1, 0, 0,  0, 0, 1, 0,  3891.34008789, 471.990997314, -1111.58996582, 1]
id: 1184
company: Nature

object: tree1
matrix: [1, 0, 0, 0,  0, 1, 0, 0,  0, 0, 1, 0,  3759, 462.940002441, -1107.56994629, 1]
id: 1185
company: Nature

object: tree1
matrix: [1, 0, 0, 0,  0, 1, 0, 0,  0, 0, 1, 0,  3591.97998047, 442.57699585, -1070.51000977, 1]
id: 1186
company: Nature

object: cactus1
matrix: [1, 0, 0, 0,  0, 1, 0, 0,  0, 0, 1, 0,  3608.06005859, 447.12298584, -956.416015625, 1]
id: 1187
company: Nature

object: cactus1
matrix: [1, 0, 0, 0,  0, 1, 0, 0,  0, 0, 1, 0,  3555.12011719, 438.217010498, -946.927001953, 1]
id: 1188
company: Nature

object: cactus1
matrix: [1, 0, 0, 0,  0, 1, 0, 0,  0, 0, 1, 0,  3552.54003906, 436.158996582, -1008, 1]
id: 1189
company: Nature

object: tree1
matrix: [1, 0, 0, 0,  0, 1, 0, 0,  0, 0, 1, 0,  3823.75, 471.665008545, -1387.5, 1]
id: 1190
company: Nature

object: sheep
matrix: [1, 0, 0, 0,  0, 1, 0, 0,  0, 0, 1, 0,  3900, 400, 3000, 1]
id: 1191
company: Nature

object: sheep
matrix: [1, 0, 0, 0,  0, 1, 0, 0,  0, 0, 1, 0,  3932, 400, 3000, 1]
id: 1192
company: Nature

object: sheep
matrix: [1, 0, 0, 0,  0, 1, 0, 0,  0, 0, 1, 0,  3916, 400, 3000, 1]
id: 1193
company: Nature

object: sheep
matrix: [1, 0, 0, 0,  0, 1, 0, 0,  0, 0, 1, 0,  3900, 400, 3032, 1]
id: 1194
company: Nature

object: sheep
matrix: [1, 0, 0, 0,  0, 1, 0, 0,  0, 0, 1, 0,  3932, 400, 3032, 1]
id: 1195
company: Nature

object: sheep
matrix: [1, 0, 0, 0,  0, 1, 0, 0,  0, 0, 1, 0,  3916, 400, 3032, 1]
id: 1196
company: Nature

object: sheep
matrix: [1, 0, 0, 0,  0, 1, 0, 0,  0, 0, 1, 0,  3900, 400, 3016, 1]
id: 1197
company: Nature

object: sheep
matrix: [1, 0, 0, 0,  0, 1, 0, 0,  0, 0, 1, 0,  3932, 400, 3016, 1]
id: 1198
company: Nature

object: sheep
matrix: [1, 0, 0, 0,  0, 1, 0, 0,  0, 0, 1, 0,  3916, 400, 3016, 1]
id: 1199
company: Nature

object: tree1
matrix: [1, 0, 0, 0,  0, 1, 0, 0,  0, 0, 1, 0,  3073.98461914, 497.799835205, 3248.8972168, 1]
id: 1200
company: Nature

object: tree1
matrix: [1, 0, 0, 0,  0, 1, 0, 0,  0, 0, 1, 0,  3016.19067383, 496.399780273, 3267.95629883, 1]
id: 1201
company: Nature

object: tree1
matrix: [1, 0, 0, 0,  0, 1, 0, 0,  0, 0, 1, 0,  2950.09960938, 490.399780273, 3293.09521484, 1]
id: 1202
company: Nature

object: tree1
matrix: [1, 0, 0, 0,  0, 1, 0, 0,  0, 0, 1, 0,  2957.34643555, 487.199615479, 3422.27197266, 1]
id: 1203
company: Nature

object: tree1
matrix: [1, 0, 0, 0,  0, 1, 0, 0,  0, 0, 1, 0,  3090.63061523, 489.799743652, 3326.05175781, 1]
id: 1204
company: Nature

object: bush1
matrix: [1, 0, 0, 0,  0, 1, 0, 0,  0, 0, 1, 0,  3020.36035156, 489.999816895, 3343.32641602, 1]
id: 1205
company: Nature

object: bush1
matrix: [1, 0, 0, 0,  0, 1, 0, 0,  0, 0, 1, 0,  3025.640625, 489.999816895, 3346.12524414, 1]
id: 1206
company: Nature

object: bush1
matrix: [1, 0, 0, 0,  0, 1, 0, 0,  0, 0, 1, 0,  3025.92480469, 489.999816895, 3334.1015625, 1]
id: 1207
company: Nature

object: bush1
matrix: [1, 0, 0, 0,  0, 1, 0, 0,  0, 0, 1, 0,  3025.86132812, 489.999816895, 3336.7734375, 1]
id: 1208
company: Nature

object: bush1
matrix: [1, 0, 0, 0,  0, 1, 0, 0,  0, 0, 1, 0,  3029.12207031, 489.999816895, 3340.19287109, 1]
id: 1209
company: Nature

object: bush1
matrix: [1, 0, 0, 0,  0, 1, 0, 0,  0, 0, 1, 0,  3036.51757812, 489.999816895, 3338.36328125, 1]
id: 1210
company: Nature

object: bush1
matrix: [1, 0, 0, 0,  0, 1, 0, 0,  0, 0, 1, 0,  3019.79345703, 490.399749756, 3314.63598633, 1]
id: 1211
company: Nature

object: bush1
matrix: [1, 0, 0, 0,  0, 1, 0, 0,  0, 0, 1, 0,  3029.59399414, 490.399688721, 3311.8972168, 1]
id: 1212
company: Nature

object: bush1
matrix: [1, 0, 0, 0,  0, 1, 0, 0,  0, 0, 1, 0,  3017.04443359, 491.799713135, 3296.26879883, 1]
id: 1213
company: Nature

object: bush1
matrix: [1, 0, 0, 0,  0, 1, 0, 0,  0, 0, 1, 0,  3006.89160156, 491.799713135, 3308.49975586, 1]
id: 1214
company: Nature

object: bush1
matrix: [1, 0, 0, 0,  0, 1, 0, 0,  0, 0, 1, 0,  3091.50952148, 507.399627686, 3326.57836914, 1]
id: 1215
company: Nature

object: tree1
matrix: [1, 0, 0, 0,  0, 1, 0, 0,  0, 0, 1, 0,  3048.3527832, 487.199890137, 3443.4921875, 1]
id: 1216
company: Nature

object: tree1
matrix: [1, 0, 0, 0,  0, 1, 0, 0,  0, 0, 1, 0,  2451.5078125, 491.79989624, 2756.14599609, 1]
id: 1217
company: Nature

object: tree1
matrix: [1, 0, 0, 0,  0, 1, 0, 0,  0, 0, 1, 0,  2301.15307617, 529.200378418, 2576.34912109, 1]
id: 1218
company: Nature

object: tree1
matrix: [1, 0, 0, 0,  0, 1, 0, 0,  0, 0, 1, 0,  2133.44165039, 520.799987793, 2444.41235352, 1]
id: 1219
company: Nature

object: tree1
matrix: [1, 0, 0, 0,  0, 1, 0, 0,  0, 0, 1, 0,  1776.02856445, 493.199798584, 2236.50830078, 1]
id: 1220
company: Nature

object: bush1
matrix: [1, 0, 0, 0,  0, 1, 0, 0,  0, 0, 1, 0,  1712.82128906, 345.999816895, 2418.1652832, 1]
id: 1221
company: Nature

object: bush1
matrix: [1, 0, 0, 0,  0, 1, 0, 0,  0, 0, 1, 0,  1700.00952148, 350.999816895, 2414.39770508, 1]
id: 1222
company: Nature

object: bush1
matrix: [1, 0, 0, 0,  0, 1, 0, 0,  0, 0, 1, 0,  1725.29992676, 349.199707031, 2441.91650391, 1]
id: 1223
company: Nature

object: bush1
matrix: [1, 0, 0, 0,  0, 1, 0, 0,  0, 0, 1, 0,  1740.0546875, 351.599700928, 2418.34960938, 1]
id: 1224
company: Nature

object: bush1
matrix: [1, 0, 0, 0,  0, 1, 0, 0,  0, 0, 1, 0,  1792.49902344, 345.399658203, 2467.9375, 1]
id: 1225
company: Nature

object: bush1
matrix: [1, 0, 0, 0,  0, 1, 0, 0,  0, 0, 1, 0,  1821.27514648, 346.799621582, 2504.47998047, 1]
id: 1226
company: Nature

object: bush1
matrix: [1, 0, 0, 0,  0, 1, 0, 0,  0, 0, 1, 0,  1796.05822754, 340.999450684, 2480.69921875, 1]
id: 1227
company: Nature

object: bush1
matrix: [1, 0, 0, 0,  0, 1, 0, 0,  0, 0, 1, 0,  1834.85375977, 348.999725342, 2461.60595703, 1]
id: 1228
company: Nature

object: bush1
matrix: [1, 0, 0, 0,  0, 1, 0, 0,  0, 0, 1, 0,  1755.06225586, 350.599700928, 2484.75512695, 1]
id: 1229
company: Nature

object: tree1
matrix: [1, 0, 0, 0,  0, 1, 0, 0,  0, 0, 1, 0,  2186.32080078, 471.599822998, 2976.94824219, 1]
id: 1230
company: Nature

object: tree1
matrix: [1, 0, 0, 0,  0, 1, 0, 0,  0, 0, 1, 0,  2193.41210938, 477.799926758, 3031.87695312, 1]
id: 1231
company: Nature

object: tree1
matrix: [1, 0, 0, 0,  0, 1, 0, 0,  0, 0, 1, 0,  3576.671875, 661.600280762, 2597.45678711, 1]
id: 1232
company: Nature

object: tree1
matrix: [1, 0, 0, 0,  0, 1, 0, 0,  0, 0, 1, 0,  3516.10473633, 627.800537109, 2700.2956543, 1]
id: 1233
company: Nature

object: tree1
matrix: [1, 0, 0, 0,  0, 1, 0, 0,  0, 0, 1, 0,  3535.0390625, 708.40020752, 2490.19189453, 1]
id: 1234
company: Nature

object: tree1
matrix: [1, 0, 0, 0,  0, 1, 0, 0,  0, 0, 1, 0,  3454.44238281, 595.400024414, 2844.00463867, 1]
id: 1235
company: Nature

object: cactus1
matrix: [1, 0, 0, 0,  0, 1, 0, 0,  0, 0, 1, 0,  -548.023132324, 280.599700928, 1427.88110352, 1]
id: 1236
company: Nature

object: cactus1
matrix: [1, 0, 0, 0,  0, 1, 0, 0,  0, 0, 1, 0,  -485.921142578, 285.599578857, 1593.4074707, 1]
id: 1237
company: Nature

object: cactus1
matrix: [1, 0, 0, 0,  0, 1, 0, 0,  0, 0, 1, 0,  -403.588134766, 334.999298096, 1878.68127441, 1]
id: 1238
company: Nature

object: cactus1
matrix: [1, 0, 0, 0,  0, 1, 0, 0,  0, 0, 1, 0,  -247.547241211, 365.599365234, 2321.13989258, 1]
id: 1239
company: Nature

object: cactus1
matrix: [1, 0, 0, 0,  0, 1, 0, 0,  0, 0, 1, 0,  -67.7659378052, 402.599517822, 2625.27978516, 1]
id: 1240
company: Nature

object: cactus1
matrix: [1, 0, 0, 0,  0, 1, 0, 0,  0, 0, 1, 0,  130.782821655, 410.399536133, 2880.26879883, 1]
id: 1241
company: Nature

object: bush1
matrix: [1, 0, 0, 0,  0, 1, 0, 0,  0, 0, 1, 0,  -676.709655762, 154.799697876, 920.105834961, 1]
id: 1242
company: Nature

object: bush1
matrix: [1, 0, 0, 0,  0, 1, 0, 0,  0, 0, 1, 0,  -648.834899902, 155.799697876, 943.937866211, 1]
id: 1243
company: Nature

object: bush1
matrix: [1, 0, 0, 0,  0, 1, 0, 0,  0, 0, 1, 0,  -692.876831055, 156.999679565, 910.079406738, 1]
id: 1244
company: Nature

object: bush1
matrix: [1, 0, 0, 0,  0, 1, 0, 0,  0, 0, 1, 0,  -723.398681641, 152.799728394, 879.249206543, 1]
id: 1245
company: Nature

object: bush1
matrix: [1, 0, 0, 0,  0, 1, 0, 0,  0, 0, 1, 0,  -710.930480957, 150.799758911, 842.462768555, 1]
id: 1246
company: Nature

object: bush1
matrix: [1, 0, 0, 0,  0, 1, 0, 0,  0, 0, 1, 0,  -681.127502441, 144.599838257, 869.295410156, 1]
id: 1247
company: Nature

object: bush1
matrix: [1, 0, 0, 0,  0, 1, 0, 0,  0, 0, 1, 0,  -649.358764648, 138.999908447, 879.280212402, 1]
id: 1248
company: Nature

object: bush1
matrix: [1, 0, 0, 0,  0, 1, 0, 0,  0, 0, 1, 0,  -687.073303223, 144.999847412, 896.162719727, 1]
id: 1249
company: Nature

object: bush1
matrix: [1, 0, 0, 0,  0, 1, 0, 0,  0, 0, 1, 0,  -638.350891113, 135.999908447, 906.035827637, 1]
id: 1250
company: Nature

object: bush1
matrix: [1, 0, 0, 0,  0, 1, 0, 0,  0, 0, 1, 0,  -660.861206055, 142.999908447, 920.52947998, 1]
id: 1251
company: Nature

object: cactus1
matrix: [1, 0, 0, 0,  0, 1, 0, 0,  0, 0, 1, 0,  -730.047607422, 182.799682617, 721.070617676, 1]
id: 1252
company: Nature

object: tree1
matrix: [1, 0, 0, 0,  0, 1, 0, 0,  0, 0, 1, 0,  -2986.3034668, 482.399291992, -3272.09423828, 1]
id: 1253
company: Nature

object: tree1
matrix: [1, 0, 0, 0,  0, 1, 0, 0,  0, 0, 1, 0,  -3100.88867188, 482.399291992, -3228.0078125, 1]
id: 1254
company: Nature

object: tree1
matrix: [1, 0, 0, 0,  0, 1, 0, 0,  0, 0, 1, 0,  -3258.26708984, 490.399353027, -3198.56420898, 1]
id: 1255
company: Nature

object: tree1
matrix: [1, 0, 0, 0,  0, 1, 0, 0,  0, 0, 1, 0,  -3300.36206055, 488.799285889, -3104.69042969, 1]
id: 1256
company: Nature

