
object: ship2P
matrix: [0.64, 0, -0.77, 0,  -0.015, 1, -0.013, 0,  0.77, 0.020, 0.64, 0,  -1241, 449.8, -842.3, 1]
id: 1
company: Slick

object: ship2P
matrix: [-0.66, 0.001, 0.75, 0,  0.0123, 1, 0.0097, 0,  -0.75, 0.0157, -0.661, 0,  -2409, 434, -1839, 1]
id: 2
company: Slick

object: ship2P
matrix: [0.64, 0, -0.77, 0,  -0.015, 1, -0.013, 0,  0.77, 0.020, 0.64, 0,  -1241, 449.8, -842.3, 1]
id: 3
company: Slick

object: ship2P
matrix:  [-0.66, 0.001, 0.75, 0,  0.0123, 1, 0.0097, 0,  -0.75, 0.0157, -0.661, 0,  -2409, 454, -1839, 1]
id: 4
company: Slick

