object: shipX
matrix: [-0.78429299593, -0.00359992007725, 0.620379984379, 0,  -0.0150274001062, 0.999800026417, -0.013195999898, 0,  -0.620208024979, -0.0196723006666, -0.784189999104, 0,  -561.538024902, 700, -1700, 1]
id: 1288
company: Horny
waypoint1: [1875.44,664.259,2003.93]
waypoint2: [3266.11,569.259,3254.45]
waypoint3: [1441.72,583.259,2006.66]
waypoint4: [127.608,557.759,3387.61]

object: shipX
matrix: [-0.78429299593, -0.00359992007725, 0.620379984379, 0,  -0.0150274001062, 0.999800026417, -0.013195999898, 0,  -0.620208024979, -0.0196723006666, -0.784189999104, 0,  -558.672973633, 700, -1800, 1]
id: 1289
company: Horny
waypoint1: [1627.61,605.759,2131.09,1]
waypoint2: [2722.4,596.759,3205.46,1]
waypoint3: [1543.24,687.259,1786.53,1]
waypoint4: [121.456,564.759,3348.99,1]

object: ship3
matrix: [1, 0, 0, 0,  0, 1, 0, 0,  0, 0, 1, 0,  2185.91601562, 476.000549316, 332.545074463, 1]
id: 1290
company: Horny
waypoint1: [230, 800, 2260]
waypoint2: [3180, 850, 3030]
waypoint3: [-480, 730, 3500]
waypoint4: [1875.44,664.259,2003.93]
waypoint5: [3266.11,569.259,3254.45]
waypoint6: [1441.72,583.259,2006.66]
waypoint7: [127.608,557.759,3387.61]

object: ship3
matrix: [1, 0, 0, 0,  0, 1, 0, 0,  0, 0, 1, 0,  2186.89331055, 476.000549316, 285.353057861, 1]
id: 1291
company: Horny
waypoint1: [230, 800, 2260]
waypoint2: [3180, 850, 3030]
waypoint3: [-480, 730, 3500]
waypoint4: [1875.44,664.259,2003.93]
waypoint5: [3266.11,569.259,3254.45]
waypoint6: [1441.72,583.259,2006.66]
waypoint7: [127.608,557.759,3387.61]

object: ship3
matrix: [1, 0, 0, 0,  0, 1, 0, 0,  0, 0, 1, 0,  2249.42480469, 476.000549316, 336.522125244, 1]
id: 1292
company: Horny
waypoint1: [230, 800, 2260]
waypoint2: [3180, 850, 3030]
waypoint3: [-480, 730, 3500]
waypoint4: [1875.44,664.259,2003.93]
waypoint5: [3266.11,569.259,3254.45]
waypoint6: [1441.72,583.259,2006.66]
waypoint7: [127.608,557.759,3387.61]

object: ship3
matrix: [1, 0, 0, 0,  0, 1, 0, 0,  0, 0, 1, 0,  2252.34350586, 476.000549316, 251.344772339, 1]
id: 1293
company: Horny
waypoint1: [230, 800, 2260]
waypoint2: [3180, 850, 3030]
waypoint3: [-480, 730, 3500]
waypoint4: [1875.44,664.259,2003.93]
waypoint5: [3266.11,569.259,3254.45]
waypoint6: [1441.72,583.259,2006.66]
waypoint7: [127.608,557.759,3387.61]

object: ship3
matrix: [1, 0, 0, 0,  0, 1, 0, 0,  0, 0, 1, 0,  2187.86035156, 508.800537109, 532.505126953, 1]
id: 1294
company: Horny
waypoint1: [230, 800, 2260]
waypoint2: [3180, 850, 3030]
waypoint3: [-480, 730, 3500]
waypoint4: [1875.44,664.259,2003.93]
waypoint5: [3266.11,569.259,3254.45]
waypoint6: [1441.72,583.259,2006.66]
waypoint7: [127.608,557.759,3387.61]

